  0.00024373420872375  0.00058331511196693  0.00087316768363965  0.00111687975362015
  0.00133690692666740  0.00156906304702690  0.00184904611337617  0.00213990587571448
  0.00247426948730105  0.00286427492368024  0.00330092946935668  0.00375185210419134
  0.00421419223788269  0.00470400387405675  0.00519425322464885  0.00570138646059141
  0.00621110803611666  0.00677876973445975  0.00730265017666363  0.00783682791873015
  0.00836121732438640  0.00893175505187240  0.00957690506876663  0.01025707150094578
  0.01093929118258386  0.01159027117370020  0.01230398930677469  0.01308189778977028
  0.01395955794397540  0.01480782223227070  0.01565598678241996  0.01652071117480596
  0.01745421266865693  0.01841630114700284  0.01944391509673610  0.02054171406318327
  0.02160878263456076  0.02261633457376537  0.02359047313957895  0.02459052976977380
  0.02564634703126017  0.02675128288583589  0.02785632798100810  0.02893707732626886
  0.03010187093619979  0.03131765535518965  0.03261251788398852  0.03418700847234702
  0.03578374829291059  0.03726361964338717  0.03868047950248366  0.04007724131625362
  0.04147558537486236  0.04289009761053502  0.04434009960197218  0.04598870501223940
  0.04777202379953271  0.04951439625712059  0.05121264836792293  0.05292550324615981
  0.05468791215883910  0.05656426278638137  0.05818601972801276  0.05968473063836992
  0.06116783354172766  0.06270679267582206  0.06439789251054466  0.06609114607732962
  0.06780903362490232  0.06951357003062578  0.07121735314541518  0.07291693227074106
  0.07481118934253073  0.07679131263680758  0.07895816014338827  0.08177641189530224
  0.08547036910531219  0.08920457605800709  0.09276299989456793  0.09633832811180575
  0.10013073223024892  0.10406386692701666  0.10817432962849002  0.11404082346346693
  0.12256867981941252  0.13151515432417465  0.13780028308857517  0.14539930582130037
  0.15337711627829514  0.16031404536829702  0.16878111057963860  0.17866669457049275
  0.19153517595819339  0.20913852384706921  0.22125462725938955  1.00000000000000000
  0.00024723986901014  0.00027587200912378  0.00031556645785544  0.00035315324095866
  0.00038854446042010  0.00043956020331913  0.00048958570832863  0.00053791481290222
  0.00058489048176748  0.00064132733855673  0.00070877671234154  0.00077754966623189
  0.00084796045674914  0.00094645587423193  0.00105573281114747  0.00118720063693442
  0.00133902693762752  0.00151509414451376  0.00173027973379678  0.00198775584608475
  0.00227919065791265  0.00261209770408907  0.00297481863980922  0.00334544781521518
  0.00370716671596203  0.00407583033412661  0.00447754372490819  0.00492838068224495
  0.00540856934918448  0.00591414919862384  0.00644576324392136  0.00699857636396976
  0.00757819382379854  0.00818924901675700  0.00886598343138832  0.00965959015475596
  0.01051789391761472  0.01143108493403072  0.01232731245378140  0.01324393231645514
  0.01407003265922105  0.01480895446893506  0.01555993338806110  0.01639383137723092
  0.01731686221240862  0.01819503315327227  0.01910167306705150  0.02007574003387228
  0.02112360103601410  0.02223071257396524  0.02333640442809473  0.02440434325873979
  0.02549954298079565  0.02658400241153400  0.02764120143343915  0.02877410297685213
  0.03002062956188896  0.03146827765950665  0.03282799518671920  0.03430322603440871
  0.03607412224473103  0.03775671160306084  0.03926144813233644  0.04111144210211660
  0.04322354568715133  0.04561230853339651  0.04753445761564518  0.04959168098858972
  0.05184045865591180  0.05440410086925881  0.05710314347295364  0.05971382315830082
  0.06210031281660972  0.06456890957649079  0.06724103577592291  0.06986030487707898
  0.07270019176126680  0.07612994459176288  0.07956969860482255  0.08255577640666510
  0.08572531632118961  0.08931116543222395  0.09286554611026980  0.09663983763509505
  0.10092762048188661  0.10541090837298936  0.10865666730015518  0.11256914374103949
  0.11742289951760913  0.12343681721597502  0.13056927313851452  0.13647371722721810
  0.14147466710335271  0.20743468181325087  0.29381494757423632  1.00000000000000000
  0.00002126059707325  0.00020554593120204  0.00032114934707975  0.00038171835541490
  0.00042708885473713  0.00046847545031406  0.00051839667522167  0.00058350809522522
  0.00068321699463791  0.00080944513470497  0.00093964392293303  0.00108128720425183
  0.00126160694089218  0.00150749018039487  0.00178976520630733  0.00211134871890053
  0.00247408106530806  0.00287738030388585  0.00329619154497093  0.00376083364720706
  0.00427423039802791  0.00482993353381851  0.00541041966910466  0.00597870420149425
  0.00656893170208665  0.00720412316444690  0.00788806591902300  0.00863182531656853
  0.00941604560012638  0.01023531466586603  0.01109001127661192  0.01185649053198888
  0.01264573927538856  0.01343256123229945  0.01427164179151385  0.01520960399567020
  0.01618897613453576  0.01715094068024077  0.01810640694190551  0.01910733839069135
  0.02015331141784927  0.02121166401409370  0.02220024978390944  0.02318533793643853
  0.02420489650480328  0.02525717609645515  0.02629418106630297  0.02730343187679582
  0.02828974459313701  0.02931797246011212  0.03041947863292567  0.03155441636755519
  0.03268022003530544  0.03391459768839357  0.03536616888286536  0.03695027381897653
  0.03862450943422776  0.04058080550025902  0.04260794860588864  0.04478987466430914
  0.04665254785789293  0.04869974395788290  0.05074053609597328  0.05297452637725183
  0.05554170122138456  0.05829105743029761  0.06117423835927799  0.06415439274361526
  0.06707021208437666  0.06994746018386333  0.07342230892618803  0.07724704785022149
  0.08241058543514393  0.08782518531842516  0.09355341743793549  0.09912356783084468
  0.10393759665516637  0.10886160809469105  0.11390162747118186  0.11769106882147896
  0.12183337949370196  0.12620429799617017  0.13088724870090052  0.13605143983560924
  0.14172684646957520  0.14786249758533121  0.15561940558978382  0.16271832544418366
  0.16907646651530359  0.17504644746808620  0.18161270576409033  0.18848184026671841
  0.19728552333970928  0.20990081880180864  0.41772814368066419  1.00000000000000000
 -0.00252028086327885  0.01153746556405297  0.02287958399087985  0.03189616120081912
  0.04068240733407496  0.04844701110223563  0.05663753257222548  0.06530264828659386
  0.07491541614752475  0.08509930650676309  0.09475931180988650  0.10437464596494764
  0.11543372516219863  0.12649614057731662  0.13732706192697292  0.14691403191739388
  0.15631065567451780  0.16575820438524638  0.17531651752433583  0.18583607435845151
  0.19770707924942307  0.21028835875768828  0.22413047504546216  0.23800921220699522
  0.25153121680895368  0.26369292889429552  0.27530079108336708  0.28604967902907585
  0.29636436004604028  0.30616444493730910  0.31628755211382531  0.32747665895531153
  0.33924553153995474  0.34965062560951560  0.35890501852913953  0.36789337930861138
  0.37737183324247159  0.38674202821615394  0.39548777145313180  0.40540564366145387
  0.41474083052990163  0.42436823781285721  0.43366148832956825  0.44367203756314466
  0.45364460820582081  0.46396114153558510  0.47432550150770747  0.48536961961189556
  0.49651595356477407  0.50688347780440179  0.51656403005957241  0.52621509584617754
  0.53553488023614537  0.54540341579315077  0.55589444442800584  0.56747443331343084
  0.58029513634642416  0.59319674572205372  0.60558768927187578  0.61671771025397726
  0.62638501718762607  0.63539914116529195  0.64469533631823106  0.65484293020938378
  0.66503949427866782  0.67451397089756204  0.68363285642349791  0.69292502282875534
  0.70190188136092380  0.71219884322215510  0.72197541276457688  0.73288582679338143
  0.74315662915791458  0.75401519228499725  0.76534004905734998  0.77709930596417820
  0.78879226308454398  0.80001069870910180  0.81096557868799102  0.82158459240357284
  0.83199297658413862  0.84312274088248995  0.85481509904310016  0.86548513623347845
  0.87538727063304100  0.88670726646845732  0.89807145426592661  0.90984464169512924
  0.92173398635379478  0.93137267837207860  0.94236513501465091  0.95430578288990386
  0.96522050624695932  0.97703553882179228  0.98838262027103441  1.00000000000000000
 -0.00062941677406848  0.01184258333056056  0.01964980556425285  0.02529936183206266
  0.03001600132988823  0.03429351216660040  0.03824924553582948  0.04210759504459705
  0.04551427490459817  0.04889951000532531  0.05205702538441596  0.05502853912659660
  0.05794534343390997  0.06087041764201111  0.06354019971227153  0.06606985503136913
  0.06855624028432028  0.07113583147942118  0.07390165721191022  0.07663772390910038
  0.07927750038968667  0.08174037091585108  0.08406516728131420  0.08645818012575848
  0.08869141403611301  0.09109544523147807  0.09350677291428522  0.09582556398889881
  0.09829463656793261  0.10036839032990771  0.10240505413075297  0.10446910171815686
  0.10622516939005480  0.10827133592359940  0.11043024949725266  0.11244215328586797
  0.11430541679180871  0.11624405914838321  0.11842155320072710  0.12085620363254093
  0.12310920965530345  0.12518956876716011  0.12718264099046364  0.12915868885739046
  0.13119545921786424  0.13312835808297735  0.13525218566515315  0.13731769816418596
  0.13956810781489770  0.14161945098050335  0.14368211087865887  0.14598053261395386
  0.14866279112651101  0.15109385114513843  0.15320921690390041  0.15520585934125455
  0.15716942065304937  0.15923586938612383  0.16151532441665442  0.16381899129565236
  0.16654285881155334  0.16968523733857507  0.17274867183602002  0.17558241262385682
  0.17825720265462944  0.18100373380968199  0.18374453851708422  0.18659744661633149
  0.18996291377570804  0.19378953009277328  0.19770391256112166  0.20120761810324420
  0.20441575054061170  0.20761965817375894  0.21105074519991981  0.21490439355903104
  0.21871149764090497  0.22234304555501333  0.22604182026549732  0.23001478938252970
  0.23434764443722972  0.23822758380030082  0.24186649672822444  0.24809561175569345
  0.25506878587864101  0.25966227895627608  0.26382493025444115  0.26764332155852877
  0.27240178386909253  0.27890891384729832  0.28747377326725942  0.29541682869022878
  0.34139539100355354  0.40616280266774746  0.48240657511370871  1.00000000000000000
 -0.00201367199781247  0.00882090189146912  0.01775713401645993  0.02715262530558924
  0.03687046356216824  0.04754668868617887  0.05854324791690097  0.06927479806008963
  0.07989452503471987  0.09020061938808256  0.10041080693439718  0.11036420283751951
  0.12061299052052259  0.13188305543522411  0.14317829302755103  0.15424587062666073
  0.16472459731466788  0.17530969750038128  0.18652904133842291  0.19797789314103301
  0.21002328441549151  0.22176894601800612  0.23237647934683511  0.24274541862376295
  0.25287757764810698  0.26334560451644817  0.27444575371119395  0.28600372341937697
  0.29796082850438149  0.30884283635927573  0.31909127719906905  0.32949779090502546
  0.33970368401702128  0.34972619489665951  0.36000057644117645  0.37017957842137750
  0.37952455550856345  0.38829943053016280  0.39678237298962943  0.40642112956333892
  0.41690976831840643  0.42695650502123522  0.43710020856823006  0.44790387890691447
  0.45969277844541001  0.47138075863570911  0.48257963998145731  0.49309601340759202
  0.50370044063133912  0.51419868124383372  0.52467558893039334  0.53547157708125592
  0.54662194895903737  0.55736665081512404  0.56670365571238457  0.57501688693274189
  0.58429793948725539  0.59453933120504421  0.60495705044911563  0.61481405297124370
  0.62360163909849753  0.63286648730865225  0.64271886930322852  0.65282376663738340
  0.66294740442043276  0.67289831721583437  0.68320866325314822  0.69315265968157258
  0.70329788658810000  0.71336324074726920  0.72359540172866343  0.73341368817620201
  0.74345442295912800  0.75348278189815043  0.76358044263202118  0.77296111789481281
  0.78150615911841015  0.79103349932116840  0.80095758525668981  0.81117876890073137
  0.82099497027546164  0.83120523152802583  0.84225383351358463  0.85313763956155630
  0.86442607894899592  0.87560628525982198  0.88717581876990015  0.89874518312179696
  0.91097560613282724  0.92337552329097072  0.93608811164166361  0.94948192140736198
  0.96170871625102827  0.97446856029127615  0.98651624426395712  1.00000000000000000
 -0.00073866135255431  0.00231117834631449  0.00436329586878682  0.00612793561046008
  0.00776239465754625  0.00935209329173419  0.01091804169429543  0.01244939447633586
  0.01393709301396956  0.01539923941683502  0.01670600675593165  0.01803613277533829
  0.01936403268483609  0.02062908768309327  0.02185301031027034  0.02307048575282869
  0.02430360199039861  0.02555530265350909  0.02686517598528113  0.02824968927557202
  0.02965534947572300  0.03105606088584672  0.03248579416895057  0.03383452775720237
  0.03520177366356361  0.03659819841016067  0.03807922160073844  0.03959175432477324
  0.04102782375627489  0.04244037991174336  0.04383426874253833  0.04520844025226781
  0.04661292229413378  0.04796860012032023  0.04933551698600211  0.05069789041021175
  0.05215079946144027  0.05361769881104950  0.05503191863196519  0.05642165454564274
  0.05784166318072616  0.05935904457990600  0.06095687889094451  0.06262364566053998
  0.06432364777794046  0.06603590285182115  0.06780749291101368  0.06973234368553315
  0.07175890272267030  0.07368922280754066  0.07549859552733418  0.07725058226576187
  0.07900662382927197  0.08069133308070874  0.08228336104788694  0.08405693436311409
  0.08601981150177493  0.08814535757875100  0.09026584993165487  0.09235904130484562
  0.09482439440686991  0.09714373133184508  0.09962473476717854  0.10280819051704360
  0.10586132438226811  0.10794875272844894  0.10961179830693710  0.11136570501672934
  0.11288451043683523  0.11423945402466319  0.11557342961297845  0.11680686898443599
  0.11827704405794540  0.12043935087495508  0.12262551134642401  0.12443938324787374
  0.12620799649508385  0.12752266688098995  0.12949972270397656  0.13193179976134839
  0.13425842917062486  0.13710855121552559  0.13960288631597054  0.14189697219838326
  0.14332980684475671  0.14483950001411264  0.14654888633381788  0.15269174950259415
  0.15751316916777436  0.16109898761813396  0.16353976788027258  0.16600786381397334
  0.16871212011160669  0.17415171296316512  0.45523533943278244  1.00000000000000000
 -0.00181615165774808  0.00767469341065514  0.01697178206179574  0.02742571260459473
  0.03921020132674451  0.05089329107198713  0.06172376827686231  0.07195715685572304
  0.08163397466151980  0.09151822004475194  0.10149135254385225  0.11101200167437915
  0.12006905038102390  0.12876336285000592  0.13743876025946766  0.14612480425923213
  0.15516684690984228  0.16457079630318619  0.17420718459257342  0.18381183649709598
  0.19323026311832145  0.20255317205649623  0.21225416282298382  0.22236345354615245
  0.23248814000546847  0.24288690869151536  0.25391926430961642  0.26501325711982010
  0.27558560913293767  0.28563474478120460  0.29577538104267159  0.30641134951473809
  0.31711815225242856  0.32785224235758981  0.33889246214877516  0.34982529957817265
  0.36098519743457552  0.37200587647998318  0.38551999396437764  0.39836135426143093
  0.41121097732648126  0.42365867664806445  0.43585704627171268  0.44779670762264762
  0.45962155852962222  0.47095110962623765  0.48228264559107797  0.49438221027395840
  0.50670258702200088  0.51921389103776383  0.53153094907592835  0.54419122003149301
  0.55608142154284723  0.56728452290098741  0.57863057015888930  0.59009119451453484
  0.60147819357750365  0.61300342576636857  0.62420550235492811  0.63588259764041688
  0.64680084638187219  0.65723597537962153  0.66752820049843475  0.67750424776209650
  0.68712092465812646  0.69658528406852893  0.70608186679662144  0.71641786232379967
  0.72811297945783071  0.74029711160544776  0.75240572583978282  0.76498976276100494
  0.77804961438200315  0.79160881789785931  0.80404829712065917  0.81486272227610523
  0.82449532207622400  0.83396014833881726  0.84282162030923280  0.85143571856977074
  0.86001792615771988  0.86976906214642091  0.87967907678004420  0.89007021611412085
  0.89904988223335913  0.90890766758073926  0.91813385185422047  0.92849995680697384
  0.93833953599463693  0.94782042952933576  0.95731877715258606  0.96595833453841340
  0.97444664858729246  0.98242045846193349  0.99094946233984904  1.00000000000000000
 -0.01305719094683257  0.46467193245154126  0.56873105144785696  0.62582768845878944
  0.66404710085324414  0.69317196214479460  0.71737513402350417  0.73776426572605369
  0.75524446199794715  0.77006054114911915  0.78318211560585771  0.79507765110945194
  0.80589926248240706  0.81550595800174797  0.82387861720008992  0.83162530292361247
  0.83911253371775774  0.84575987300498068  0.85193504978168888  0.85737463653120538
  0.86257585022694416  0.86787386693430446  0.87302009884259091  0.87759303706520386
  0.88131670715275401  0.88482208290791908  0.88825017648100724  0.89194318866386091
  0.89570490571909711  0.89903237935698599  0.90206047350693597  0.90491442719244419
  0.90778840702637764  0.91070547359439846  0.91351943093691967  0.91618889741842569
  0.91838903749231815  0.92042061989229906  0.92254047042654719  0.92468510503095735
  0.92688060953806184  0.92912299347972938  0.93122400849150999  0.93326959054704028
  0.93522687811119332  0.93716925033727316  0.93876106500945555  0.94030798326975851
  0.94187418507996956  0.94341462268830523  0.94492368919835890  0.94644472810386382
  0.94794011591057237  0.94939670145877553  0.95073467972684234  0.95200341668303468
  0.95321895542776991  0.95440398067609644  0.95557568799780135  0.95674375059534034
  0.95798822128733974  0.95915148345295487  0.96026055910340236  0.96131722798550645
  0.96231909922304149  0.96328855442327999  0.96423614229707333  0.96513791489901657
  0.96603496038302161  0.96697724408720342  0.96796050720382354  0.96904591762804493
  0.97014351937811172  0.97119354391789303  0.97223688654456641  0.97319787179052186
  0.97417829940835676  0.97514164463551145  0.97607536491855884  0.97698380603548929
  0.97791297592476423  0.97884815019391669  0.97980301474225995  0.98081749539857532
  0.98176147844115713  0.98272485675667431  0.98371088254638583  0.98467531173000999
  0.98572619372453640  0.98680545025886357  0.98797153829617712  0.98927856485067311
  0.99076574809899343  0.99248365808837424  0.99496725734903813  1.00000000000000000
   7.4932503155823015E-019  -1.0000000000000000     
 F F F F F F F F F F F F F F F F F F F F F F F F F F F F F F F F
  <DiscreteSampler_grid>
  grouped_processes
  1 # 1 for a reference and 2 for a running grid.
  10 # Attribute 'min_bin_probing_points' of the grid.
  1 # Attribute 'grid_mode' of the grid. 1=='default',2=='initialization'
  0.0000000000000000 # Attribute 'small_contrib_threshold' of the grid.
  0.5000000000000000 # Attribute 'damping_power' of the grid.
 # binID   n_entries weight   weight_sqr   abs_weight
    10   10   8.757073726327241E-013   1.492190290351791E-024   8.757073726327241E-013
  </DiscreteSampler_grid>
