  0.00000285982453953  0.00000392539675273  0.00000509870392896  0.00000611241230538
  0.00000705156419029  0.00000808977390156  0.00000930321698920  0.00001042484537834
  0.00001149800741379  0.00001252044235552  0.00001365104861329  0.00001485627436890
  0.00001613671867814  0.00001719818255646  0.00001845327564207  0.00002000915504402
  0.00002170983402656  0.00002381683795371  0.00002625426185102  0.00002854940966153
  0.00003078392425607  0.00003310595251080  0.00003569318690860  0.00003857259973319
  0.00004145831358911  0.00004430869813192  0.00004730704039164  0.00005003266319615
  0.00005326210351649  0.00005658330388261  0.00006031654989976  0.00006463519598540
  0.00006970575139588  0.00007459920405434  0.00007947878573658  0.00008440237479925
  0.00008916270034752  0.00009447760116903  0.00010072701667188  0.00010719141998203
  0.00011387745386420  0.00012056368673593  0.00012788245229926  0.00013626249513738
  0.00014331023528711  0.00014891544056214  0.00015460040826375  0.00016061804326489
  0.00016655740499952  0.00017452949506176  0.00018609776663783  0.00020057369841634
  0.00021768252756980  0.00023701917543695  0.00025759318383084  0.00027879012305475
  0.00030044534757957  0.00032365786965299  0.00035034449061705  0.00038023972007559
  0.00041292420356645  0.00044626330621470  0.00048077871712959  0.00051385368469169
  0.00054501682134960  0.00057739316227453  0.00061390418587938  0.00066023613583486
  0.00071074195186660  0.00076216731818285  0.00082491562641941  0.00090950349490830
  0.00101177498989855  0.00111329861405239  0.00121335263902796  0.00132531118593081
  0.00146847595958540  0.00165572881579703  0.00184777619355175  0.00205032781424751
  0.00226946321701100  0.00252779520725927  0.00286014967927299  0.00327305678113464
  0.00378274670110310  0.00447159778473589  0.00534482997579718  0.00659523487150771
  0.00870605229123920  0.01139317962187968  0.01639400091436951  0.02582824285263274
  0.04350165930681732  0.07862081593662409  0.15161400264439132  1.00000000000000000
  0.00000255411572424  0.00000260358863066  0.00000266031045579  0.00000273032161910
  0.00000280199048770  0.00000287700854551  0.00000296037724544  0.00000304183020905
  0.00000315667289643  0.00000328418753264  0.00000344148285619  0.00000362006910640
  0.00000379433788442  0.00000397124786392  0.00000414272138302  0.00000431393915872
  0.00000448521092043  0.00000466951980729  0.00000487208816868  0.00000508456009153
  0.00000533356017229  0.00000562387532330  0.00000595778231219  0.00000638885584680
  0.00000685756966533  0.00000735337414499  0.00000793582106274  0.00000860280830267
  0.00000934501501405  0.00001020765821468  0.00001141243988639  0.00001253963753814
  0.00001362746905303  0.00001477647192841  0.00001606499500763  0.00001756705876941
  0.00001909014839483  0.00002063825504242  0.00002233626340814  0.00002419725000079
  0.00002641861243501  0.00002932569196133  0.00003210342219263  0.00003475733149649
  0.00003721675915430  0.00003966895333167  0.00004251992220882  0.00004605867818790
  0.00005080340337588  0.00005654674331075  0.00006268331407458  0.00006983948235374
  0.00007770330628103  0.00008588003849124  0.00009431869189146  0.00010292714754400
  0.00011116226863767  0.00011906231443805  0.00012753053932658  0.00013759902855696
  0.00014979876979516  0.00016299567242156  0.00017877318721837  0.00019864210357604
  0.00022664970083036  0.00026333328560224  0.00031058363962207  0.00036190529150609
  0.00041113079443392  0.00046797917588112  0.00053049065259236  0.00060194361629755
  0.00069057136740377  0.00080352019551797  0.00094888774180631  0.00111644699179395
  0.00129127039397596  0.00146406607649475  0.00164122757641243  0.00187085212439964
  0.00216287708678260  0.00249999062244987  0.00281641424980968  0.00323469275510706
  0.00380014835880656  0.00460750629217202  0.00592074495690365  0.00820548948543128
  0.01119048970107643  0.01452105413897995  0.01875445941009862  0.02632473990656697
  0.04075801611220506  0.05712484660851683  0.16788672982735009  1.00000000000000000
  0.00005455233903824  0.00026926339219651  0.00046114888671213  0.00062831239791832
  0.00079227471705474  0.00094686816692219  0.00111305719774562  0.00130479511951895
  0.00151871669538470  0.00174300160195400  0.00197772577426421  0.00217828709786951
  0.00241024778025715  0.00266683499702366  0.00296660910901189  0.00326505439068930
  0.00354471242597029  0.00382075862579756  0.00411214621851957  0.00440408465196347
  0.00468312030192068  0.00495276706841037  0.00524777630501542  0.00557902499022766
  0.00594376848663264  0.00635863594533585  0.00671393206834054  0.00707710298824806
  0.00746547993979276  0.00789177499915501  0.00837622543657657  0.00889470621722421
  0.00942969322690114  0.01001824880149519  0.01067161918769383  0.01136064529230201
  0.01199633121270713  0.01261279541015364  0.01322212225944589  0.01385716741986444
  0.01451010124792280  0.01518612425322286  0.01600946091496368  0.01691538640687414
  0.01766578999572112  0.01823264955979102  0.01875682216981137  0.01931743884770841
  0.01985367995892732  0.02033782881050352  0.02075376812689467  0.02110164978028527
  0.02149783875989456  0.02201586191319256  0.02263058745689390  0.02332169257545177
  0.02409967207272002  0.02494190982875561  0.02581017759083917  0.02676190229335762
  0.02787609603734882  0.02929231294192683  0.03043148905538282  0.03183318343002550
  0.03311245106818445  0.03448510112366741  0.03558865445013958  0.03675458735716097
  0.03786841709824752  0.03889245756268959  0.04015423740529694  0.04152246487242155
  0.04308950770090288  0.04471986904072761  0.04689643884951617  0.04932043532032521
  0.05168490921183851  0.05383977479078719  0.05581245255836314  0.05703331829139284
  0.05851931581480891  0.06354554371782309  0.06941407191011412  0.07558447937960813
  0.08310673014196827  0.09186345450355057  0.10102117566545021  0.11153899977549224
  0.12312138875977433  0.12853600183475200  0.13615676714370098  0.14156631716702026
  0.14640160227929760  0.15149707166581944  0.16150133161721555  1.00000000000000000
 -0.00106513938116080  0.00717483126559181  0.01507514131806533  0.02199481301812811
  0.02891956675572773  0.03913012866067386  0.05193166352118118  0.06531997092391005
  0.07776677675256256  0.08807329377434786  0.09682612558427857  0.10647303112376071
  0.11623953710724315  0.12607354016795677  0.13583489595839832  0.14547637980532879
  0.15555264429331894  0.16556625633142169  0.17453923708575336  0.18354916542217037
  0.19160475164564608  0.19907153178867093  0.20768436670917195  0.21888262485292015
  0.23420375513344774  0.25162401978363141  0.26725939620360500  0.28086395176154649
  0.29216649809457396  0.30244412530271025  0.31316057457264268  0.32491938661160336
  0.33766825494250263  0.34921071028738554  0.36160569706789891  0.37528907332356271
  0.38638054211980971  0.39487729646484598  0.40380704403189238  0.41314900478071503
  0.42433283470635835  0.43579913505902695  0.44778486337170703  0.46095147425653182
  0.47510053266597124  0.48876834479897402  0.50192181824892590  0.51492715258807620
  0.52815068576172519  0.54033989819062367  0.55076822511311652  0.56101929767770431
  0.57087740145943333  0.58396773539287050  0.59839246550349123  0.61223988384533778
  0.62117801330664291  0.63049885837235742  0.63830848905342241  0.64759829045309270
  0.65727025379899873  0.66907672967836851  0.68236015630694036  0.69492543043028099
  0.70524479808176577  0.71371789696260557  0.72106553005528184  0.72893215189486538
  0.73842722298611929  0.74903815852748445  0.75966710401426696  0.77029893627899526
  0.78234471994241273  0.79298382231449072  0.80145023955962202  0.80923051580278349
  0.81625930591203899  0.82375393296420740  0.83089988579797036  0.83771191574267068
  0.84452914673511670  0.85449795021209285  0.86383504828543711  0.87296948906967742
  0.88259786935609696  0.89378207208859073  0.90647773972265266  0.91818437725999602
  0.92882480549242086  0.93866149948132027  0.94810139745913380  0.95788880514594643
  0.96851716367981633  0.97921593821326014  0.98957020934606466  1.00000000000000000
  0.00354499515297747  0.02689874057094236  0.04254701094886751  0.05396338413682944
  0.06345365431889720  0.07173563485038842  0.07951120599058062  0.08677689717579908
  0.09321528225007544  0.09916629500472762  0.10490762877600303  0.11064267714576526
  0.11668392534372128  0.12269826304246303  0.12835959121659038  0.13410397460714085
  0.13985709156528728  0.14506804674145471  0.14985074307945723  0.15434042957923649
  0.15909787831249156  0.16465315488587087  0.16909506277490902  0.17287334884138925
  0.17634844582036466  0.17928447326673200  0.18200264928704765  0.18439821462015402
  0.18687883999782609  0.18932956262148140  0.19214110837673332  0.19581094228616294
  0.19946781730862129  0.20242600856636880  0.20519567090918600  0.20807373610345356
  0.21090637296381326  0.21303238950755130  0.21526255042842268  0.21770319113183301
  0.21935026513492392  0.22114549639172237  0.22281750344471976  0.22431466735262415
  0.22577127382064296  0.22778575188264055  0.23103495080789385  0.23581381272406235
  0.24033196951386074  0.24470429510891353  0.24899128934498882  0.25313981190925544
  0.25682656450141927  0.26022640921692725  0.26367131540038263  0.26675161627190813
  0.26974442166556917  0.27171390077575847  0.27380237230308729  0.27635510346418302
  0.28014557541506335  0.28576160955208663  0.28814807851831203  0.29067338218381850
  0.29414037600605475  0.29682036614784263  0.29872903149802865  0.30099634473908959
  0.30381232792266877  0.30722111345621667  0.31094689847392781  0.31651562738140976
  0.32297200775005103  0.33043046488290645  0.33985274736636906  0.34520123489134330
  0.34837743017278816  0.35058188500391319  0.35313924879097536  0.35595772920330659
  0.35863170387875593  0.36570140257163669  0.37712379086902376  0.38617959817403175
  0.40007395318959343  0.41412229240082332  0.42592853202443193  0.43798089556983827
  0.45222535771576555  0.47399546207781074  0.49798261423582946  0.54215371019981429
  0.59665207070183812  0.67727476814623855  0.75789746559064131  1.00000000000000000
 -0.00247724824844335  0.00793502853015721  0.01797115264574729  0.02749632698602361
  0.03713587518862339  0.04857611351974966  0.05996255258160114  0.07024804619084751
  0.08031804558846106  0.09012402430201219  0.09995057476997389  0.11058573736897433
  0.12149888843215076  0.13107014549136412  0.14053004697468441  0.15021089222356476
  0.16117810226020043  0.17336293081223431  0.18442232420532131  0.19535644194529392
  0.20603856533241532  0.21677293447907311  0.22728024132878921  0.23678735549939606
  0.24591529511111554  0.25542587029683467  0.26552865841535517  0.27596716787482495
  0.28528496804203785  0.29465234345113084  0.30515419141862232  0.31731789003435140
  0.32885645874403374  0.33929215661929607  0.34971313657534486  0.36032961987916101
  0.37213952877269479  0.38427902820174692  0.39442828682127434  0.40562138369008655
  0.41898410495254990  0.43393773550937359  0.44737677352879163  0.45873452445342977
  0.46975832674388723  0.48234285577552882  0.49699968741486378  0.51158855811657022
  0.52316768084213550  0.53313451987651250  0.54266336238455315  0.55250450464567924
  0.56447486505963440  0.57783010155473402  0.59074904620545687  0.60269831596967371
  0.61589864567644226  0.62921360631249545  0.64399573352395023  0.65733581558515852
  0.67034595641955208  0.68041225754947599  0.68895407506904605  0.69675091770979369
  0.70434527843535599  0.71175593475086585  0.71940818270682627  0.72680878726157827
  0.73706058023368548  0.74973918930010008  0.76260384698324668  0.77463230280959550
  0.78839749704865214  0.80086168903657795  0.81139853037128473  0.82083836839895130
  0.82970742036533718  0.83826841408463426  0.84527423683871905  0.85055563534797418
  0.85796844094352254  0.86728883472991092  0.87802703766560564  0.88901710058920413
  0.89958122846767563  0.90840967338562173  0.91771326982972690  0.92826429859612392
  0.93851905170311312  0.94826584634455868  0.95640099550075930  0.96435871924376881
  0.97225332646047880  0.98080922568985596  0.98996506879921564  1.00000000000000000
  0.00596900838485798  0.00715608681284643  0.01044572337494259  0.01344785409955413
  0.01614573971561165  0.01861813501473570  0.02092348987838157  0.02313415207297339
  0.02504060490427476  0.02692572935564623  0.02884103757572255  0.03071306198836157
  0.03245668594269988  0.03420619313599173  0.03586881691519803  0.03763246910779409
  0.03913260054135384  0.04052762034497901  0.04192780411060323  0.04336449553947445
  0.04488787222184350  0.04642494795841930  0.04801034932396200  0.04950774744903551
  0.05127162125683387  0.05309127871638867  0.05511339553235430  0.05712387070648701
  0.05914482976257112  0.06139141884968000  0.06403115558983190  0.06677674084579353
  0.06936478673455879  0.07183500849188083  0.07431004515600469  0.07693111574164639
  0.07973579324492983  0.08248559882822191  0.08437415017639192  0.08598931389152892
  0.08749924442580670  0.08903948413322532  0.09055184609263643  0.09197170685521844
  0.09355088705408302  0.09538508325587459  0.09725020972412925  0.09908823498011296
  0.10145267739789504  0.10387983965773678  0.10591769154418380  0.10793715098249779
  0.11018740149400905  0.11257046494320423  0.11565772551127336  0.11841060562314018
  0.12090424121527801  0.12343224560010317  0.12618261771802247  0.12956650625145186
  0.13300505470417592  0.13619608836024855  0.13929276751706013  0.14220797221564596
  0.14338718544642839  0.14454009740914447  0.14572068802973029  0.14705731391388685
  0.14931374090550906  0.15162195381057419  0.15398665392264058  0.15813078055067106
  0.16242190020055039  0.16646073089411889  0.17004867702845716  0.17331489300569877
  0.17651301579978668  0.18001251487473746  0.18576803152864391  0.19456408580762713
  0.20342221841717925  0.20730048913600757  0.21065713484792417  0.21480469307622263
  0.21770279090864963  0.21987900343479991  0.22178921138270466  0.22365436829811028
  0.22608829511399076  0.22939607689794111  0.23248734944654864  0.23823256997878051
  0.24718366039594133  0.26822816217932471  0.45965567782323291  1.00000000000000000
 -0.00319576663804115  0.00906866493986875  0.02040228543452913  0.03119456146254617
  0.04139586275469577  0.05160804273124421  0.06094261148320486  0.06934588091820157
  0.07715085882170608  0.08500765195644519  0.09356665588442135  0.10334687846433672
  0.11486041369111780  0.12746155623340938  0.14097198657202470  0.15474546161790501
  0.16932969530446773  0.18257608077566603  0.19453104763874332  0.20575480167627663
  0.21921316105863950  0.23165071861647110  0.24280380611139654  0.25484732715104519
  0.26868839267860123  0.28197876956234996  0.29398014806857220  0.30688025588905188
  0.31985191136195729  0.33287383933134113  0.34519986838964523  0.35643449917501729
  0.36708690402708599  0.37946715581127344  0.39072889876432837  0.40034312431850511
  0.41009866419940438  0.41888125911923224  0.42927025128313262  0.43877372231980921
  0.44629679855312782  0.45466747956681997  0.46410434573675108  0.47276201912255061
  0.48168336637884507  0.49146019650582501  0.50405430346932634  0.51646739438007949
  0.52719292214349456  0.53743284121611590  0.54771998271701150  0.55941140210981788
  0.56958734792568189  0.57816756303005157  0.58699053334345697  0.59597442840314530
  0.60671374987009674  0.61752568549131093  0.62796981401783536  0.63882946832931997
  0.64986130442160328  0.66049256493266761  0.67077472093190904  0.68089255668089055
  0.69105097336186416  0.70163780245486962  0.71255224517579352  0.72387605118009124
  0.73740351178438412  0.75268155076961996  0.76694196117851821  0.77817987024294766
  0.78864150140871370  0.79797846905988545  0.80400465484040606  0.80943016652802779
  0.81521224706114270  0.82256015887433087  0.82959222595197302  0.83794608320897412
  0.84796744692262338  0.85831816362484903  0.86878304578644328  0.87928824069978340
  0.88932547662239358  0.89883882638368839  0.90789046089165581  0.91638585195532463
  0.92436312167384127  0.93273021287729874  0.94161742667017678  0.95260349421763912
  0.96389345356711131  0.97611365189974908  0.98749782072407188  1.00000000000000000
  0.00576511434150128  0.21717028903888927  0.31445949736164386  0.38041732488578078
  0.43437237722273098  0.47510254416219971  0.51505700959241785  0.54800212952709626
  0.57846493329651327  0.60789925394589606  0.63251762853963756  0.65421367982367307
  0.67276648828778041  0.68852840077472466  0.70241479994645251  0.71500887297464810
  0.72855164938789085  0.74203456657163103  0.75434874548965758  0.76573179150475268
  0.77635589886262624  0.78697538637761333  0.79673621295974928  0.80521975722130423
  0.81303261843566665  0.82068133704978607  0.82809024265485065  0.83559729348625311
  0.84288123096810341  0.84999923401872346  0.85652030579172200  0.86219506632008480
  0.86748854909547157  0.87255264560218659  0.87736674431240136  0.88149391886279105
  0.88528674248657757  0.88893733554100318  0.89283064969097492  0.89678748864061830
  0.90061427150819362  0.90413487729585640  0.90724506556505702  0.91018920219937860
  0.91323129503960920  0.91615426236577724  0.91887785086835949  0.92151570887289136
  0.92427851563314067  0.92723306158354857  0.93019905356058996  0.93281767674043925
  0.93527641105019088  0.93756876539812928  0.93975642478125854  0.94186909138207819
  0.94385187344407195  0.94592236312086664  0.94792349806036802  0.94980042718807134
  0.95140265337969310  0.95296326386616759  0.95448555522390133  0.95595202585742212
  0.95767337279283704  0.95937782815678085  0.96089846649263455  0.96233840952664140
  0.96382209052824275  0.96542407651040929  0.96686770605110839  0.96832953239447361
  0.96988696739013835  0.97158168624295460  0.97290805695856841  0.97415193543929957
  0.97524707221865936  0.97622484280515465  0.97723045341979620  0.97818545668840695
  0.97913668797625164  0.98019415558694289  0.98117261951220780  0.98212730217939515
  0.98307045828021367  0.98403228474808990  0.98507577510087085  0.98619309381556397
  0.98737897957358356  0.98873388654343486  0.99036763377567139  0.99207111297660011
  0.99365583969895510  0.99554845033196804  0.99760897544258653  1.00000000000000000
   1.6962233214118661E-010  -1.0000000000000000     
 F F F F F F F F F F F F F F F F F F F F F F F F F F F F F F F F
  <DiscreteSampler_grid>
  grouped_processes
  1 # 1 for a reference and 2 for a running grid.
  10 # Attribute 'min_bin_probing_points' of the grid.
  1 # Attribute 'grid_mode' of the grid. 1=='default',2=='initialization'
  0.0000000000000000 # Attribute 'small_contrib_threshold' of the grid.
  0.5000000000000000 # Attribute 'damping_power' of the grid.
 # binID   n_entries weight   weight_sqr   abs_weight
    10   10   1.178659146489008E-001   3.697485542346024E-002   1.178659146489008E-001
  </DiscreteSampler_grid>
