  0.00191924969968923  0.00357130521026200  0.00458145588267908  0.00542830430957246
  0.00622321750011940  0.00705237636781252  0.00793404304307531  0.00877503937153645
  0.00951662014687623  0.01030463153129192  0.01116350902813243  0.01217140440155646
  0.01318812023786305  0.01422708444434128  0.01534046575982637  0.01652992667100654
  0.01776793424395382  0.01893546299959953  0.02002295887697418  0.02110674396252522
  0.02235135495112802  0.02365118683463856  0.02500078990645335  0.02623943572745875
  0.02729675037137445  0.02838362251004662  0.02960608945583490  0.03075479793690952
  0.03198603397260251  0.03341745236429827  0.03488219667499116  0.03637066850393745
  0.03770167932539731  0.03886280893155750  0.03978277084753749  0.04056074676522384
  0.04131999672717009  0.04215467621989769  0.04307492393690383  0.04402832905993630
  0.04498520696188585  0.04597257586881841  0.04698779592322289  0.04800220742326766
  0.04900116780808779  0.05007368269756204  0.05148140467784153  0.05298930814012434
  0.05450499492192042  0.05628678699576761  0.05869554092958495  0.06121580940053385
  0.06384377083787492  0.06567560573584222  0.06715192285465393  0.06830156158817219
  0.06933238204288711  0.07035681767958427  0.07136278275444270  0.07241630577117299
  0.07358828201901477  0.07491822671172468  0.07623394793301880  0.07742647198489078
  0.07865462461049835  0.07989410802869415  0.08148213920848563  0.08331683569208774
  0.08535172819141146  0.08711673860823366  0.08859452469599566  0.09025982194618702
  0.09198693178153128  0.09415505399055846  0.09663154669509418  0.09922684295911968
  0.10278170427639817  0.10622377340608023  0.10894676219503902  0.11211110420156890
  0.11567250755216121  0.11957732677165317  0.12478321940498149  0.13147002530335031
  0.13940107570162796  0.14841035212959086  0.16127248240587888  0.17138211480003737
  0.17799530573683525  0.18547275719482034  0.19460444102646235  0.21099861256849203
  0.23520929233644505  0.26044189692319891  0.29970560446624489  1.00000000000000000
  0.00036442206488629  0.00041550026211910  0.00046340695299540  0.00051874830939226
  0.00059507178835656  0.00068564454548250  0.00080493785148923  0.00095028203435269
  0.00105727407813611  0.00115803716859938  0.00129527673840326  0.00145670304848240
  0.00163546183074479  0.00183066446668525  0.00207980480627780  0.00228186296544042
  0.00249740966127449  0.00276908535750061  0.00315963552522097  0.00362476554982570
  0.00406160742096409  0.00444656454635064  0.00484917985173698  0.00533114031650693
  0.00578611622334002  0.00624917737664833  0.00673702467612777  0.00727389903615795
  0.00786551013837952  0.00843815361496450  0.00905661796831719  0.00960913018950384
  0.01023517533261592  0.01091561725472768  0.01174073237071200  0.01256267557768568
  0.01344564009344723  0.01440893093773847  0.01537657320649100  0.01635060015567267
  0.01739268220093963  0.01845884356662690  0.01937123222911451  0.02005375352947567
  0.02074142128910467  0.02143597479845972  0.02208123336364496  0.02272180605425620
  0.02338799187026747  0.02398416692366444  0.02493966464973151  0.02617381284803903
  0.02754942897083284  0.02886545391019178  0.03011495515392163  0.03132579210325550
  0.03253865154173066  0.03388030023261249  0.03509243742418008  0.03645156771105629
  0.03796642395051667  0.03966185646912438  0.04148761842088201  0.04309418383443072
  0.04405206857951662  0.04515724866335814  0.04651047848120942  0.04791143796739619
  0.04928159907608059  0.05062980570155858  0.05195395721164864  0.05317601146076276
  0.05491326078950039  0.05872028645880847  0.06353593978548071  0.06792599065801981
  0.07122015482298011  0.07500723470373130  0.07830054079981469  0.08069014212002729
  0.08398988417581398  0.08728342542698700  0.09029829810129784  0.09413611016171952
  0.09998932277246994  0.10618304807943582  0.11738474271314500  0.12666638423382215
  0.13456281618530791  0.14366954394588463  0.15463063194622456  0.17047123012146237
  0.19049398442165982  0.21061913066888166  0.42377829651750953  1.00000000000000000
  0.00000266672801835  0.00000352917960533  0.00000404009691362  0.00000456621644875
  0.00000521296383637  0.00000602812426136  0.00000708153100753  0.00000843366337521
  0.00000971979594425  0.00001087793659651  0.00001211655105790  0.00001357933673064
  0.00001548533774855  0.00001763461260388  0.00001957436298712  0.00002137164025547
  0.00002343518277786  0.00002555612765691  0.00002860367871864  0.00003207041776534
  0.00003640682039463  0.00004085605643810  0.00004540076920933  0.00005026796785060
  0.00005551227960909  0.00006107233121618  0.00006690063197523  0.00007242983956816
  0.00007760697091130  0.00008269239038332  0.00008843743477738  0.00009546675309332
  0.00010139091760225  0.00010765491224726  0.00011528203384723  0.00012397581479676
  0.00013178564065191  0.00013963266412314  0.00014841915828464  0.00015874812548206
  0.00017106845223347  0.00018463581747075  0.00019890044808335  0.00021398872069815
  0.00023040520379390  0.00024938599644256  0.00027450635648571  0.00030070033852253
  0.00032707843806477  0.00035231737547786  0.00037578827086378  0.00040212916287333
  0.00043077933601575  0.00045940722706915  0.00048342344781765  0.00050542509439359
  0.00053137764586938  0.00055767115566662  0.00058942851326709  0.00061990971435063
  0.00065061853050802  0.00068634082839391  0.00073011862276630  0.00078862270488120
  0.00086236684352729  0.00094979418572770  0.00104931736798936  0.00116028697808817
  0.00128212800114564  0.00141182218743700  0.00153177589872330  0.00165387792282069
  0.00177983229954519  0.00191262779829052  0.00206907008302125  0.00228865420329508
  0.00264521856044551  0.00309074948470426  0.00348393086405969  0.00388490582783084
  0.00433310351590340  0.00486690995034761  0.00553525339449607  0.00623755212725791
  0.00706422764919465  0.00801605762129295  0.00930430752818389  0.01123529203007480
  0.01409432993987240  0.01781458541859118  0.02278445815765833  0.03072787612826458
  0.04206361938762933  0.07189191477151352  0.34511942864136286  1.00000000000000000
 -0.00239471570110325  0.00519008773204770  0.01364439402350371  0.02269759583538706
  0.03183403336243545  0.04174088891858092  0.05103319796273984  0.06021682209988508
  0.06928593965126946  0.07876730023943357  0.08847683122100358  0.09783372409773701
  0.10766409776243925  0.11860653322519916  0.13036128586922252  0.14268196682857795
  0.15604124430625368  0.16948602014153219  0.17776954490105651  0.18544546163469827
  0.19318573083393609  0.20115844501193059  0.21146582248557566  0.21927720710416571
  0.22632478375266987  0.23372567872180397  0.24181985108350645  0.24991733006892838
  0.25879656002932816  0.26870695785877430  0.27729280777649057  0.28501463619426060
  0.29253527818615294  0.30078492832457193  0.30992312057300464  0.31795817339920307
  0.32516345919634920  0.33212480693783814  0.34059910495409768  0.35045832263790444
  0.35874971734461514  0.36592802971716043  0.37322146698461789  0.38038811823853591
  0.38690944426846063  0.39296190948407311  0.40031066253389092  0.40881948004572871
  0.41759162171069747  0.42679637746284937  0.43645529334162009  0.44635991986852258
  0.45625087404623921  0.46629728744109261  0.47541428593644991  0.48712189242291415
  0.49922760965371932  0.51095672214213939  0.52182125923233624  0.53152238052317380
  0.53977563050547861  0.54967016453834416  0.56004995620957077  0.57005457631044676
  0.57918161354797770  0.58738945156329270  0.59550550836383787  0.60360114649434893
  0.61299129624498916  0.62263271199835490  0.63151247162726654  0.63928987256014291
  0.64801285274519860  0.66189661831861624  0.68040110876331217  0.69173966249110841
  0.70058814280163462  0.70872333903576534  0.71719952786060426  0.72558489825112460
  0.73357699250195807  0.74210219849539072  0.75451700292082935  0.77119019533656574
  0.78644745943422623  0.80139947139048540  0.81600931379772546  0.83132168236366200
  0.85026056597430455  0.87312318128210964  0.89575020184722776  0.91790728411754752
  0.93660880020271753  0.95473093442988544  0.97513890640107437  1.00000000000000000
 -0.00265543739135127  0.00979202424273630  0.02055135973865363  0.03173458048678196
  0.04193131166203043  0.05103484901167988  0.06026561362157792  0.06960559787923981
  0.07862628624105905  0.08661525283139962  0.09417542282209718  0.10236955575637080
  0.11297299050156884  0.12471515925047012  0.13598102208791199  0.14633182802677244
  0.15480815373553311  0.16258659131185235  0.17130819813968864  0.18227950677173246
  0.19413425865623582  0.20575394757099341  0.21710232707884514  0.22863136433943418
  0.24016660216827507  0.25148026746952290  0.26382085317044823  0.27878750163171140
  0.29226308362337539  0.30013998616897980  0.30718829644012946  0.31564495722780578
  0.32495251822948712  0.33507978613712053  0.34417806962927139  0.35238423171833522
  0.36166951335068942  0.37150445804131432  0.38060297172232777  0.38919025118210898
  0.39874558784270159  0.40923020685627581  0.41992834413503621  0.42852717036002425
  0.43593308832435729  0.44402814135054131  0.45268431335155390  0.46263503162410607
  0.47391918415724082  0.48604407364739288  0.49912283584516642  0.51158629071579109
  0.52338822697344323  0.53486755380190210  0.54653180169480131  0.55617616281142535
  0.56523284467838009  0.57477948547356816  0.58442974052061458  0.59430400569716080
  0.60570892036203694  0.61581750719451089  0.62638789032951403  0.63877785362819872
  0.65190763711388533  0.66534320700933669  0.67881435613132168  0.69236953946792279
  0.70453928190565995  0.71700328284786907  0.72878210121494025  0.73676270754971707
  0.74496060634795969  0.75423241889845349  0.76506679321705917  0.77343125760261933
  0.78067244998859209  0.78764822376950183  0.80021621772091966  0.81478481394580737
  0.82367728983594890  0.83297738340362604  0.84353646426232698  0.85340219184603971
  0.86297479876953898  0.87515083696530471  0.88729336009106874  0.89967270636214869
  0.91191764952082777  0.92426828784283688  0.93695597613930148  0.94870214877742387
  0.96111535863065811  0.97326550347127105  0.98672417367472509  1.00000000000000000
 -0.00210785265479160  0.00777600898027321  0.01750252168840317  0.02614743645227700
  0.03544567353966151  0.04473019726737560  0.05186160799022291  0.05881183705167478
  0.06702411683737455  0.07576703831369551  0.08571254208539500  0.09827768823437152
  0.11048349486669024  0.12066174131022706  0.12864145891842493  0.13615044695053785
  0.14410506162124637  0.15315587743699061  0.16373704818393214  0.17456974870678602
  0.18573919651556700  0.19609043785744926  0.20527338422725422  0.21385751006652010
  0.22150470673242403  0.22988012057835350  0.23804959401026141  0.24626721790324130
  0.25532857235407413  0.26612963255033012  0.27474528124950959  0.28229626870282915
  0.29105847115455380  0.29957675027885955  0.30799938955966943  0.31581723395612638
  0.32413099147426594  0.33152860236519821  0.33895856050486461  0.34707200842822983
  0.35673366411584323  0.36657353698242839  0.37783803160982493  0.39103829949967633
  0.40221328338357287  0.41078381240911221  0.42016989033370927  0.42999612767770551
  0.44183816654508107  0.45670522893719867  0.47081781094998154  0.48357271271495600
  0.49608581206162156  0.50792863673560029  0.51966341475776434  0.53014360780521386
  0.54069319538924288  0.54968362141698157  0.55947232543418279  0.56858307922554530
  0.57757433846500916  0.58808452426039148  0.59884965363154807  0.60878874339134625
  0.61682772148737153  0.62649740105383633  0.63653824242879198  0.64682735095422828
  0.65839130783973798  0.66883587132951428  0.67839991634990393  0.68788235667414066
  0.69748223564928202  0.70803853080829571  0.72173064048230162  0.73788490490007075
  0.75367517481439739  0.76749659935847436  0.78019238565620441  0.79136244211554618
  0.80181358879310372  0.81327716829369934  0.82355815808942301  0.83434855246060369
  0.84608921028022854  0.85832131373106868  0.87028522071808134  0.88120761062774544
  0.89235609153574158  0.90429801150736655  0.91766613874873848  0.93609286444196516
  0.95388066594439658  0.97045135829224516  0.98579026161839545  1.00000000000000000
  0.00014923864397511  0.01464274331459573  0.02483745188222471  0.03218801006321319
  0.03836683693782784  0.04344123967649612  0.04787462971735675  0.05208132631011422
  0.05612918571581903  0.05999322543067292  0.06385183786851439  0.06772481191264780
  0.07128173416913638  0.07467950922512388  0.07812079122047046  0.08153117251367742
  0.08490729521944834  0.08803985437154406  0.09102369350542833  0.09416576738659564
  0.09758936534548850  0.10066764424713562  0.10355246141918602  0.10616630803315112
  0.10830669525009394  0.11078878681149466  0.11331955954242075  0.11584963505374596
  0.11860931739545159  0.12160228270946538  0.12464583559967601  0.12703455784230058
  0.12895305704640320  0.13081200486317954  0.13255973418916717  0.13433370685442483
  0.13617316757601639  0.13773626924787777  0.13939235279285131  0.14117915142194290
  0.14317018072881721  0.14552307177381332  0.14794401882150016  0.14998163294578773
  0.15164592982947456  0.15330768656059954  0.15507379964359838  0.15776881444068760
  0.16028999660833790  0.16262701376083868  0.16473067960215584  0.16637643405956690
  0.16802368316401076  0.16978924104089968  0.17181548294284538  0.17431305257711005
  0.17647661485932079  0.17805553299421625  0.17942672645873589  0.18082150379704698
  0.18252371123200378  0.18486371741392948  0.18747635456472947  0.19005455187145540
  0.19363734409122396  0.19710173534108902  0.20031953817421264  0.20577828205204926
  0.21106275085704287  0.21575290377130946  0.22027736973949263  0.22562000479564887
  0.23142835924450436  0.23604917282587717  0.24000306424357873  0.24351890522519690
  0.24705071466344702  0.25105896855019760  0.25693034151737326  0.26323737093649446
  0.26926581759537854  0.27509632299216746  0.27955027214949801  0.28390125053297444
  0.29220768504456479  0.30136282891266564  0.31175676247194911  0.32307700959836871
  0.33495873036505247  0.34857817152864135  0.36647265552753727  0.39413256667330576
  0.42375366436048617  0.45435681984242238  0.78938452852741847  1.00000000000000000
 -0.00148076116034649  0.00716023829852544  0.01549054524847019  0.02479011018754996
  0.03447894282533779  0.04476056411269744  0.05880533600969555  0.07229101292112848
  0.08502840630764417  0.09755369893456511  0.11164159762879747  0.12466459793446491
  0.13730261674772196  0.15019231225139321  0.16433397146303141  0.17605735489547186
  0.18724205649972286  0.20014331600545188  0.21192923176522049  0.22366753190992272
  0.23452192477564598  0.24790395498338183  0.26009307998716741  0.27331760406959882
  0.28616904246904440  0.29831392511201182  0.30946870241585278  0.32056989633737432
  0.33104197474992997  0.33921275200122281  0.34568379502933844  0.35163903952666598
  0.35764451026203786  0.36453808435779977  0.37266680676778408  0.37962036064713273
  0.38646631984376273  0.39365585507329914  0.40311888628932735  0.41419435276367961
  0.42366302792681543  0.43320412644037865  0.44318727403099462  0.45545488633768033
  0.46806359020055643  0.48075202955069091  0.49300278504842571  0.50463972197912665
  0.51637699981613927  0.52580313272826562  0.53335009121709098  0.54100433353473809
  0.54813462280019720  0.55503978234953255  0.56228402810131317  0.57008014866116818
  0.57792206706002336  0.58598220857529870  0.59501403075188897  0.60452904221637516
  0.61351324127923834  0.62077365612907054  0.62807714313440111  0.63613418625764795
  0.64365877212588640  0.65373623093779765  0.66246972224752509  0.67145726710770837
  0.68057190932007861  0.68919602075941500  0.69771840690831533  0.70647038373834825
  0.71461324214180910  0.72314091696707539  0.73169860592406832  0.74082145929363108
  0.74870156498567864  0.75807969698021438  0.76767654876587399  0.77898760184310045
  0.79306005080714626  0.80702660408811788  0.82050359097885162  0.83405614064572464
  0.84534216580302357  0.85577857958708303  0.86707351756409745  0.87762815780834780
  0.89182881529493274  0.90654103679048992  0.92183609924909116  0.93686748599376724
  0.95182479320790447  0.96715306418341818  0.98318137558411534  1.00000000000000000
  0.00704370178124869  0.42687199823679389  0.53513457485121996  0.60263024906754836
  0.65165911089781514  0.68460676010645705  0.71203595425476129  0.73619312226307276
  0.75800507668919526  0.77687793937169225  0.79287335904309686  0.80643188568607294
  0.81809877637036788  0.82913259981733456  0.83957002254859914  0.84886590460068323
  0.85655966705591391  0.86308853955890141  0.86942517016725407  0.87594956714212113
  0.88202537407438353  0.88713744411760698  0.89182586439040246  0.89602140363063587
  0.90021595520909514  0.90467055171193822  0.90943575570294211  0.91408330996004106
  0.91784599834106440  0.92094514458018439  0.92363141354154421  0.92632510692136294
  0.92909141719733368  0.93196775564144851  0.93486921582204685  0.93773922322000347
  0.94038194725536228  0.94261943664665182  0.94469348532761221  0.94650391751582419
  0.94812103326441821  0.94959204604037706  0.95107115363260664  0.95267071935926551
  0.95420424759994626  0.95563370347323551  0.95699743504204482  0.95828643387092893
  0.95946053724500546  0.96045361860863321  0.96154996996053754  0.96265843348769498
  0.96372479079466755  0.96488177629806304  0.96609424411037903  0.96726986363891843
  0.96834858194980755  0.96930390232583219  0.97017054355028820  0.97100735745491851
  0.97181702332199160  0.97255265578789807  0.97335011112817305  0.97411755717681536
  0.97483811862530745  0.97550421793434117  0.97612958269412742  0.97677266332912516
  0.97755358674944104  0.97835855455093423  0.97915568538830888  0.97989754471632873
  0.98051219710026061  0.98108181040312192  0.98163731523942765  0.98219656589442639
  0.98275686643989868  0.98334706647245695  0.98394006106669329  0.98454999149600586
  0.98521106985013929  0.98588846273997488  0.98655406530876677  0.98717561962698119
  0.98775492134625764  0.98837313667314897  0.98899117876869913  0.98961143217687220
  0.99024293423926246  0.99088079634975934  0.99159089021773561  0.99237896645788093
  0.99324781590920963  0.99443407455285238  0.99633795453168639  1.00000000000000000
   4.8332740378257523E-017  -1.0000000000000000     
 F F F F F F F F F F F F F F F F F F F F F F F F F F F F F F F F
  <DiscreteSampler_grid>
  grouped_processes
  1 # 1 for a reference and 2 for a running grid.
  10 # Attribute 'min_bin_probing_points' of the grid.
  1 # Attribute 'grid_mode' of the grid. 1=='default',2=='initialization'
  0.0000000000000000 # Attribute 'small_contrib_threshold' of the grid.
  0.5000000000000000 # Attribute 'damping_power' of the grid.
 # binID   n_entries weight   weight_sqr   abs_weight
    10   10   1.620916876841947E-009   1.483171334619684E-017   1.620916876841947E-009
  </DiscreteSampler_grid>
