 -0.00056699750196326  0.00469530910562723  0.00881566081070556  0.01265418468622504
  0.01612249421920476  0.01944585554951742  0.02208571527596136  0.02476624248203062
  0.02748413186416305  0.03008630238296712  0.03257257403292382  0.03482203070917057
  0.03699416300196623  0.03933720217388968  0.04150316352720028  0.04344912043505898
  0.04528906640162374  0.04731213930881379  0.04924143765052400  0.05120485386226131
  0.05322420528075763  0.05516981732480037  0.05695704499365233  0.05889795160250636
  0.06110685223701316  0.06324018119946175  0.06540390496998663  0.06741126955245196
  0.06939436500403696  0.07130249014272148  0.07331909282763437  0.07538663771726918
  0.07769352586621099  0.07989039350867297  0.08213655197105388  0.08426241160558609
  0.08630445506157824  0.08813132501195413  0.08990015489315599  0.09179086995004145
  0.09375405640506579  0.09577749681452917  0.09730701999676263  0.09910667971258204
  0.10119289808718970  0.10357702888531242  0.10813150296825631  0.11265313975023322
  0.11759189884929606  0.12236309356639147  0.12696219619618143  0.13161691585256699
  0.13645382960417929  0.14151037189972607  0.14652123546369533  0.15181220679885446
  0.15757596619170702  0.16348894192559094  0.16916116851631310  0.17534774210816118
  0.18177556010046506  0.18826857071438591  0.19471109771744710  0.20085958063180426
  0.20683802638555687  0.21323460167599198  0.22023800727354495  0.22838274403674519
  0.23704619026671281  0.24555032631363066  0.25269753837049985  0.25914233507665840
  0.26536965818055208  0.27177159532723377  0.27873657200729429  0.28556109378400246
  0.29443984855895600  0.30565357792096903  0.31892597783702031  0.33393937996009565
  0.33725527925968518  0.34441467931338432  0.35486876356694774  0.37136748698514216
  0.38756548473823332  0.40228037560213636  0.41768603493803125  0.43404828199269591
  0.45153432394161486  0.47154062173478173  0.49751815943467942  0.52638320158983753
  0.55585454750278218  0.57934839863344123  0.60338448330600258  1.00000000000000000
  0.00035378868268443  0.00059656775627724  0.00081123671040902  0.00100194947522803
  0.00118923216388948  0.00138434749092646  0.00164445307765810  0.00192460967283563
  0.00215879329167208  0.00239065717083687  0.00268265075023484  0.00299538565669559
  0.00342596482822991  0.00396650918922058  0.00452337932982892  0.00508446362465557
  0.00560953918553420  0.00600733248245297  0.00636243953734320  0.00669849467471271
  0.00705852489020764  0.00755564654894135  0.00822125877152686  0.00885405123968719
  0.00941284944134288  0.00997875567763078  0.01057100188819983  0.01111727520277227
  0.01159953459021990  0.01211969982503959  0.01260130102321470  0.01309800062727156
  0.01372377770821835  0.01451397529452161  0.01541337963169333  0.01636884109101323
  0.01732094448584900  0.01828755839015040  0.01928759139215455  0.02025030971087807
  0.02114254856468810  0.02205128975401361  0.02288999348121589  0.02365109881544368
  0.02443390493845832  0.02528712485409509  0.02630991421814209  0.02761056516091727
  0.02890765728578217  0.03001374762062831  0.03114971216644976  0.03229240166541313
  0.03348361973086840  0.03473066691841448  0.03598635061822376  0.03745461740419916
  0.03917454189796239  0.04110118615181815  0.04313015378443441  0.04483172674937880
  0.04642267464288775  0.04834697365586087  0.05058024362913938  0.05310012033459349
  0.05579395420412331  0.05864278416137926  0.06185504192555755  0.06547419280001046
  0.06943116217444932  0.07351897234636302  0.07753488092242837  0.08201550364392678
  0.08703201888906412  0.09211523433021600  0.09705766028879655  0.10179011651465025
  0.10620770734485330  0.11065589416573439  0.11513360308193464  0.11933368395416898
  0.12305050609498500  0.12776068602048776  0.13439711461269921  0.14465709521531872
  0.15286030203860615  0.16044859923036575  0.16361660634310354  0.16677335590329243
  0.17170976724010831  0.18015996964362879  0.19557269851983031  0.21712965954140565
  0.24342584591817940  0.29957608832481386  0.37063269963660850  1.00000000000000000
  0.00002262117595681  0.00017502397675549  0.00030448090216213  0.00036416847846207
  0.00041757926108958  0.00047382003957034  0.00051341633595733  0.00055733999217367
  0.00060173504539230  0.00069083600174019  0.00084528733250386  0.00106998779020666
  0.00137346843309597  0.00173234566793384  0.00220118089736479  0.00272305643830995
  0.00358002223604826  0.00486508830960928  0.00612213084214935  0.00741823604568876
  0.00880857413917960  0.01013497683084815  0.01116442817781755  0.01237390279361517
  0.01361891363699650  0.01488276381721118  0.01625427889636787  0.01771864888524752
  0.01925588828102424  0.02085872164504479  0.02255761991713006  0.02410095326653602
  0.02545132845617262  0.02672474279258861  0.02840305115016209  0.03011246321670709
  0.03173739123185484  0.03348597948021585  0.03530005893166040  0.03714192274575103
  0.03900070204807261  0.04089962651840086  0.04292231393554230  0.04510398168226111
  0.04750170419881340  0.05009249875420146  0.05281625720040749  0.05542024351067905
  0.05819786777890845  0.06057990835443058  0.06293861675279301  0.06537262995350830
  0.06779401696115318  0.07000577183191849  0.07219894148463385  0.07428038952158242
  0.07673383339899889  0.07986433545496917  0.08266096147012802  0.08495467923245575
  0.08704292521216757  0.08967580973537140  0.09295474394061097  0.09553799490766082
  0.09757552065736501  0.09976591961490017  0.10209080397142160  0.10625576592510817
  0.11071795386770494  0.11521697907509378  0.12179189889098715  0.12930802888905416
  0.13768627466053771  0.14545983084563960  0.15153996497221345  0.15574216954904219
  0.15727420373536241  0.16074675585909506  0.16623113840386519  0.17204458886686919
  0.17804689146403108  0.18475257497301267  0.19242076700777480  0.20054980331740146
  0.20828590930419719  0.21472547225806266  0.21937736212559819  0.22403216289341779
  0.24271401508750501  0.25965331713921014  0.27561092985044627  0.29281455948106155
  0.31064486924281720  0.32639603830705899  0.34191215421564658  1.00000000000000000
 -0.00428916500382849  0.01192486219367743  0.02771898423621003  0.04239374272703436
  0.05608373291823790  0.06918659589954068  0.08091936609388790  0.09175667244888050
  0.10312820468522102  0.11418973080887425  0.12380579671653380  0.13740562804995490
  0.14981646428165951  0.16036032427547323  0.17099005440112328  0.18265649978275345
  0.19526113335132803  0.20868904744294128  0.22066777921220226  0.23114040646125819
  0.24175528989886200  0.25169525329393910  0.25914159876361625  0.26664155354072877
  0.27625747698405179  0.28895723642850074  0.30460129322690677  0.31803374678999502
  0.33211805197569028  0.34188921575200876  0.35133828731244721  0.36061549638819562
  0.37046730751375778  0.37970134138943479  0.38842546191312816  0.39612231998461511
  0.40329625322714430  0.41157727693955448  0.41958924341204218  0.42719853959648418
  0.43319830523798120  0.43798381509558620  0.44467075623593499  0.45406199590678920
  0.46378599112905888  0.47460091689167638  0.48496551609758837  0.49514998400088300
  0.50519443394232055  0.51488456491453916  0.52371480707738005  0.53166248162519114
  0.54032597653954995  0.54898595579821374  0.55739879677697235  0.56830474826625077
  0.58014398605514506  0.59225856041651592  0.60416588010206107  0.61446507701219333
  0.62451985418652756  0.63613444959592957  0.64896700501580651  0.66210641365738165
  0.67320204839848274  0.68353399865305342  0.69517150528986427  0.70750800275027415
  0.71770808268933861  0.72860267385385291  0.74152569724891360  0.75546028626094974
  0.76762995969834458  0.77843799498572608  0.78872855184549262  0.79945382992786529
  0.81076860047381538  0.82348298518132279  0.83735433568582252  0.85079527435159863
  0.86344028136682127  0.87622016866218810  0.88885623685211179  0.89882725337654112
  0.90390518821123322  0.90825383228222134  0.91446029590989830  0.92290483336989348
  0.93147589207288783  0.94067556563828159  0.95000026690758910  0.95869423292913092
  0.96900832081754673  0.97960568312685659  0.98959306993249530  1.00000000000000000
  0.00137642011707543  0.02789719873423074  0.04167399864679730  0.04885813678866876
  0.05501775182693250  0.05990102683108382  0.06469591929965028  0.06920028616910041
  0.07334028882618651  0.07755564752464275  0.08188762015219264  0.08652611134036781
  0.09119638204749636  0.09574861299787213  0.10003641306396030  0.10411495554031684
  0.10827075429945909  0.11235053100613714  0.11629523382902468  0.12048752045875233
  0.12442938953258784  0.12737999695447524  0.12980971796673890  0.13253789121608889
  0.13510579574580042  0.13754150539969126  0.14046135920498826  0.14382201241453377
  0.14689672857634342  0.14949613570220260  0.15229864808344482  0.15512290539412735
  0.15786055071235161  0.16064540941352048  0.16322410268306889  0.16604841545652588
  0.16895527299109545  0.17204811791033817  0.17530579657981624  0.17809919790172787
  0.18077786446603775  0.18355584285724982  0.18613662731181552  0.18856237364460740
  0.19123453613680666  0.19435116882475298  0.19764839270650958  0.20077961935329044
  0.20363997934539194  0.20646842029019941  0.20941852210703116  0.21313214042590223
  0.21796983869606662  0.22270177391428808  0.22698636858910293  0.23065999953813338
  0.23393013476255739  0.23723576549919606  0.24049740758602572  0.24412531484132335
  0.24710375932192472  0.25034883802633540  0.25408986375607201  0.25836294279526506
  0.26376517377699915  0.27040303983578623  0.27719255173333646  0.28357505483732998
  0.29009052079183500  0.29668050575453220  0.30339251711602322  0.31071782025221134
  0.31858950906951744  0.32749517236295089  0.33548243392709037  0.34254141745557792
  0.34982693451799263  0.35629893635358340  0.36137809631264067  0.36690404766729234
  0.37420072217203548  0.38211003295154489  0.38908568569126528  0.40382280949750837
  0.42117742167023348  0.43480051346306703  0.44553156898035712  0.45835454348068633
  0.46949405971380104  0.47722435250257295  0.48462106723917381  0.49297210854394174
  0.51162750422036007  0.56706850946108789  0.71103430429910097  1.00000000000000000
 -0.00189721756779174  0.00955646491021269  0.01973747940849305  0.02979353841522651
  0.03855148080245167  0.05072586775930075  0.06565615063868366  0.08193939532376950
  0.09699697673652412  0.10824960489666834  0.11966250465678635  0.13121656012975930
  0.14315596573408340  0.15492462817027583  0.16635180317391901  0.17733375083324351
  0.18842153662228869  0.19920817351319781  0.21141098337895151  0.22337442952411818
  0.23576882312074784  0.24794547560221256  0.25976091508076837  0.27144242382771427
  0.28292038585015350  0.29425167133978336  0.30615708711903006  0.31732394833298738
  0.33004522088741978  0.34116022577314437  0.35266447014641578  0.36517962634193857
  0.37562624512943388  0.38434592952546648  0.39423411304368761  0.40470394529310877
  0.41450382627068710  0.42371066475241231  0.43245563400141362  0.44091617743205258
  0.44945882204647897  0.45777180315744703  0.46523403218510107  0.47232856307226057
  0.47989832387487297  0.48905208330298833  0.49540172171751307  0.50243811731149279
  0.51014332536180729  0.51887307710048358  0.52925345276198998  0.54020366041028556
  0.55036281365844875  0.55988533641575322  0.56945587620815119  0.57862480610654698
  0.58697423459092002  0.59531597984375828  0.60380230239297261  0.61315341963938952
  0.62307559037326232  0.63341194672609269  0.64278081189776815  0.65328873784906905
  0.66551797858870310  0.67643451837116442  0.68795418164025735  0.69966139670903060
  0.71279935836438291  0.72506330270260366  0.73803682578779795  0.75042051516619546
  0.76147891852300009  0.77063704647805154  0.77806394061569928  0.78512521891623088
  0.79397413468833433  0.80352555690140504  0.81393430672625322  0.82260615326371622
  0.83057462367162294  0.83994339922699912  0.84921027320363418  0.85937079448930465
  0.86946197073645859  0.87864582348229425  0.88820950073090654  0.89861143976855984
  0.90914097219672085  0.92007368664841782  0.93294887845440133  0.94775524801027311
  0.96251064317634794  0.97499185822577294  0.98761851657222188  1.00000000000000000
  0.00164292600763216  0.00385745379413086  0.00581433220059232  0.00744861206944251
  0.00899127615356171  0.01047984517607830  0.01190788296873707  0.01329115958227051
  0.01469917377549814  0.01620405939649551  0.01772598324451433  0.01926333246488852
  0.02092224141305104  0.02262867283421028  0.02440320130913546  0.02624784412516160
  0.02814967880281474  0.03011929943070662  0.03219205012882845  0.03420799805294301
  0.03625120332020677  0.03843030813216362  0.04060071998453402  0.04255416489086862
  0.04429613004548376  0.04588833518077627  0.04747278718476945  0.04909665714370041
  0.05060986903134679  0.05245608998653658  0.05435804937428015  0.05621845321576659
  0.05813666553111387  0.06013410812804342  0.06238596923089944  0.06359837070982391
  0.06491795974981467  0.06617174668219981  0.06754741854283318  0.06928939445417193
  0.07150748605336636  0.07379787729993839  0.07602691764666873  0.07806857523327236
  0.08007143643480152  0.08219659179439698  0.08428954125202263  0.08610158128689736
  0.08758385056012703  0.08907245523913426  0.09058673027782471  0.09249062706583611
  0.09453891292586880  0.09673179678694686  0.09898761261121480  0.10108419413295991
  0.10321209955188249  0.10521169344350562  0.10685624927509800  0.10825038713679826
  0.10933650012167669  0.11065242026510032  0.11283013445164528  0.11517924457003653
  0.11712985220818678  0.11890216149828663  0.12091360072149404  0.12265686884420661
  0.12450876021972274  0.12631784607927640  0.12835223439819468  0.13078798072133754
  0.13356940135852527  0.13652282397801585  0.13968149534951918  0.14156666371712681
  0.14334309785010685  0.14505531781106712  0.14708086232119735  0.15097428897924145
  0.15469316746208850  0.15855779489745508  0.16242468376847799  0.16746716664680272
  0.17327591268994594  0.18060332615440949  0.19728205027303092  0.21500741343582289
  0.23468320157384395  0.25950666761220131  0.28854111094610696  0.32140967285844807
  0.33923696138072745  0.43778408287480708  0.62199457042424311  1.00000000000000000
 -0.00164013932637001  0.00649266211942356  0.01230051954473543  0.01707028552525722
  0.02208043323658710  0.02724060045754283  0.03217671756424466  0.03808350533178394
  0.04630917418154461  0.05615825013967374  0.06645929959631935  0.07691655473621824
  0.08705178472202588  0.09631650929908052  0.10529439708452763  0.11536487826675593
  0.12594590440631145  0.13294158510092233  0.14082285287036059  0.14927713830508890
  0.15711560833571248  0.16569467403136368  0.17494296068752774  0.18399649474042892
  0.19364665131602959  0.20488333166358363  0.21677933060182103  0.22973983711030482
  0.24303540004531285  0.25690111003583294  0.27061556854182617  0.28250908250847501
  0.29374112225658672  0.30536956245728369  0.31733257908418239  0.33050088761535573
  0.34550342241411780  0.36231625778977589  0.37902851290584133  0.39247644555729649
  0.40234380511400547  0.41246037006368425  0.42251305522296373  0.43169639780924635
  0.44156505527067602  0.45144366928774804  0.46164500812009185  0.47410571020920184
  0.48477785471675466  0.49640980327785911  0.51078033783249521  0.52981680620528548
  0.55361560996264036  0.57207824643030780  0.58521362006747901  0.59749699724298000
  0.61006573642615736  0.62338662820380786  0.63809088930769930  0.65366535804985093
  0.66792528961270847  0.68072154266130247  0.69143524694184710  0.70106200641524907
  0.71258144138162105  0.72366613378333522  0.73159119389087379  0.73894950902690426
  0.74664672725614656  0.75581024115113526  0.76575922869753632  0.77574645354434746
  0.78436991634917064  0.79218195001418057  0.80100535938843020  0.81047411625396881
  0.82024684669922165  0.82985270812765621  0.84071163697365558  0.85105509249515665
  0.86071469078506446  0.87049949322437081  0.88107639879258093  0.89280285895316658
  0.90314399443534543  0.91298566027969918  0.92262606726265961  0.93186079415007905
  0.94091898280148356  0.95035994390678402  0.95998535349340020  0.96907861659399741
  0.97749757040155882  0.98486065931955935  0.99203363313690962  1.00000000000000000
 -0.15380569401375685  0.84706356894644574  0.89449132641796547  0.91196030350169910
  0.92437028120618847  0.93343257905479549  0.93936728992671215  0.94361822790827243
  0.94755106711650006  0.95107407430175583  0.95399639595070795  0.95647113013319363
  0.95863659889002217  0.96056940082903408  0.96226614202344329  0.96380148292202594
  0.96513377265136768  0.96631472067463997  0.96749132004939375  0.96859975218653549
  0.96965819898842454  0.97062222991078617  0.97155037937224331  0.97242730512680464
  0.97323347875897970  0.97406253580645041  0.97487122661703463  0.97567817044684924
  0.97642083488276288  0.97710333581831110  0.97775848767571427  0.97834685506690344
  0.97888655995301244  0.97940633131243104  0.97993893449001224  0.98043786526204280
  0.98086033274415874  0.98128854113300545  0.98169831193068224  0.98209662307919843
  0.98248620337914772  0.98284303170164944  0.98319084738943086  0.98353786168782442
  0.98386562544641831  0.98418039848813377  0.98449970852207658  0.98480108469024696
  0.98506806782671275  0.98532708915044986  0.98559788654249669  0.98587598270749943
  0.98613005964967138  0.98637712514816434  0.98664014296283264  0.98691920700414548
  0.98718746535104507  0.98742881956025563  0.98765788326507964  0.98790374609129961
  0.98816719925341001  0.98843607003160683  0.98872184591362677  0.98899402523450419
  0.98924230113491474  0.98945839993431628  0.98964889438483583  0.98982337896912720
  0.99004785709971999  0.99028458227396732  0.99052904161897515  0.99077023171596690
  0.99101616372353774  0.99127423091465228  0.99153452487493765  0.99178393096845463
  0.99204446050387785  0.99232519164766342  0.99260470298272852  0.99286253521424916
  0.99310656940217990  0.99336057448642645  0.99364170047690448  0.99392728671782071
  0.99419365258649239  0.99445359323637328  0.99471673521797133  0.99497703863526377
  0.99521556212971196  0.99548266127716967  0.99573344736776648  0.99601848981744068
  0.99640695153818326  0.99695431148348512  0.99782929325780034  1.00000000000000000
   1.6553188447232853E-017  -1.0000000000000000     
 F F F F F F F F F F F F F F F F F F F F F F F F F F F F F F F F
  <DiscreteSampler_grid>
  grouped_processes
  1 # 1 for a reference and 2 for a running grid.
  10 # Attribute 'min_bin_probing_points' of the grid.
  1 # Attribute 'grid_mode' of the grid. 1=='default',2=='initialization'
  0.0000000000000000 # Attribute 'small_contrib_threshold' of the grid.
  0.5000000000000000 # Attribute 'damping_power' of the grid.
 # binID   n_entries weight   weight_sqr   abs_weight
    10   10   2.420714180974354E-012   4.776144234614648E-023   2.420714180974354E-012
  </DiscreteSampler_grid>
