  0.00107497711191585  0.00176417157776289  0.00220221229962425  0.00256732075826839
  0.00282724345790714  0.00312061595931328  0.00357200749136341  0.00400045441356095
  0.00438063482714585  0.00478063661790146  0.00522524844850311  0.00569864116883692
  0.00614230356033798  0.00660277246689200  0.00714085932591698  0.00776283660544545
  0.00839530266243628  0.00898859576917536  0.00961043213438864  0.01024290473882495
  0.01085035989879132  0.01143896125126491  0.01200025842960350  0.01260199888444022
  0.01315578890506072  0.01368760210361878  0.01433059873360172  0.01499517044262370
  0.01567481500305554  0.01637369470526268  0.01717613567129603  0.01801529542363852
  0.01877385886749072  0.01951003742065192  0.02026389282157699  0.02108110979205445
  0.02206696290583111  0.02307857665954489  0.02420935946157012  0.02546321290985736
  0.02662047510383154  0.02761024245318909  0.02855431748895355  0.02947369965085843
  0.03036405552556288  0.03126889160331316  0.03217732980625816  0.03310011970423599
  0.03397520679764298  0.03484903391234684  0.03579016829137002  0.03693668614361166
  0.03832943775164430  0.03972442133053643  0.04083952969744561  0.04207202369280269
  0.04311225370609288  0.04420456595009035  0.04525577234308950  0.04633973583599416
  0.04735700835903276  0.04835525470460364  0.04961685287409487  0.05147670686535094
  0.05355877538122589  0.05546901846798219  0.05733978762402590  0.05944198232508080
  0.06182656844317338  0.06392921877178608  0.06559032724171110  0.06713053334189864
  0.06886190540950216  0.07069375122169827  0.07249743383819994  0.07434972954248577
  0.07682527152461704  0.07900547701659329  0.08225611822563746  0.08646607129357747
  0.09211126438975135  0.09673637997859645  0.10047182595888843  0.10554442143957159
  0.11180058506715221  0.11969375752159703  0.12751779108851158  0.13493910181393851
  0.14207303048594191  0.15377496164706678  0.17486275978082835  0.19855883706157090
  0.21992731992273110  0.26219623960499794  0.31680484679059084  1.00000000000000000
  0.00030858176894538  0.00045613882694308  0.00069468999188543  0.00094314922300860
  0.00119932129706725  0.00144245335141679  0.00172878775965115  0.00221027486947876
  0.00290946969706342  0.00398146780021027  0.00521243192868908  0.00632573432402486
  0.00757570308466778  0.00881767030514320  0.01001640050535633  0.01119837927493432
  0.01237561777933134  0.01367951564268304  0.01500250524692800  0.01628919281539136
  0.01757280870548796  0.01882766185074344  0.02007760678015578  0.02127087661259575
  0.02234956084018757  0.02337804618340148  0.02442677031260229  0.02539817811305662
  0.02640053092251081  0.02743370480496126  0.02854649684594873  0.02966818647279231
  0.03068428676173993  0.03163652928697391  0.03248146912484299  0.03334874970585312
  0.03420186475213982  0.03503617964040694  0.03584691847095582  0.03664095434355336
  0.03748451707568499  0.03835205448473519  0.03929357259992874  0.04022962127830576
  0.04100065707110660  0.04170930510724088  0.04244226749140526  0.04323181921614783
  0.04413498979875681  0.04511918425051893  0.04615517851539908  0.04730029428502977
  0.04855925391919352  0.04980193402173636  0.05107977599218440  0.05241465931046482
  0.05390252083789436  0.05547379687680893  0.05698636751212259  0.05847778490312897
  0.05998909397121302  0.06130590331319335  0.06243958022618921  0.06378872689815036
  0.06520103623391287  0.06646980191643628  0.06765354116810297  0.06892555458952417
  0.07033063504760972  0.07185947080731397  0.07348001472638006  0.07502638902697994
  0.07698793726642365  0.07929805296212833  0.08123926871452911  0.08369422019089814
  0.08686038187562395  0.09054079896581095  0.09444834342613045  0.09879524726878915
  0.10369383731728793  0.10908625290737627  0.11810752482985844  0.13024908340974320
  0.13961026292912437  0.14861634512764696  0.15726282414193035  0.16559782491397868
  0.17674497379924181  0.19854414300674586  0.20678494418200033  0.20678494418201032
  0.21354936421744608  0.23306836869473468  0.25258737317202284  1.00000000000000000
  0.00011999399663243  0.00032963816469687  0.00035788607546678  0.00039176402947606
  0.00043343843032349  0.00049005387733278  0.00059402419728875  0.00071919536377192
  0.00085236467859306  0.00100922900819130  0.00124583306048978  0.00156197999734008
  0.00192362158068412  0.00237248608441036  0.00293047994235777  0.00363523566766338
  0.00441435117855894  0.00530745118945573  0.00636966162779525  0.00762008918568205
  0.00882755003643807  0.00995019079244885  0.01102958111344590  0.01217381509478554
  0.01329151954113378  0.01444362646489649  0.01566268957530876  0.01686012802708987
  0.01818769650954214  0.01956333108943925  0.02102896127261049  0.02233526067468663
  0.02355422296309172  0.02478900475015171  0.02609171563927936  0.02741181384276928
  0.02889046581385752  0.03021928494107768  0.03156498518961324  0.03292428946731038
  0.03442777687100816  0.03614149805088405  0.03770695507060971  0.03901883972748137
  0.04030731775462034  0.04156425373614550  0.04287397293196134  0.04415765728441935
  0.04556256623181915  0.04702993606120888  0.04879298094518119  0.05071267232328901
  0.05263031631390722  0.05451271286811605  0.05616317375395671  0.05763089529170277
  0.05936918900504152  0.06106437810430880  0.06254464700298333  0.06394844065519840
  0.06544791221616163  0.06710975685783760  0.06883338934086369  0.07051822596578997
  0.07248095542521470  0.07460653329548153  0.07688324843148184  0.07916997063883266
  0.08110798104035721  0.08276709536468314  0.08438569599195478  0.08598427925430649
  0.08807146944919585  0.09021728770266463  0.09300562546616116  0.09604309853698909
  0.09903155024020716  0.10221539214134212  0.10568712809095182  0.10919483306564715
  0.11159953437345971  0.11577052316512269  0.12393140006913698  0.13231888249940529
  0.14115851601391863  0.14948228053763862  0.15691222363306759  0.16353467236638003
  0.16909786697540810  0.17498361506643662  0.18119942538070266  0.19051311287163164
  0.20342314084105056  0.20802927887690947  0.21033824104398996  1.00000000000000000
 -0.00098947497363579  0.00440360593058886  0.01014580510591914  0.01555690319526692
  0.02163753336030573  0.02754328545306555  0.03262487839126049  0.03767174041293177
  0.04317958139378637  0.04962801168330645  0.05739485435788945  0.06466631203737361
  0.07161329617655043  0.07880696321397021  0.08646676330416829  0.09325174573219719
  0.10077210396092243  0.10866043638310806  0.11651618317366895  0.12569155477604313
  0.13102190542249703  0.13587281601292173  0.14158764862360365  0.14765176253878892
  0.15360476532288195  0.15952632103272865  0.16437555195149986  0.16960587155298429
  0.17498877968723311  0.18104272605816282  0.18807259899124520  0.19960907510819575
  0.20965007869077779  0.21852777985465571  0.22661386024640606  0.23407179482049700
  0.24217963832718245  0.25058707501732530  0.25904575769151583  0.26765715068542606
  0.27652531192256702  0.28597732811183413  0.29483804069207242  0.30250621641492154
  0.30965818368471337  0.31678402091754682  0.32470845158471756  0.33436996904712996
  0.34538191594068685  0.35640044867227305  0.36636974605835826  0.37512433218697083
  0.38324547499771278  0.39284221623953047  0.40340831343226330  0.41499884020910960
  0.42849135489680534  0.44271859905299865  0.45594820529604785  0.46809483107522509
  0.48003374067677868  0.49297607209764854  0.50640317871615192  0.51908487522216518
  0.53164971268787220  0.54411823428436801  0.55610472828064261  0.56696865399466800
  0.57696515459341657  0.58831742262816444  0.59970935109425805  0.61084406204326269
  0.62180401562210275  0.63433026702292483  0.64649421408769991  0.65936656644517466
  0.67407062995304290  0.68886557357293998  0.69805090965933536  0.70834473710453982
  0.71902031761038332  0.72977020775951496  0.73913742425822282  0.74819252040885520
  0.76251403388110228  0.78152754780939249  0.79888974872859686  0.81618696272898617
  0.83324673107609915  0.85073539997731096  0.86951538570785003  0.89393551527375514
  0.92315506780523826  0.95058579856623160  0.97450292120226656  1.00000000000000000
 -0.00345965948482435  0.01336811842542729  0.02784124739018098  0.04190105480418398
  0.05564944341645647  0.06892814364947343  0.08212184580924528  0.09612166747630270
  0.10872026688684026  0.12065535214873591  0.13209522038499721  0.14455049114504351
  0.15564610832517353  0.16526258775374408  0.17564696540052238  0.18638392675631171
  0.19739267425099913  0.20903860838193417  0.22098891244025018  0.23105103483908432
  0.23882010372357174  0.24648972964183699  0.25329804863459665  0.26071898560298884
  0.26885549831547761  0.27717789409025401  0.28481734090529348  0.29247366371366956
  0.30013400479719082  0.30783897882192307  0.31679190825425002  0.32726163321321411
  0.33767049200918109  0.34885481157470161  0.35846797880103892  0.36646687760311092
  0.37462317011802759  0.38380868115642414  0.39448234146295247  0.40480350210898131
  0.41379214958776400  0.42277194592216777  0.43278215143806259  0.44276130063351848
  0.45178517389560752  0.46024936614592693  0.46861028327636250  0.48026226640558967
  0.49317378588609179  0.50746555974916874  0.52076141355233252  0.53431469361285011
  0.54842257549327389  0.56163358729220703  0.57499697842484976  0.58807528513197660
  0.60085177368062725  0.61180950600051309  0.62160882760317748  0.63137209332813449
  0.64041394001135643  0.64895632778036583  0.65719641153449904  0.66686313550544052
  0.68042663983942264  0.69567232362653597  0.71026554277624221  0.72456031571356949
  0.73657928845812026  0.74841031288863891  0.75947348760732292  0.76906045770929232
  0.77835356916193310  0.78748052358511533  0.79759343339855648  0.80703163776643627
  0.81655548463079008  0.82843018118403078  0.84118567737857686  0.85294062962470474
  0.86483090811373908  0.87674247422777540  0.89002574610873586  0.90017558597632474
  0.90636503126950940  0.91245756056783656  0.91936741428239466  0.92695905176150628
  0.93422997425539189  0.94147469800082295  0.94837408323021299  0.95516005167625773
  0.96407592663230135  0.97673256427200927  0.98849492639215897  1.00000000000000000
 -0.00281060946397251  0.01016248434582371  0.02175206653315624  0.03262790601868967
  0.04401086299127572  0.05537958318159392  0.06563999766541979  0.07717871077439592
  0.08628410122830947  0.09529219625606576  0.10488360592794914  0.11367832668603604
  0.12180598545348260  0.13078233732278871  0.14013762724054779  0.15026759954276114
  0.16173569918820818  0.17345248369999700  0.18546721010293196  0.19767396923827874
  0.20898035228155504  0.22007614065544587  0.23137910034009015  0.24394227334088137
  0.25772547799314149  0.27144055936104622  0.28627918513973816  0.30206268893137384
  0.31716449226865873  0.33248589334093814  0.34870647007444383  0.35926066295798870
  0.36615341844407290  0.37305256059169006  0.38002298855676037  0.38676370057519455
  0.39398472406137708  0.40220087846586833  0.41021387263811870  0.41846965488324628
  0.42803997688750461  0.43597146540399107  0.44346316566350275  0.44996878236924809
  0.45838184602108928  0.46765022730771977  0.47753168435338600  0.48569613691582464
  0.49398747093933637  0.50187036034001853  0.50918215524291921  0.51681699276104465
  0.52392966974807842  0.53151794519807960  0.53992292756407290  0.54935774775198043
  0.56061548816272977  0.57319820192648185  0.58692937314729321  0.59876515678418796
  0.60889151928742669  0.61823632867047096  0.62729815153168778  0.63821051006652441
  0.64927453386650180  0.65947226043848095  0.67098000367815280  0.68570829220202645
  0.69863988886425132  0.71172304760146021  0.72419136215087854  0.73527893772194775
  0.74768625339126882  0.75971189685539076  0.77003899115308305  0.78024329137008130
  0.79108072234302063  0.80411031329757532  0.81726524928600908  0.83005133162115041
  0.84116372520430505  0.85064864692131925  0.86006535813341101  0.87001907513936927
  0.88142610637963870  0.89190995284829966  0.90236976537019820  0.91357626958610261
  0.92551272974194043  0.93779727103883725  0.94987151261849900  0.96143615327193377
  0.97187907619005520  0.98198012113707778  0.99086840256033004  1.00000000000000000
 -0.00063700047665136  0.01192277151328594  0.01981443247205325  0.02571476639627024
  0.03083905463365608  0.03556683485129454  0.03988616050345888  0.04336234402742890
  0.04649089745078170  0.04951283483992917  0.05257562083288872  0.05526751978085124
  0.05787070080256537  0.06043960785211629  0.06291452426121791  0.06535083166062805
  0.06786186266839081  0.07044625751906231  0.07315654922041541  0.07595973056839832
  0.07883102049375774  0.08181446110329141  0.08463399338209956  0.08687189887866910
  0.08883967562550070  0.09072532935675555  0.09246629540839132  0.09437061366656369
  0.09661473888945281  0.09895124111992065  0.10129035813282530  0.10340332340972955
  0.10551231538187753  0.10758147987208869  0.10978093598546462  0.11217383055171644
  0.11471174542035872  0.11722168051137727  0.11970099183033690  0.12207203164119840
  0.12437826313180082  0.12706703749522488  0.12975593257414597  0.13163670062826843
  0.13347529774652817  0.13526672440645146  0.13698305313736961  0.13956587266901663
  0.14210674782902524  0.14468226709231966  0.14726212790842014  0.14924399675375330
  0.15102154711392332  0.15284172640052321  0.15482491775730289  0.15695078304768603
  0.15950620742698271  0.16262947136571201  0.16532779898405409  0.16812740838317475
  0.17130938481180610  0.17483411323238629  0.17873361470824792  0.18316655514414110
  0.18765661147876456  0.19213972911452806  0.19655381569206007  0.20080014592120146
  0.20517235084953855  0.20965914058762963  0.21314602969813920  0.21669039879501606
  0.22027572421646996  0.22388489048988952  0.22780249744145037  0.23288319220930287
  0.23856626948579260  0.24516779762781624  0.25229136324291379  0.25928418157253935
  0.26672189098235699  0.27455314618017723  0.28209000351802127  0.28661151111488392
  0.29102302931579899  0.29595461540116685  0.30185696612739049  0.31283001917167375
  0.32755052862704781  0.34257388170225900  0.36275373899591401  0.39967678484899583
  0.44294839259737639  0.50293165984763788  0.62896020285486909  1.00000000000000000
 -0.00133281976819001  0.00378769342462163  0.01084428432281789  0.01781761844484539
  0.02546118569958945  0.03308482112373921  0.03974375829219540  0.04686139935375035
  0.05320677944618887  0.06035226806129572  0.06854876716568230  0.07794968954093964
  0.08811961880002825  0.09827394619212344  0.10695532539823685  0.11399904361165092
  0.12081412847416263  0.12752209863090502  0.13459899672787351  0.14240735090160217
  0.15025016996489807  0.15656233630836905  0.16184719476508533  0.16775321038337820
  0.17558519178754420  0.18583136863765057  0.19606359619401417  0.20630858397172264
  0.21706205178593255  0.22782348193311833  0.23927293924500131  0.25119343683622652
  0.26242217015046432  0.27216950233573001  0.28135066524547292  0.29065711854152321
  0.30070875759544358  0.31238903758161446  0.32501236952970330  0.33834764181906674
  0.35387061096294731  0.37100708420669842  0.38839682569285766  0.40565845674325102
  0.42339369300418805  0.43967347276486651  0.45407053353956439  0.46635995467936575
  0.47873351070043163  0.49347650991347869  0.51195969197345093  0.53028396392512755
  0.54813113579069606  0.56213549300055643  0.57283037973236361  0.58415630798156093
  0.59440992193734898  0.60353520828105478  0.61212078172103024  0.62143104679584882
  0.63021980964694013  0.63931415286878501  0.64863944033240428  0.65765690589530246
  0.66831446561580632  0.68463911739190564  0.69980605921373173  0.71352014954110365
  0.72754164601870852  0.74049320507294958  0.75286476803749247  0.76587895485646418
  0.77672755012793093  0.78647840151076420  0.79553836139840350  0.80420842475543952
  0.81432371415114646  0.82442859768689469  0.83411436511022330  0.84318383759281068
  0.85198560720106620  0.86117188688944801  0.87349631132208205  0.88457243684574849
  0.89514471060413914  0.90549484603303676  0.91489251951148609  0.92448686748578790
  0.93375952007814178  0.94273522483615613  0.95195118700106374  0.96164773783469870
  0.97154423830284353  0.98150771103098022  0.99048101013167600  1.00000000000000000
 -0.01189409229284055  0.51164072985652453  0.61945693190041018  0.68079604205066646
  0.72130547472248097  0.75390364005447175  0.77889168273190013  0.79685135856418687
  0.81134016668530429  0.82427072192052397  0.83521142386843816  0.84431889038251640
  0.85222335899590895  0.85985782323582516  0.86788418537679168  0.87532333888704594
  0.88148577397058303  0.88724046560114433  0.89273869193837740  0.89744133924450731
  0.90151475392990166  0.90527927730518654  0.90910654200154517  0.91296507193532905
  0.91676632914578660  0.92044403610753711  0.92402319698111723  0.92742830397869225
  0.93054972562271399  0.93336511133377786  0.93590958408069158  0.93810106526771642
  0.93986954816953661  0.94145080196124775  0.94288202713643265  0.94412589592887886
  0.94537308776591245  0.94663884936763398  0.94791162181041100  0.94923177949435011
  0.95044299064420623  0.95164728984383351  0.95284940808417484  0.95402398567130609
  0.95514186138828028  0.95619021944654070  0.95718185418951351  0.95815681097804328
  0.95902327826621481  0.95989956745894178  0.96078869694115421  0.96173482624446971
  0.96274799703815117  0.96377530693351010  0.96477052971651922  0.96568710021667992
  0.96658178685175378  0.96737791361274883  0.96814966629796073  0.96889524293276896
  0.96961020108723517  0.97029829699254011  0.97099528052267237  0.97169241308104159
  0.97239646409097591  0.97311905186630310  0.97386234427294072  0.97464856979162506
  0.97544059563195684  0.97619823713203047  0.97692568259415646  0.97761125586727227
  0.97825404814000605  0.97889337315024938  0.97942927080089026  0.97996023933275067
  0.98050774868255552  0.98104910001041723  0.98171264094194277  0.98242224637572162
  0.98314175996051889  0.98386886857413158  0.98459888594625533  0.98537428939508309
  0.98617265328800452  0.98696190767345438  0.98774931487874629  0.98856517891044571
  0.98929905244701144  0.99008323806903165  0.99091693572755124  0.99177366581085180
  0.99286393925191985  0.99428457258509073  0.99620900011303937  1.00000000000000000
   1.1874896778049507E-017  -1.0000000000000000     
 F F F F F F F F F F F F F F F F F F F F F F F F F F F F F F F F
  <DiscreteSampler_grid>
  grouped_processes
  1 # 1 for a reference and 2 for a running grid.
  10 # Attribute 'min_bin_probing_points' of the grid.
  1 # Attribute 'grid_mode' of the grid. 1=='default',2=='initialization'
  0.0000000000000000 # Attribute 'small_contrib_threshold' of the grid.
  0.5000000000000000 # Attribute 'damping_power' of the grid.
 # binID   n_entries weight   weight_sqr   abs_weight
    10   10   2.423841906071703E-012   1.795310796796640E-023   2.423841906071703E-012
  </DiscreteSampler_grid>
