  0.00108627584023646  0.00154115985764251  0.00189624229775154  0.00221127892250240
  0.00249298953392728  0.00273432244628125  0.00296234977740814  0.00318855105832249
  0.00341090235323791  0.00362773527009924  0.00384963234841225  0.00407989709445590
  0.00432263146857346  0.00456925467999626  0.00481576963744023  0.00505735121797460
  0.00529366925276250  0.00553684352956634  0.00579522118482290  0.00605661653727546
  0.00632449969850573  0.00660585863671429  0.00689202906829145  0.00717791085194609
  0.00746705837426089  0.00775686768064223  0.00806079620386785  0.00836854563195033
  0.00865094748877884  0.00892769793903490  0.00920634394527187  0.00951911806714024
  0.00986400859406668  0.01021166201103873  0.01055969835956504  0.01093198282404867
  0.01132658076219381  0.01172190159994782  0.01210700034353287  0.01247406292125957
  0.01285786033038134  0.01324492855524818  0.01364631956328790  0.01408277789631858
  0.01453473891938101  0.01497101480686092  0.01544441189148681  0.01594330713382308
  0.01643510368665453  0.01694171459530153  0.01746607622321779  0.01801016587899856
  0.01860198973552740  0.01921299891082875  0.01994120472624962  0.02075674108502512
  0.02172086801651061  0.02270175947914251  0.02372182603247765  0.02464427941428754
  0.02561576847202783  0.02656227641122718  0.02751469256135178  0.02854778185337833
  0.02976179689214057  0.03112258532359206  0.03234275117130374  0.03357118171113505
  0.03500396956944727  0.03646182306859407  0.03795788764041333  0.04020462220879476
  0.04290737279404542  0.04562165311004344  0.04803497688470668  0.05039067543646886
  0.05286051914252443  0.05570733697332952  0.05938414670167509  0.06370426376883269
  0.06801152960507259  0.07208367226657757  0.07624374252147084  0.08062580150044359
  0.08559865052667766  0.09140760218352120  0.09855797495947187  0.10654730339276691
  0.11508457844090574  0.12410117603678930  0.13903085369046358  0.15977363800924074
  0.18018702709273940  0.21530283180910131  0.23867174043857914  1.00000000000000000
  0.00051967569711282  0.00066431139947403  0.00083706650333826  0.00100630337866639
  0.00119879087214962  0.00140140164231566  0.00164266368289229  0.00192422241102261
  0.00223918220176318  0.00257867339604022  0.00297214764651166  0.00340644326337690
  0.00385059547727304  0.00432608171938304  0.00481636586587083  0.00530673881759620
  0.00581150400272136  0.00632378395464215  0.00684618070352527  0.00742314997316745
  0.00804058344238515  0.00866111138938150  0.00927213035011950  0.00991564415397305
  0.01057241688426069  0.01123390478425993  0.01190099193170164  0.01259311061372602
  0.01330231249284848  0.01405842533249341  0.01485806188387236  0.01571084485148282
  0.01654438130199524  0.01740460529555385  0.01825545159210207  0.01908534740503529
  0.01992146283911915  0.02085631940195018  0.02187851053477530  0.02283255009454659
  0.02379844343306317  0.02478299779090124  0.02578496212880207  0.02677472909949762
  0.02782475282058768  0.02882197419658894  0.02978695245420901  0.03076720942890097
  0.03176308349103034  0.03287204644421051  0.03410401968180336  0.03534763211136793
  0.03664451658947471  0.03784508051210440  0.03902915134512994  0.04034936232037268
  0.04167967837985421  0.04298300380175023  0.04431712164609190  0.04570956426215186
  0.04711060190272080  0.04850295140670785  0.04991121952735714  0.05140582107018885
  0.05307808000737625  0.05474875784334899  0.05627554218843799  0.05764657429089513
  0.05893270633187683  0.06035279505884710  0.06214161217439377  0.06404935387785732
  0.06605079208849730  0.06796069466377065  0.07020925814068490  0.07308165764640041
  0.07651478185961319  0.08106426264458107  0.08580187107486682  0.09078594250640121
  0.09618123484329213  0.10094747418751789  0.10400828875157518  0.10738943082094538
  0.11127928309269598  0.11429723762290225  0.11606885581236574  0.11950369642065838
  0.12697726170420051  0.13452632045261601  0.14648103228990181  0.15843574412718761
  0.23428554898149578  0.37923030118252832  0.60585096376592262  1.00000000000000000
  0.00000168818321837  0.00001488934574494  0.00004081657029146  0.00008343152038784
  0.00013298143224538  0.00019094736481768  0.00025804578240204  0.00033422071015225
  0.00040836637932710  0.00048443008237433  0.00056861096140703  0.00066360848885656
  0.00076546042936697  0.00087463100772787  0.00098676490488875  0.00110364869033308
  0.00122991634964072  0.00136736638527797  0.00151439574847227  0.00167097296966216
  0.00183322398924945  0.00198927229847517  0.00215070227126407  0.00232487883674536
  0.00251802209241929  0.00272782114308997  0.00293914766694610  0.00314795468482218
  0.00336556261486305  0.00360374576642764  0.00384888064817967  0.00408372852973645
  0.00431596546083588  0.00455624325799686  0.00483011461506824  0.00514077154328503
  0.00547654199184277  0.00583730268461412  0.00620118950693266  0.00657790227344906
  0.00696681586460680  0.00737397529799846  0.00780645095146510  0.00824809335005812
  0.00871925671936026  0.00922896702386094  0.00976323151674393  0.01033151723615684
  0.01095293744860426  0.01167363280608791  0.01251183065166826  0.01336971913999834
  0.01421264950126754  0.01507973996480891  0.01595514598836841  0.01682397926989246
  0.01768269369871320  0.01855842194767399  0.01943787085145658  0.02041371051816823
  0.02144764508649876  0.02254286695503018  0.02363324202479093  0.02473712483369029
  0.02608180548937260  0.02747106996510905  0.02890256475227752  0.03058304979982301
  0.03248410897232652  0.03438291558505938  0.03664578141672734  0.03892711885966470
  0.04146180541472244  0.04425230275439301  0.04732868878333949  0.05035093706780824
  0.05311401873645544  0.05611767046154673  0.05916490082770991  0.06274128291577352
  0.06739063500705261  0.07310282506942203  0.07944189199782137  0.08730088124636572
  0.09974790929276597  0.11941893203099750  0.13745417260811213  0.14460205735451440
  0.14916457794797894  0.15372709854144345  0.20087960719002451  0.34223749334982007
  0.48359537950961556  0.62495326566941101  0.76631115182920684  1.00000000000000000
 -0.00143352294872244  0.00485927522448574  0.01108467659523756  0.01715467312878348
  0.02342625998546742  0.02953166533122286  0.03547780987486268  0.04121493559121589
  0.04669573700172149  0.05205168088386213  0.05727186852444814  0.06259983627159746
  0.06813382186221172  0.07387271639802019  0.07963217935810370  0.08521615996701526
  0.09095821433545249  0.09671918912020885  0.10257525514334499  0.10875435269317422
  0.11524316617197682  0.12203805140824135  0.12862942773255145  0.13480219953681361
  0.14082278495862285  0.14702383111625103  0.15372106882657002  0.16049030331206321
  0.16721016659876398  0.17401048191370991  0.18078271516262237  0.18800099063814169
  0.19570973593903451  0.20356635400376305  0.21125204359972466  0.21864851997623289
  0.22575007189369223  0.23465968427607481  0.24374986177761726  0.25323442408843416
  0.26307593049026634  0.27285846135419795  0.28263930842671214  0.29297182260523646
  0.30401314612182351  0.31350658668392462  0.32198968396156497  0.33008503344223877
  0.33834802597053054  0.34623723025789555  0.35441165242660272  0.36235758121937678
  0.37006117080711487  0.37848578293998886  0.38731085215976918  0.39603190666945515
  0.40460766440892115  0.41390754211577047  0.42457787803571539  0.43529036941425481
  0.44557647266462175  0.45562859012669221  0.46605487743989071  0.47649904172351232
  0.48680875667209422  0.49712954495109002  0.50712146189189422  0.51677440629431881
  0.52728532239530890  0.53878756955850271  0.55238689827770027  0.56617756575027733
  0.58012476373305022  0.59420312165255340  0.60854873181375702  0.62258714198267640
  0.63580193248753136  0.64950670789999931  0.66518631330395239  0.68105152200482189
  0.69579070563971124  0.71040699279324759  0.72585884495347786  0.73986070871988063
  0.75480930035513905  0.77201113181554937  0.79106460423868463  0.80966697297748413
  0.82879200898594962  0.84909365560396455  0.86830961789461547  0.88810390828229502
  0.90990712397618545  0.93721053843898849  0.96764445661781506  1.00000000000000000
 -0.00330196061817395  0.01275112543191751  0.02530718858781277  0.03718326416542938
  0.04835449650490801  0.05893354503357379  0.06908071843372379  0.07917971728254126
  0.09019509817810056  0.10182083895265420  0.11501226308118699  0.12722298169041321
  0.13752698999394625  0.14688942302869429  0.15569267350454485  0.16514583146277473
  0.17539672739815396  0.18619040640371706  0.19641056427212014  0.20544163582155742
  0.21481933284750196  0.22524472685437127  0.23619505963418563  0.24739500817859705
  0.25853554992799893  0.27020465608236943  0.28287057786130548  0.29538842915157187
  0.30714801715195550  0.31920805085801440  0.33021652830001103  0.33954705042085187
  0.34803507139856443  0.35715432461987578  0.36723877517700670  0.37769640796845977
  0.38798754478884456  0.39895259944490513  0.41045981641784191  0.42123921848569035
  0.43114544894820972  0.44064964455398287  0.45027746302790772  0.46014292837861753
  0.47071790469293595  0.48126399087532440  0.49259183067627565  0.50475997066751488
  0.51781650197245122  0.52999319974013348  0.54064824420776991  0.55092062374229234
  0.56076004484901409  0.57153045808328318  0.58204012712507314  0.59248614185260184
  0.60291778058440348  0.61244348930357195  0.62290715449184886  0.63247224048100825
  0.64223295747827469  0.65225067041717910  0.66213111299475935  0.67162176017725272
  0.68124271456360785  0.69159866373811840  0.70293265575148389  0.71502391653020070
  0.72714405384706238  0.73801487207601402  0.74813375221761691  0.75719881605659167
  0.76655712050403901  0.77677210700625332  0.78752614962294620  0.79831249737625032
  0.80933967545995100  0.82062314030298589  0.83169354226919345  0.84176540641741326
  0.85166591796619706  0.86196919840326314  0.87195558393790806  0.88137376332363726
  0.89135072539702676  0.90162219612213412  0.91119025292026046  0.92050601355138273
  0.92979061826818410  0.93884975450612129  0.94888762239032654  0.95858472185129262
  0.96958363285390281  0.97942366242269785  0.98990837869385440  1.00000000000000000
 -0.00182140235226369  0.00859435036403885  0.01759560241433489  0.02693417920378944
  0.03597732791228628  0.04499687181444765  0.05403976705484294  0.06315768100006082
  0.07271907908490023  0.08246415256332566  0.09157011666994005  0.10044727158118440
  0.10959370815764266  0.11919468409178370  0.12915869408976688  0.13960653606524248
  0.15174393496784172  0.16466431726519556  0.17697073116533915  0.18834308330180885
  0.19930540645585593  0.21037708686584911  0.22198376175761295  0.23323076017831479
  0.24315197058368607  0.25258795120117927  0.26216036194640130  0.27174965754318209
  0.28176722412933547  0.29196455962128748  0.30223856344020422  0.31153819685903866
  0.32048727168129726  0.32980930601919201  0.34057483155031210  0.35139876306741274
  0.36198210139872622  0.37222955397533314  0.38370150990543578  0.39552487058082780
  0.40584775350539021  0.41657265580590941  0.42683847880766923  0.43756297113135822
  0.44895422400516527  0.46004872765510579  0.47106698657513479  0.48135157696428671
  0.49058160382562482  0.49917152350416061  0.50755428808584124  0.51636508705535322
  0.52786640318507116  0.54054031249285439  0.55440364582913704  0.56866690613483040
  0.58187491024457971  0.59482912527898757  0.60779860236226291  0.62041064486426145
  0.63164374689693481  0.64118110462281819  0.65063093480106016  0.66028970190072966
  0.67048395878946010  0.68087625947286734  0.69296865859672130  0.70496770206738846
  0.71609127409360451  0.72642855958902264  0.73685744140182341  0.74835407614982752
  0.76037963059941882  0.77248799781154476  0.78449244153802133  0.79617237567803478
  0.80745320129457410  0.81838330039417517  0.82885771324293644  0.83887473480426733
  0.84857977477059909  0.85808513416917132  0.86743619747508693  0.87659312577375292
  0.88583261374509803  0.89534534940255384  0.90515536998324098  0.91472067292732862
  0.92458434842368831  0.93522557437973097  0.94828762668480759  0.96035351673254132
  0.97076475962039066  0.98024309715220670  0.99008929627128994  1.00000000000000000
  0.00000589680981256  0.00774348900155030  0.01389405529553722  0.01894523196757488
  0.02331037657761096  0.02724900215344921  0.03091042007665597  0.03442700561823157
  0.03784716151151747  0.04109335162787571  0.04409388376645257  0.04691125104951636
  0.04967330248277984  0.05243675570810827  0.05522219722607092  0.05806835943356043
  0.06079225076528602  0.06330283192020839  0.06570135082962843  0.06807719928604991
  0.07043768587428334  0.07286450119505802  0.07536372760916873  0.07790071427354903
  0.08039123235114445  0.08275057307449099  0.08500143874754229  0.08724423957605995
  0.08953546123645280  0.09180013625638135  0.09395071165957360  0.09603999101462402
  0.09809657371809946  0.10021672895871873  0.10263789430075800  0.10524175076079650
  0.10775274137454156  0.11012774790739495  0.11241615110682665  0.11471138343998687
  0.11707692832640861  0.11954156227014624  0.12200460720172741  0.12432326385771827
  0.12669539687962289  0.12905261373942090  0.13134822386640482  0.13380076132354504
  0.13620800681329653  0.13861991233466028  0.14102587653037477  0.14339211094066390
  0.14574739663566991  0.14782793186491230  0.15014823573862468  0.15251592503936379
  0.15470516899206888  0.15739928512466655  0.15980875307072887  0.16231407208751930
  0.16483954280152829  0.16785612987682547  0.17058327795797443  0.17340464789242396
  0.17632510552194222  0.17955544644902202  0.18337547256656173  0.18760910648163850
  0.19134729621360683  0.19499577807485041  0.19975480719913460  0.20480610794578707
  0.20944187996775337  0.21292805070603790  0.21596679423755960  0.21895099025784445
  0.22174932354087204  0.22422073289634922  0.22929148272924058  0.23729420350164565
  0.24580045138274462  0.25383033432439073  0.26287169201950678  0.27484372734649232
  0.29393058378482328  0.31088595951381653  0.32232905122166283  0.33209895811848983
  0.34361225936947148  0.35732549167657285  0.36991126967115262  0.38345375656468594
  0.40376227724514280  0.45171657057775644  0.71792828820637988  1.00000000000000000
 -0.00220685484560102  0.01186026057262975  0.02480049594375239  0.03665559738394604
  0.04891706521954901  0.06095638472167637  0.07295933112518557  0.08402486067314353
  0.09495718149407922  0.10568478581939432  0.11690966220362804  0.12849075757202957
  0.13993168891892585  0.15021507773560899  0.15940471491251959  0.16877734019538415
  0.17936243910444907  0.19117378657561146  0.20204130496230618  0.21395522394178945
  0.22655124980048436  0.23877607093586492  0.25076767830847724  0.26225010149309125
  0.27340648165928344  0.28411824893976162  0.29448920400395917  0.30414253779677158
  0.31321735611990809  0.32209007503867682  0.33088273577152616  0.33971033837118325
  0.34899758145335558  0.35843694760420097  0.36889541563996597  0.38006278544430061
  0.39205587487156313  0.40492744996996499  0.41734298851467433  0.42842230413873994
  0.43860114913244219  0.44793264690826096  0.45715070075281672  0.46675453003128869
  0.47646127335902438  0.48611624960282052  0.49620011324989988  0.50705705220357777
  0.51806711960158902  0.52879557310730851  0.53961342483143016  0.55018120764408018
  0.56035647095075103  0.56963023800430101  0.57825549835469792  0.58673165430447549
  0.59514392335369715  0.60408391306014242  0.61398751525897444  0.62464617584369664
  0.63504357645890652  0.64567835654783734  0.65686210925745470  0.66829279384952978
  0.67883772361983874  0.68886246786624572  0.69838223657183940  0.70770522572404260
  0.71696130379972078  0.72597046231494489  0.73568913315828399  0.74602595385489356
  0.75585102166182083  0.76516829152510202  0.77504901934815251  0.78540249125365891
  0.79542690070977706  0.80499174226839842  0.81411449084290699  0.82365963825049437
  0.83341124376891196  0.84349867597958683  0.85447196380423951  0.86545877689745021
  0.87660604510852724  0.88772884611416469  0.89914666980989444  0.91090679464234714
  0.92276243075929665  0.93443463000771054  0.94544715797616097  0.95652549431763567
  0.96741182613762167  0.97855623657792234  0.98911667900343314  1.00000000000000000
  0.03508136220718013  0.29146398072302393  0.42557029378794237  0.49600156135802670
  0.54290976532665680  0.57868256661968009  0.60797198174285139  0.63441294321267949
  0.65619838960784160  0.67560853653715036  0.69324368033062855  0.70840398147438532
  0.72136827650032431  0.73358923529108089  0.74499137375870739  0.75604942122504570
  0.76639952850034787  0.77511744136908300  0.78317305653537006  0.79100291613657325
  0.79872529963442285  0.80639567566850034  0.81386528376083156  0.82088360425386775
  0.82732200945502343  0.83310049370136052  0.83820584771061057  0.84309179309101634
  0.84796183388971058  0.85268589007247841  0.85720357719247431  0.86162015852943241
  0.86602061515386719  0.87027323225544173  0.87431280217468654  0.87813385195837224
  0.88183226110731650  0.88536558547898614  0.88866942505893032  0.89179551797992584
  0.89468341219067848  0.89723797417992035  0.89960301195135817  0.90185793123223179
  0.90441186899099568  0.90693451822038851  0.90953692521589269  0.91213927005827355
  0.91468028035521087  0.91696049197173990  0.91908823314312960  0.92112224236201501
  0.92314798611070314  0.92521315743863863  0.92725542362065372  0.92916842575590097
  0.93105229058046157  0.93291463653294338  0.93477861131725559  0.93662113314021778
  0.93842082486333611  0.94016815592316816  0.94185279789446608  0.94359804921095869
  0.94530136730577030  0.94692213991601348  0.94847944978066212  0.95002128849257828
  0.95158314707563729  0.95316333007413334  0.95473241211497473  0.95630630063990252
  0.95783970394794360  0.95935535963002139  0.96088114421362569  0.96239189996088004
  0.96385626918858769  0.96526717333256928  0.96667757633598994  0.96810075108735383
  0.96954874089863585  0.97102696449861570  0.97250401224725724  0.97399831646886936
  0.97551676652667429  0.97706540211677739  0.97864643019176523  0.98025067204235550
  0.98173811961894675  0.98320782944138740  0.98471161397048956  0.98644369699345114
  0.98854852101294433  0.99115715469119925  0.99473742993867553  1.00000000000000000
   1.0987858775219819E-021  -1.0000000000000000     
 F F F F F F F F F F F F F F F F F F F F F F F F F F F F F F F F
  <DiscreteSampler_grid>
  grouped_processes
  1 # 1 for a reference and 2 for a running grid.
  10 # Attribute 'min_bin_probing_points' of the grid.
  1 # Attribute 'grid_mode' of the grid. 1=='default',2=='initialization'
  0.0000000000000000 # Attribute 'small_contrib_threshold' of the grid.
  0.5000000000000000 # Attribute 'damping_power' of the grid.
 # binID   n_entries weight   weight_sqr   abs_weight
    10   10   2.123077254662730E-015   1.083905284152775E-029   2.123077254662730E-015
  </DiscreteSampler_grid>
