  0.00623185003849856  0.00647801666047688  0.00671447690655069  0.00692721861070747
  0.00713795220842579  0.00735239534230859  0.00756898648854585  0.00778307205468758
  0.00799519653778991  0.00821461096571182  0.00843204242725886  0.00864787881686854
  0.00886729763489208  0.00909926737343697  0.00936590979940514  0.00961977764142157
  0.00987155091361865  0.01012923170669334  0.01039644352143295  0.01067709924476963
  0.01097530778109051  0.01128249956886983  0.01161529925043527  0.01194822875100488
  0.01227724808244306  0.01261713067915435  0.01297904934333879  0.01335825237229815
  0.01374398709995864  0.01413224792967457  0.01454132284631515  0.01496129966345929
  0.01540422145417982  0.01589784131075407  0.01644806722152597  0.01708923287609395
  0.01774899763838718  0.01838641827984666  0.01899647683494651  0.01956905837602005
  0.02013153552819711  0.02073518769063012  0.02141479089121113  0.02215749354041076
  0.02291155455872472  0.02370302455752232  0.02451425347708499  0.02540062255180161
  0.02637604996402217  0.02738859891737436  0.02843234230489489  0.02941860087620912
  0.03035436088675931  0.03134205020008291  0.03237775623451734  0.03345033798754550
  0.03454563440128965  0.03569481628894386  0.03687191321594122  0.03810877022504797
  0.03930289091406781  0.04064469231732936  0.04199464957150750  0.04366852553759264
  0.04530003555982964  0.04691948926796153  0.04834482623422628  0.04963638939833852
  0.05074144632349169  0.05209538250135795  0.05341270550197157  0.05446341130724768
  0.05546926424825303  0.05653274018453296  0.05772913227037198  0.05926596926313551
  0.06178678110229895  0.06565568105230042  0.06931413748032221  0.07383414694798782
  0.07899413308330966  0.08422270104424461  0.09017329487732205  0.09537941054727948
  0.10029135897708875  0.10364960615567413  0.10729775505975166  0.11074583384111181
  0.11512185532956742  0.11982268252782359  0.12992932066548221  0.14668379342409976
  0.17647670853915021  0.22770645523741231  0.38313658973669268  1.00000000000000000
 -0.00000069300579455  0.00013388235800121  0.00035361261198846  0.00059123477710929
  0.00085479087916515  0.00115980418298935  0.00147981837043731  0.00182796347990125
  0.00217488040951962  0.00252267795621724  0.00287600381209915  0.00324655022752897
  0.00368023843726138  0.00411445313547996  0.00450978173111947  0.00490955408051184
  0.00530755161392526  0.00571077010488164  0.00612665141220618  0.00658599367472041
  0.00707699458007605  0.00757200903958066  0.00806699657926407  0.00858367916339837
  0.00912542286888220  0.00968336508059684  0.01023103069126409  0.01075276342531186
  0.01127224983686155  0.01181740965200362  0.01238901201200939  0.01297664203705757
  0.01356585026190038  0.01417414295716262  0.01482744907412305  0.01549751102844882
  0.01622017014431107  0.01695171179855555  0.01764474297354424  0.01833805853709981
  0.01914530625076915  0.02001737875981601  0.02088285776216675  0.02174616193102608
  0.02255005897521334  0.02335426324352751  0.02403672820655541  0.02470187434791756
  0.02544380579549752  0.02619102577596796  0.02694411020498735  0.02774353971712176
  0.02852770325748229  0.02931754978798318  0.03019481298024361  0.03115447373053433
  0.03213630749143763  0.03317340702011159  0.03444904302667788  0.03607920148681310
  0.03767583155915849  0.03930074230948835  0.04095338140580154  0.04262495517002800
  0.04423596367869870  0.04566364255385055  0.04693814461197181  0.04811612459024274
  0.04929477698705131  0.05062033305034310  0.05211895986156997  0.05364224968300348
  0.05529261171120729  0.05676809659297793  0.05816901551532724  0.05978821597842554
  0.06231791445752555  0.06510201593473584  0.06737902431072870  0.06947413446045436
  0.07254509265212700  0.07758283581678509  0.08404461282144091  0.09012829234026634
  0.09478149800134067  0.09900879529740053  0.10336640046208172  0.10866325025782821
  0.11412856975971612  0.11892049093081367  0.12483826343127544  0.12975426897393258
  0.14802532746809702  0.20707367825246864  0.31038681227288645  1.00000000000000000
  0.00000255174126711  0.00000275293969699  0.00000292101866563  0.00000309653193575
  0.00000326994383473  0.00000346289602537  0.00000367036372123  0.00000390576712848
  0.00000416075437270  0.00000443836341330  0.00000476164623668  0.00000513354732250
  0.00000555626593048  0.00000598489272840  0.00000647775571796  0.00000701405145173
  0.00000762544832837  0.00000832977531057  0.00000908044796039  0.00000991577674518
  0.00001083210941013  0.00001176885185886  0.00001276062267611  0.00001393501247938
  0.00001531464821142  0.00001692135115223  0.00001879989516063  0.00002083165334038
  0.00002303703891143  0.00002528193794480  0.00002774312333763  0.00003054518653554
  0.00003370734337245  0.00003704680405977  0.00004069455287017  0.00004448512053641
  0.00004858702564807  0.00005334091203107  0.00005867880913516  0.00006441049155089
  0.00007064827385518  0.00007753766608949  0.00008510702376639  0.00009361665312281
  0.00010291064511849  0.00011283438503860  0.00012429255214822  0.00013724439295728
  0.00015149812202867  0.00016608195226229  0.00017937030045876  0.00019435148125304
  0.00021102517308131  0.00022845688465580  0.00024778727651867  0.00027021281502648
  0.00029680551093584  0.00032719260048820  0.00036045109770028  0.00039636784312436
  0.00043625824819807  0.00048327424271530  0.00054035095247003  0.00060808257089093
  0.00068308783976703  0.00075547511710592  0.00082557589148769  0.00090605351535194
  0.00099422324553597  0.00108722539220034  0.00120403748470741  0.00135316095315595
  0.00151750982631482  0.00170087065634052  0.00191346363391415  0.00217254092186467
  0.00252619116176128  0.00294196862584635  0.00341041829398464  0.00395640384576435
  0.00455249435463358  0.00528728743328482  0.00629527246797934  0.00752984322461837
  0.00882148838730411  0.01014728534094610  0.01152353291889880  0.01317091387180145
  0.01532561823301391  0.01866849043268649  0.02281340125654452  0.02772778910531268
  0.04267319804661463  0.09500219624644052  0.19007068926565107  1.00000000000000000
 -0.00382692611702853  0.01591634461270933  0.03136724101839160  0.04530967669245592
  0.05814512135740278  0.07112069872536619  0.08490958262893056  0.09928956346840223
  0.11318969657291859  0.12609018268889158  0.13825369104029964  0.15035994823381774
  0.16208653534132661  0.17334749510131178  0.18473543651427288  0.19669007994767015
  0.20881805088221372  0.22061705095968093  0.23282830245281813  0.24558280860005988
  0.25861166928804696  0.27139760912988181  0.28341543239386385  0.29446206039671713
  0.30527295328046566  0.31680141437573361  0.32757244905244676  0.33781365705974870
  0.34824191005687627  0.35952225862658688  0.37074256080668783  0.38223920309306336
  0.39379464295961419  0.40524264790804615  0.41609072910013845  0.42654441527904807
  0.43722697207314903  0.44809610158633062  0.45928280556853590  0.46970319513648895
  0.47943558781884515  0.49002176522814855  0.50065339439211853  0.51230004634013837
  0.52342121047843515  0.53458358026270436  0.54626807834383195  0.55767739677967565
  0.56804127338652477  0.57770509727355135  0.58744395889054923  0.59757047856431500
  0.60803906877142777  0.61871967711060882  0.62928765974861578  0.63983708266377992
  0.65062602324621910  0.66187275037747817  0.67204312324953042  0.68062261687183467
  0.68843224364040578  0.69617177813874542  0.70452072131384269  0.71328736310033380
  0.72127173732711802  0.72909536173599121  0.73707191053503174  0.74531593112889549
  0.75365800489704371  0.76267081829992567  0.77159434426024165  0.78239620584892466
  0.79374025695832973  0.80460975448481609  0.81428926362627430  0.82373421034202965
  0.83283866877950363  0.84160972894122599  0.85080740639237651  0.86103744193212162
  0.87193671974319531  0.88206249037707873  0.89084696081766002  0.90031830903846577
  0.91037508037786152  0.92038889584591521  0.92935273845885713  0.93782237861397511
  0.94620546820119023  0.95449068373694024  0.96234095578455925  0.97001721862905532
  0.97782934161920809  0.98541362561145140  0.99272271146718538  1.00000000000000000
 -0.00249949118660629  0.00966657291331545  0.01986090332274648  0.03111808377771140
  0.04226334096272705  0.05294821693939420  0.06447796121394508  0.07725792558234169
  0.08964042182707989  0.10102074771573236  0.11225073426526558  0.12267310010885391
  0.13339218757945409  0.14455662429411781  0.15618494151259874  0.16844254021176655
  0.18132587826155591  0.19397661080531356  0.20638548386778000  0.21773177227487558
  0.22934485248911712  0.23970582485288350  0.24995548281491056  0.25977510980250484
  0.26958220698470320  0.27938824886904756  0.28891633771977876  0.29884277758721611
  0.30892705384028923  0.31891712043947584  0.33019621148316369  0.34236832869570127
  0.35479357965623537  0.36620109899330072  0.37802250552861349  0.38915947453659488
  0.40027956555262645  0.41009948449569528  0.41956217901319826  0.42800037655713891
  0.43693799463908667  0.44702870271967754  0.45726061749692809  0.46740845633546690
  0.47855527259670416  0.49056111204209191  0.50257148274411190  0.51326366027338866
  0.52369730837638329  0.53405878507076543  0.54457467362719469  0.55528834918036074
  0.56581435120728230  0.57627098680242761  0.58729857766961902  0.59834334906650366
  0.60962069780557959  0.62180613396999795  0.63390900786784588  0.64570033667843718
  0.65617243792201208  0.66612342244496558  0.67609540259862688  0.68668812504117638
  0.69630272851336128  0.70525725664927352  0.71420566150090747  0.72437725986186219
  0.73406824950365690  0.74406912935442848  0.75453918428438194  0.76573224479569346
  0.77559209998460854  0.78416421961542693  0.79266459911951681  0.80137807706783026
  0.80974314074468778  0.81803876872101278  0.82665579367871500  0.83690836058587514
  0.84906915421140627  0.86195102881228247  0.87334135933092516  0.88334039507800244
  0.89283746336812786  0.90244639854573194  0.91260106906634941  0.92296978797720441
  0.93374275150635766  0.94370841798617910  0.95346029224620177  0.96302263574587221
  0.97261974068179036  0.98204396188456844  0.99094524561666908  1.00000000000000000
 -0.00284884485819370  0.01032268593329508  0.02091113312489552  0.03280756027205600
  0.04421552343721122  0.05560546358241079  0.06713119974444251  0.07856543605163999
  0.09031933360892967  0.10218876715495219  0.11425998606701110  0.12619458580056719
  0.13777994193607651  0.14884507633326677  0.15840139783931922  0.16701376451932998
  0.17561957865884154  0.18441722055019671  0.19365139690284336  0.20270453169080638
  0.21380723361233070  0.22654032677420238  0.23915762516134426  0.25087772887692167
  0.26155014056100390  0.27185839407681806  0.28213087365006978  0.29226191317758510
  0.30215191046646239  0.31185951738266093  0.32235093903732015  0.33314523116868161
  0.34397329588052794  0.35532724180567155  0.36640092761364529  0.37715368535869348
  0.38740606813176670  0.39733339511297616  0.40618553012985814  0.41442132777808283
  0.42230613857223676  0.42997551933779288  0.43781713614229767  0.44573836084742069
  0.45329298902909132  0.46178245081448105  0.47145819214233303  0.48140908961211848
  0.49184270525300033  0.50228589104584853  0.51145190710502164  0.52002470812531287
  0.52788649295835299  0.53594575841123793  0.54443230259754505  0.55364669474678230
  0.56349958296296210  0.57384851846533624  0.58480703577657811  0.59643094493283311
  0.60781693582687568  0.61868877414599421  0.62999556573743554  0.64107132095697306
  0.65123229398655036  0.66114914175719808  0.67137692056245579  0.68208027967480589
  0.69284280298573309  0.70320316278638961  0.71373046974294840  0.72454077189295263
  0.73514827525939686  0.74602325143238268  0.75740106435670207  0.76913462772868024
  0.78043182892198404  0.79028976571013043  0.80024874955172109  0.81093189214428907
  0.82164407402668338  0.83276753459445796  0.84507439084341207  0.85817437711678501
  0.87093741563170557  0.88300803492080637  0.89511453183779188  0.90792757130655632
  0.92133469887330866  0.93363320921409410  0.94521978784996508  0.95710759226736886
  0.96776188733855506  0.97783657897877985  0.98796856558285973  1.00000000000000000
  0.00582977744973454  0.01050249479255708  0.01682959744586480  0.02202216914503321
  0.02672741337796207  0.03117606335524389  0.03555208690683632  0.03989412627461271
  0.04388836817330848  0.04755651700951755  0.05111793272867918  0.05480072421002263
  0.05866487489908850  0.06268217945330808  0.06645839422795582  0.07008284679539357
  0.07372193985325957  0.07742546956665480  0.08118827150905519  0.08483047643872044
  0.08827879569242737  0.09162401026220343  0.09487103924944064  0.09817223425801901
  0.10153942296146030  0.10487341577881877  0.10814781339929265  0.11141871312662070
  0.11469728152211776  0.11796138039533083  0.12137288625649099  0.12474537559098396
  0.12746868767932804  0.12994063056898000  0.13213691852771059  0.13433106238951548
  0.13678749868854245  0.13926244234799232  0.14192829509717264  0.14443686589355820
  0.14656212461459345  0.14828436881255636  0.14989796601216970  0.15160221800530699
  0.15344388457449754  0.15548610981880273  0.15761966407855946  0.15934407662754610
  0.16099087096148959  0.16259734491909267  0.16415630871470599  0.16578026170408761
  0.16742440381823237  0.16915799110838217  0.17117226997585441  0.17316344092312766
  0.17517880697845192  0.17714464837616120  0.17888415484013540  0.18075444476716859
  0.18273483191745135  0.18517091960952217  0.18775533746646594  0.19031911908613422
  0.19309096905491929  0.19594818596048988  0.19871106822695339  0.20132398288111800
  0.20406364274885788  0.20597792752729435  0.20788896250504890  0.21002395975113372
  0.21298793263303911  0.21633472826087244  0.22069392125770088  0.22517100927765357
  0.23019757422781481  0.23637377517085476  0.24687084870143308  0.25811599080544756
  0.26978338992817102  0.28069393020942551  0.29109345377022711  0.30283714323763422
  0.31196964978502822  0.32018327472612790  0.32804645217913059  0.33796222038024770
  0.35723228200562013  0.37140061172130684  0.38711179909531723  0.40642784475410626
  0.44090798610247917  0.50116767934175765  0.58071847898608964  1.00000000000000000
 -0.00235507819873140  0.00997985141630757  0.02196004720479199  0.03392654947472748
  0.04671278737410472  0.05907800835130567  0.07115106744517231  0.08370110241050785
  0.09696257575177798  0.10977350599827365  0.12068173916439576  0.13143977924034628
  0.14147330258364385  0.15055216943342156  0.15900748994646027  0.16728582335086653
  0.17642314317728089  0.18536806944234041  0.19371103331565850  0.20248168297111868
  0.21127967088272859  0.21977283613001031  0.22894624024449617  0.23750393502834699
  0.24545225255467273  0.25353455601437153  0.26270671335999685  0.27166736740426745
  0.27999883488328331  0.28841655021288509  0.29749856923322593  0.30693527277242311
  0.31632981150743139  0.32570459125973988  0.33490899274126756  0.34390350964392469
  0.35353543295012435  0.36353401636870342  0.37467471080928150  0.38589844193849587
  0.39768100321235728  0.41098401948564711  0.42500190971831536  0.43919900056773375
  0.45052248364499081  0.46243007575548167  0.47416871571629804  0.48447817199651433
  0.49407040380335010  0.50294440826479458  0.51347447960946224  0.52422905035405731
  0.53680010533440259  0.54854216293302416  0.56017665836895492  0.57101304656105101
  0.58250289487259044  0.59406951372145700  0.60563513809394554  0.61634060737751750
  0.62620092532814831  0.63585369208811271  0.64563993970622635  0.65593670845000784
  0.66625983342561268  0.67647303610014209  0.68644718280321504  0.69573051080863713
  0.70462101731985827  0.71297423639026747  0.72054086011310059  0.72812227190265311
  0.73613907092434239  0.74475903107183417  0.75470881380085797  0.76546426458502370
  0.77598716900974829  0.78630781820320328  0.79648439168389096  0.80668060319127610
  0.81709366502782410  0.82770579048554516  0.83873482975324243  0.84857034262007436
  0.85841850700082678  0.86829724263733199  0.87835497183512157  0.88933998959830074
  0.90082990124856643  0.91469871455062635  0.92860050617301915  0.94194982187891119
  0.95489626304435615  0.96931174071202064  0.98423526591279609  1.00000000000000000
  0.02888900613384513  0.31174398229644423  0.40812933175921862  0.46607216011702485
  0.50645049980222456  0.54077592896260307  0.57217467377904974  0.59727520151622049
  0.61870944856286203  0.63995570849901151  0.65719851965838028  0.66975093724423762
  0.68110205127319001  0.69198536136148425  0.70267054588533939  0.71449327079778713
  0.72594773908554955  0.73674721407051069  0.74641859940598254  0.75450172205866639
  0.76209779970589242  0.76959365588913287  0.77600041169261313  0.78209384318513830
  0.78830492323773127  0.79447583869911176  0.80012356071231205  0.80580138918686983
  0.81148547701353557  0.81730700076997609  0.82296597323451604  0.82843694200679430
  0.83342401960889734  0.83799880125909820  0.84223981797672531  0.84630535827233788
  0.85049684515137258  0.85464867836256109  0.85902441249193695  0.86314978185678870
  0.86707439365577732  0.87091700475774714  0.87468388251282569  0.87813971067425922
  0.88151693403213238  0.88487683596222033  0.88818976442590081  0.89154265581300574
  0.89485469475891910  0.89798718051916671  0.90100969008391063  0.90392901910653645
  0.90672523825025508  0.90948485300196535  0.91220373561841794  0.91503535275568004
  0.91792097108939352  0.92079666550641004  0.92364070104335361  0.92634175195608570
  0.92882171242310729  0.93113231638300231  0.93336256312128207  0.93560329796153474
  0.93780370992708484  0.93983222492322260  0.94188855202948929  0.94398516991052450
  0.94607738348205739  0.94812737064059471  0.95013031702218576  0.95199265208265693
  0.95379296950262382  0.95552882061324285  0.95720886028403118  0.95884842906157708
  0.96053954136139652  0.96223339390894325  0.96391952060085528  0.96559409136584418
  0.96727165582264363  0.96894920320655886  0.97064962038793212  0.97237480096636641
  0.97410300151782703  0.97592983722983073  0.97774522220412441  0.97952727589464150
  0.98126767589757891  0.98296460988474821  0.98473427484323739  0.98661052740857413
  0.98868538893211588  0.99112837386891706  0.99456719308801123  1.00000000000000000
   3.8066511101799334E-011  -1.0000000000000000     
 F F F F F F F F F F F F F F F F F F F F F F F F F F F F F F F F
  <DiscreteSampler_grid>
  grouped_processes
  1 # 1 for a reference and 2 for a running grid.
  10 # Attribute 'min_bin_probing_points' of the grid.
  1 # Attribute 'grid_mode' of the grid. 1=='default',2=='initialization'
  0.0000000000000000 # Attribute 'small_contrib_threshold' of the grid.
  0.5000000000000000 # Attribute 'damping_power' of the grid.
 # binID   n_entries weight   weight_sqr   abs_weight
    10   10   5.710404770297829E-006   2.193187610340358E-010   5.710404770297829E-006
  </DiscreteSampler_grid>
