 -0.00000301978888584  0.00019441825204170  0.00056105514126706  0.00092110016513875
  0.00134645228087144  0.00195639122321300  0.00265898518670716  0.00340378897127991
  0.00427457291603190  0.00521169687109941  0.00619284914947676  0.00714750983240355
  0.00806168667115986  0.00897466954020658  0.00972747902060962  0.01050502653670387
  0.01119302637758985  0.01202101989108969  0.01286637754167753  0.01377967240074538
  0.01475395892235670  0.01573067784038785  0.01671639805964779  0.01768565824558287
  0.01883055323351233  0.01995731166695849  0.02103615461382374  0.02208872859373991
  0.02305153146085357  0.02406881290880448  0.02520137643665115  0.02638583957435030
  0.02760842534770726  0.02880703956143114  0.02983106601874391  0.03062883598065784
  0.03165951164698669  0.03271252210167253  0.03368034933797876  0.03477210366445701
  0.03586914870026153  0.03701447113370342  0.03814274842990760  0.03926080775891778
  0.04038965067979094  0.04152161317411723  0.04261614990342451  0.04393847116476386
  0.04513192194145712  0.04634213810584296  0.04761819396862840  0.04896545543055582
  0.05037453322801461  0.05182615588208368  0.05322262401914021  0.05488033396429318
  0.05654051969454490  0.05814963268652777  0.05971223522556339  0.06130050034833967
  0.06294378772456724  0.06468113536913239  0.06668214668689018  0.06873005049224593
  0.07062682413731861  0.07258575014176027  0.07449199385244942  0.07642176648456774
  0.07841403119716962  0.08027400339520956  0.08182264373808151  0.08345936207249251
  0.08513194158637744  0.08686242105749721  0.08926400692987166  0.09222633923841506
  0.09513193787002010  0.09785634841009511  0.10032522646242702  0.10228244493541291
  0.10422325268718782  0.10615293539952622  0.10857348193099324  0.11142545352252478
  0.11478469244184170  0.11788321644331937  0.12090138309534737  0.12410615574288429
  0.12769368847121068  0.13121286429153770  0.13616680563984154  0.14085535522024428
  0.15606127739029632  0.20658914015690941  0.27618534009521367  1.00000000000000000
  0.00026295098050174  0.00029894509954032  0.00035257579820526  0.00043206285167535
  0.00048092205415676  0.00053666959009486  0.00061374253114700  0.00069082083767740
  0.00076911388697683  0.00089472189225906  0.00104032792047218  0.00120688527599448
  0.00139650534650111  0.00159451732050923  0.00188944604184760  0.00228205615791990
  0.00264710819906843  0.00305175053468654  0.00353197240691291  0.00399511222484416
  0.00439258639803336  0.00480023083381727  0.00520289655412929  0.00562041832341719
  0.00607206051846688  0.00657212333994897  0.00714236819541892  0.00770259873690090
  0.00827526706705787  0.00885443794940577  0.00936004030614768  0.00983828390997049
  0.01030394624280247  0.01076031437706724  0.01116598636070876  0.01152271171524151
  0.01189575334415407  0.01233765795820359  0.01286111087076579  0.01344986979803334
  0.01383416685704116  0.01437439311747389  0.01500695648910498  0.01574102769528363
  0.01663610597387950  0.01737305672024015  0.01839970344113666  0.01937255756387118
  0.02001395970660625  0.02061569358114672  0.02124513987045396  0.02192650628318991
  0.02264860066319073  0.02341376913456468  0.02399583945760473  0.02474786008019071
  0.02556278812583647  0.02657594292042993  0.02771547361820089  0.02865531184271318
  0.02961221854697696  0.03066266295824130  0.03226068900922201  0.03362413195894644
  0.03452425927284712  0.03535425948378223  0.03625585173503694  0.03732000063112664
  0.03873047581185769  0.03978077619698368  0.04050792769998009  0.04124653623383655
  0.04191914910915792  0.04355702592466165  0.04572089353229488  0.04799363465371150
  0.05023379909656087  0.05244102110177356  0.05453934319027679  0.05699298151151986
  0.05988690647235265  0.06321103354024336  0.06680957447765341  0.07020611780342101
  0.07315371902675304  0.07514065999918469  0.07652791320231167  0.07886534954103978
  0.08138586184030604  0.08420663124273368  0.08675145062442849  0.08913061574868823
  0.09133948724540443  0.10241156814047633  0.10679334125757804  1.00000000000000000
  0.00007459327805238  0.00010307886926758  0.00010820142376206  0.00011342252365648
  0.00012410471476855  0.00014381723964068  0.00016194748894302  0.00016893998061050
  0.00017731477112330  0.00018688374934531  0.00020093056477752  0.00023115688322034
  0.00025408750047044  0.00028056059235111  0.00031350606292992  0.00035060853899827
  0.00040155477927054  0.00046778318067982  0.00055547000608356  0.00065396257160171
  0.00075843601120135  0.00090910655145778  0.00119180825545945  0.00166459244476762
  0.00247600211550037  0.00345856239488517  0.00468285330073433  0.00595063971278020
  0.00725448232739625  0.00859085633848243  0.01005043588118950  0.01157428786770488
  0.01298910586154796  0.01437967935725227  0.01582956701171818  0.01728418572223030
  0.01854765754583012  0.01948572203817878  0.02035193703351788  0.02124341473610103
  0.02213865894124584  0.02312471233305973  0.02411619199416594  0.02509450994206025
  0.02608682073392191  0.02693334786498724  0.02778533126630293  0.02863961984390099
  0.02972751947720208  0.03079110707042385  0.03176508521015742  0.03270255065209619
  0.03373676700074922  0.03498416371612890  0.03611822048003017  0.03727840798844715
  0.03849564528010643  0.03976409134317826  0.04099047369865489  0.04214670719673523
  0.04324962414767665  0.04428855977968965  0.04537713122524579  0.04661603714354663
  0.04798001078496957  0.04941096513794675  0.05081434745705073  0.05216086392075197
  0.05360283577952450  0.05543679284788104  0.05750926682736096  0.05958554647122928
  0.06148213243612861  0.06343119847386221  0.06502715003322321  0.06656769406710331
  0.06821981515871620  0.06996237680240487  0.07165210037875977  0.07330618234441157
  0.07530026138953655  0.07711363308140980  0.07875449462356757  0.08038953217573706
  0.08183295722561536  0.08399589046051155  0.08802258675396521  0.09250805816538195
  0.09760433941657574  0.10270062066776954  0.10785412489401702  0.11470801146378626
  0.12156189803355551  0.12841578460332473  0.13526967117309424  1.00000000000000000
 -0.00330302266035540  0.01215933608928068  0.02297362935378786  0.03362775966718771
  0.04405054958394816  0.05441452320651120  0.06439431668954275  0.07554104690866960
  0.08577460579411277  0.09575965307751291  0.10542349038625418  0.11614023123903350
  0.12789261127656065  0.13909421378280759  0.15098967537773586  0.16301863072277514
  0.17529150584430822  0.19025702500154393  0.20361226781815855  0.21731386877525455
  0.23037325485885962  0.24260032499555398  0.25497928844629764  0.26827792692036462
  0.28354054739535162  0.29735782427208496  0.30978110338944176  0.32138051767853681
  0.33229954870583839  0.34232541113648396  0.35217493854543303  0.36396761760565927
  0.37851059052840863  0.39392362051943758  0.40691842928572153  0.41773184809045055
  0.42786533724406439  0.43821943250546058  0.44847895799983811  0.46058140343219933
  0.47197104194629902  0.48105256703955734  0.48833507226523876  0.49641827854453785
  0.50492854385455344  0.51234818463078036  0.51971901579669866  0.52648322549198212
  0.53220239800220703  0.53787167658592239  0.54484393675185738  0.55169473000369917
  0.55770313148322836  0.56369163440126346  0.57166823472563733  0.57977735364075778
  0.59083205746701029  0.60344465636229350  0.61382220199549808  0.62222071836570958
  0.63135762276508633  0.64065505103473908  0.65445499980339017  0.66768877998833387
  0.67993373540732194  0.69200935190464485  0.70148810454743638  0.70975165422794906
  0.71831024059365378  0.72773429104802001  0.73931562080077196  0.75314558848120805
  0.76815872226993653  0.77894565106745284  0.78900996951412761  0.79771941563667670
  0.80572233215287414  0.81413768933083075  0.82303037954939939  0.83098507242646524
  0.83923975642899151  0.84915430018781868  0.85997235818688600  0.87239350454971376
  0.88405452045522948  0.89549470705950251  0.90605939185907280  0.91470170135764850
  0.92446530563402718  0.93471607950022195  0.94523304058248081  0.95558451638200770
  0.96513116639523144  0.97514320267105137  0.98655443507373453  1.00000000000000000
  0.00434611496555641  0.01833128300005117  0.02761272691730103  0.03437675183669400
  0.04014955236148317  0.04540282620172318  0.05017334205987960  0.05456497020158269
  0.05877914960415573  0.06283178171680862  0.06641949862810906  0.06982499871326263
  0.07301292474025024  0.07636452848540357  0.07981935331084705  0.08316550411357684
  0.08636913794894097  0.08959946177204839  0.09279082937332005  0.09617677304544382
  0.09954735916959674  0.10315191630464819  0.10591107446786543  0.10839403896848082
  0.11079524740881047  0.11333513214371660  0.11628610901182089  0.11955339448491835
  0.12281413231425072  0.12575907502081413  0.12804963690586224  0.13006658501829796
  0.13213046112979182  0.13430976257698962  0.13674096400319127  0.13942488955130800
  0.14208853348166728  0.14466370874990531  0.14726220330971670  0.15003492354630799
  0.15319587565519119  0.15651892854523397  0.15962830337567621  0.16254327925472423
  0.16543170936425433  0.16797476808344314  0.17027865464233072  0.17248613635421653
  0.17463205877590465  0.17669009590078114  0.17847757369543957  0.18010416802274021
  0.18171797247212684  0.18341324035285897  0.18477618169020316  0.18601560931285230
  0.18750446012061575  0.18921386058659009  0.19110825895828976  0.19356585911948676
  0.19583327047701449  0.19796008767591730  0.20092973873174297  0.20425781441417845
  0.20772710860786753  0.21058917541030278  0.21314937258544386  0.21583508215371230
  0.21887325633387150  0.22150273354474170  0.22405579432319345  0.22704466050912175
  0.23041392039432093  0.23282138217154491  0.23480739989081184  0.23701721958860847
  0.23988390020791564  0.24315768865429796  0.24634871923356011  0.24869959074921905
  0.25210626666592900  0.25765304073408307  0.26441123648581699  0.27116428419250932
  0.28857004795072250  0.31314894250965802  0.34228699257823814  0.36884891614636001
  0.38607091230107460  0.40105676632965975  0.41792642899659471  0.45580132405563928
  0.49520255498048249  0.53885789994168420  0.79190589889487717  1.00000000000000000
 -0.00258754841510127  0.01117989563403915  0.02213039928294027  0.03303500245607915
  0.04514895417404264  0.06020124822436911  0.07771203509739820  0.09223955343533051
  0.10478020975953170  0.11605826529495002  0.12636745967230456  0.13643701974040892
  0.14544654813756627  0.15367912161062700  0.16286141012590952  0.17353194412840145
  0.18441288481045262  0.19488379693381055  0.20458875883856600  0.21666098567645298
  0.23040795003936021  0.24164286117352449  0.25093632240139241  0.25858333395888788
  0.26551070957023959  0.27293966757870380  0.27988507163834869  0.28876450003481530
  0.29797003987281173  0.30923645129926719  0.32101588476446058  0.33285807861833711
  0.34518629716804944  0.35590434113750896  0.36483179824605289  0.37396941745195594
  0.38533230113383626  0.39706727855515211  0.40733348267241076  0.41551252217494444
  0.42890789878051216  0.44236344861076776  0.45726856232966295  0.47263130007732757
  0.48511663762226287  0.49551533145258841  0.50523182444069459  0.51484798760196071
  0.52447248930645352  0.53507189060683125  0.54563407683501586  0.55501471885244547
  0.56364513758496415  0.57257067968665309  0.58193600950987423  0.59076238183409269
  0.59904786389728559  0.60705133839722802  0.61484296838287589  0.62349514320543220
  0.63302718120228907  0.64246974549338975  0.65370582147484835  0.66634934980800342
  0.67768286884608542  0.68804130485685133  0.69833452323479106  0.70936661622806607
  0.72183919472798896  0.73543822551630189  0.74848933277949647  0.76124130909243715
  0.77065492355586840  0.78067621117759589  0.79145595737566254  0.80395864444935938
  0.81570784047236711  0.82500802888523617  0.83332923698536299  0.84181316335844780
  0.84944151132916768  0.85648585789786136  0.86361978873764844  0.87068385087774636
  0.88247003444512695  0.89515811221079000  0.90936893291071830  0.92295736544341189
  0.93622623213863754  0.94883987222434707  0.95969280921802880  0.96856634226054672
  0.97688538145656278  0.98473476881534627  0.99205879882729731  1.00000000000000000
  0.00176602507424835  0.00398587684568368  0.00669837733872122  0.00874901448967398
  0.01045962410433447  0.01199441330395871  0.01339644490278591  0.01468837801896760
  0.01595864529056889  0.01710453642474576  0.01811979467652427  0.01913529186259031
  0.02015130972888059  0.02118844673277357  0.02224084598719979  0.02325981075912350
  0.02436943018304824  0.02565202077149396  0.02682373743217284  0.02800587854643157
  0.02930186996391369  0.03059198067475125  0.03180940476314443  0.03298363474128704
  0.03417451531343310  0.03537521567155027  0.03656674006532160  0.03771213631615986
  0.03880335262139394  0.03983447251833077  0.04089262601436135  0.04192707688899967
  0.04290333184150119  0.04371162088467984  0.04454591075765150  0.04549016677645015
  0.04655564417905404  0.04764260508575140  0.04871338199307947  0.04973919051340691
  0.05067771901948556  0.05159915912411190  0.05259180203771318  0.05363941450401381
  0.05491549351383744  0.05642128551005147  0.05807883797949062  0.05946047019827758
  0.06074322052539528  0.06185429801875741  0.06304032131192791  0.06428016658441073
  0.06559863648719445  0.06691590140787546  0.06824858706737991  0.06972042571545245
  0.07122094701564330  0.07252878351315767  0.07375658076234509  0.07497840560901739
  0.07613673305909459  0.07725162502342788  0.07845249441790425  0.07986004566657628
  0.08111738919118236  0.08233559019970101  0.08344737211267721  0.08459099392370475
  0.08587913465960635  0.08725551445925138  0.08846130179705844  0.08972606707765343
  0.09152021043818942  0.09295564509584513  0.09436399164032823  0.09571436431923110
  0.09726592658592180  0.09935874282010330  0.10165155958991018  0.10432384807803870
  0.10774907028027400  0.11165954850838385  0.11479860516479651  0.11693835114475355
  0.11909505031420965  0.12126232837012099  0.13226466268919029  0.14875499591588787
  0.17642983311077795  0.21016375783327193  0.23417685340886374  0.25171171405929793
  0.27168610632250406  0.30900938419295410  0.54899437817214114  1.00000000000000000
 -0.00084162253726214  0.00437071292470110  0.00979311243881389  0.01564848772100672
  0.02225428580281417  0.02876137056036181  0.03554846187451927  0.04145267926251929
  0.04699539558102425  0.05240460257982423  0.05740568331909662  0.06535424206313209
  0.07522020469075544  0.08520260749879201  0.09390196431390366  0.10154897318590846
  0.10905653486338267  0.11616311304388834  0.12334203448790207  0.13101214581154766
  0.13919525448033315  0.14852984568704330  0.15931634164960320  0.17133754873895446
  0.18397788040732757  0.19539006537643677  0.20693234457845280  0.21861575866173688
  0.23135249129141336  0.24508087423594924  0.25941434501638827  0.27426081215823200
  0.28747736208734753  0.30067558698750113  0.31291984140936890  0.32533432656338279
  0.34003284735121242  0.35531526260066876  0.36835308559254465  0.37893651392948680
  0.38860679422366495  0.39746971512202089  0.40693217241544627  0.41752733398833292
  0.42953376019193051  0.44311357085900110  0.45860709556013762  0.47532584003230549
  0.49105947084624862  0.50936964564529785  0.52951088905660737  0.54748202678602575
  0.56295626860340386  0.57459309618836762  0.58520764281226634  0.59525784324005426
  0.60484947491971064  0.61366249594527500  0.62287843628107797  0.63308096727067809
  0.64484018615035121  0.65502305448655873  0.66407638563231530  0.67675670300038215
  0.69060264006646777  0.70343347355874453  0.71549076491991159  0.72874268162631495
  0.74300180312135300  0.75951265584222327  0.77635156460301147  0.79163743914058149
  0.80373613471884697  0.81278386508460498  0.82070854569709872  0.82738182612703537
  0.83701255046538403  0.84509635471997435  0.85330483330293183  0.86093695363815670
  0.86822833547858214  0.87621812795163889  0.88685901484820062  0.89761506276533187
  0.90798494478117098  0.91727406118947552  0.92571090155491254  0.93407669341611821
  0.94333466456139559  0.95369128148779703  0.96358288229604239  0.97108833801053329
  0.97779000150688244  0.98450762379973367  0.99156758551062274  1.00000000000000000
  0.01521777727909631  0.48620374949622358  0.60538842319812747  0.67291863089048365
  0.71915972549599561  0.75303348150505311  0.77694394502847841  0.79576174751107753
  0.81182133576981419  0.82721461718891176  0.83943708814899054  0.84959324796259683
  0.85830130342780486  0.86645822518449811  0.87404261562554331  0.88044871081245379
  0.88615998918783501  0.89183249374996676  0.89690093152774941  0.90077774695244239
  0.90430185620281001  0.90749295586475442  0.91054350676663709  0.91345231630498369
  0.91610881688419421  0.91855654377243612  0.92097466665150540  0.92334886666631499
  0.92567240587606159  0.92770061137235149  0.92960688781385925  0.93146260976392137
  0.93338450438756815  0.93549032868979731  0.93760928944013422  0.93925950825836646
  0.94085738830552901  0.94231389036944779  0.94367702157104227  0.94493196041468874
  0.94623835210620622  0.94752372411885855  0.94877933914581869  0.94997497528848773
  0.95112673389850177  0.95228985060250049  0.95348351225978079  0.95466636043909392
  0.95582945166546418  0.95691292512216219  0.95799242033471299  0.95898190859056542
  0.95984272461976550  0.96054982618752127  0.96131914203702484  0.96213651297989566
  0.96301399144864142  0.96410066739801348  0.96506175120423787  0.96596229908966813
  0.96684503589990523  0.96776000271453322  0.96868049649259047  0.96961108793128981
  0.97052585871829722  0.97141633612953071  0.97229253435052698  0.97302193302554951
  0.97368659279155223  0.97431668737828991  0.97494232138512993  0.97560550839878424
  0.97631887542726215  0.97713669100748257  0.97796203210548960  0.97874192098103030
  0.97947190270456397  0.98018821782752752  0.98079563216824905  0.98140595820614407
  0.98202391489004925  0.98266806166963938  0.98344502011622736  0.98418931011201605
  0.98494394106956518  0.98569201674868778  0.98643151291411024  0.98717099622822846
  0.98797382630924269  0.98878360974828083  0.98967326050277071  0.99069426381925485
  0.99190989120449202  0.99351355840646283  0.99574185585743702  1.00000000000000000
   6.5668687571635368E-018  -1.0000000000000000     
 F F F F F F F F F F F F F F F F F F F F F F F F F F F F F F F F
  <DiscreteSampler_grid>
  grouped_processes
  1 # 1 for a reference and 2 for a running grid.
  10 # Attribute 'min_bin_probing_points' of the grid.
  1 # Attribute 'grid_mode' of the grid. 1=='default',2=='initialization'
  0.0000000000000000 # Attribute 'small_contrib_threshold' of the grid.
  0.5000000000000000 # Attribute 'damping_power' of the grid.
 # binID   n_entries weight   weight_sqr   abs_weight
    10   10   1.291459612717986E-013   6.757338353004201E-026   1.291459612717986E-013
  </DiscreteSampler_grid>
