  0.00618364111864972  0.00670515976983080  0.00711402581264803  0.00749100658661747
  0.00787185731575422  0.00826468907640853  0.00870992426515378  0.00909992974530837
  0.00945219704205519  0.00979773240755484  0.01014680951492471  0.01052108685044963
  0.01093726578380689  0.01138482769788375  0.01183742905711113  0.01229881322168338
  0.01276138700728212  0.01321747147121254  0.01366824869157349  0.01410512915918978
  0.01453139634471127  0.01496083695700727  0.01540883392730906  0.01586494997620264
  0.01637690370910196  0.01691944078698040  0.01755359203977986  0.01823550142429651
  0.01893058977871306  0.01961534822589962  0.02023887391975795  0.02082686296868888
  0.02144658039700764  0.02207919036570221  0.02273015567144853  0.02350369187626185
  0.02432420333413107  0.02512959953079723  0.02594868358285064  0.02678963357340316
  0.02763704559080776  0.02852268072577343  0.02936879660476641  0.03026802304656408
  0.03112035495397979  0.03204607631254665  0.03305097662009899  0.03410817447961530
  0.03522934044631452  0.03627339350743795  0.03736188967663538  0.03857488633141347
  0.03964700986784801  0.04087329197774945  0.04221559907798290  0.04357364374096497
  0.04506851346751584  0.04667772727917519  0.04850847301338430  0.05007582433610413
  0.05121814254715393  0.05231207495701493  0.05344275877416190  0.05477384561097690
  0.05640560590968631  0.05780656031377718  0.05898057625891047  0.06039433973951683
  0.06211424144093657  0.06404410176695395  0.06612711211571159  0.06831764803217887
  0.07093845255273649  0.07364692428988694  0.07654212432470003  0.07951120802306329
  0.08282829177613542  0.08696407889895544  0.09289184128469080  0.09951058220966907
  0.10670063950656664  0.11181880402130281  0.11759363851794040  0.12365973009258728
  0.12841204191577466  0.13366466555880122  0.14179804265892357  0.15874819385152011
  0.17268113481494679  0.18623702595233466  0.20404125383135066  0.22456201640006401
  0.24391418903810361  0.29617766497669112  0.87731127898652506  1.00000000000000000
  0.00627685103289583  0.00833690702104817  0.00961508177171332  0.01089364214651329
  0.01211065472656224  0.01323153141997555  0.01433722391444187  0.01540386384505793
  0.01633643881968556  0.01717948496296681  0.01811742388632804  0.01908914582601716
  0.02009317130558672  0.02114103364076756  0.02224232050653142  0.02326974115824066
  0.02424889409581353  0.02516405887315606  0.02607920014907714  0.02704628276789646
  0.02802064016024162  0.02903342525042805  0.03015658006125350  0.03130231275336162
  0.03238721975324869  0.03344976006941695  0.03452995530770827  0.03563492227153409
  0.03685269870575458  0.03823274434620887  0.03973908382765107  0.04130441407903734
  0.04305751721753999  0.04499010684661792  0.04684854124888863  0.04866107134394194
  0.05039104001421916  0.05211997298928853  0.05381011098924819  0.05542435625697129
  0.05706401213547996  0.05871385860678344  0.06053542032372961  0.06226867645069976
  0.06402419783583338  0.06593704152915862  0.06796063863929455  0.07034990780944606
  0.07295988195194361  0.07555161981214224  0.07835810503575844  0.08129012465682942
  0.08428436386660441  0.08743502038286052  0.09059539717055332  0.09369677996172954
  0.09764468031633661  0.10189845446323594  0.10574163716990620  0.10923926171297621
  0.11254605313326010  0.11568019958682994  0.11892459797449211  0.12207047869157098
  0.12515891076622004  0.12890027148655975  0.13294508634681537  0.13707138647195002
  0.14182067403030060  0.14664336893048177  0.15239025720917587  0.15871570992430467
  0.16491584205495177  0.17098566715174943  0.17741642397090740  0.18332797766767756
  0.18820754050863497  0.19307779803168743  0.19800125469222316  0.20303302271818782
  0.20891429841841913  0.21540129135849892  0.22465579592919765  0.23649806322962683
  0.25005962700025591  0.26253262641005731  0.27510892738517617  0.28816974295527159
  0.30048612185274254  0.31374403918573335  0.33144394352364093  0.35586807590880964
  0.37949098732519465  0.40645075954645593  0.49266543464533302  1.00000000000000000
  0.00000245011333671  0.00000255642769246  0.00000265222904894  0.00000276996983621
  0.00000292157522700  0.00000307657374230  0.00000324278355947  0.00000344427772247
  0.00000366879502654  0.00000388436500181  0.00000413868261805  0.00000444112589426
  0.00000484448879478  0.00000538547054551  0.00000599972612814  0.00000662855799164
  0.00000725870542120  0.00000788116744557  0.00000853231819123  0.00000930672525594
  0.00001012579783822  0.00001105554699859  0.00001205287792526  0.00001319807658451
  0.00001424734740868  0.00001545326565656  0.00001689407172651  0.00001868926588811
  0.00002102360912319  0.00002349397799832  0.00002597119251842  0.00002854903085296
  0.00003134236458702  0.00003427661178409  0.00003711846136797  0.00003978495738269
  0.00004268840979342  0.00004574467314120  0.00004941114925097  0.00005380981420745
  0.00005887505657484  0.00006452351959017  0.00007039576034756  0.00007690647207286
  0.00008418268787431  0.00009172722098656  0.00009932812780076  0.00010718615202758
  0.00011625854390806  0.00012707258222078  0.00014037518607865  0.00015394394521061
  0.00017308612877651  0.00019269067732260  0.00021463236335889  0.00023723688937074
  0.00026118265255001  0.00028760160049122  0.00031716548324653  0.00035011646411656
  0.00038692186070645  0.00043554782227751  0.00048706790785937  0.00053984130808613
  0.00060414067563258  0.00068730814528231  0.00078660638003090  0.00089798048730489
  0.00102113172927824  0.00115368101632494  0.00129634610845160  0.00146409970762977
  0.00165926123961847  0.00191360700088695  0.00221121204202189  0.00249525469333722
  0.00275598507104085  0.00304814413411396  0.00341371894034094  0.00384692556055551
  0.00446026964164848  0.00545757510103175  0.00677005810445188  0.00818818446431343
  0.00986763036911232  0.01222461782218019  0.01546785109785465  0.02084106582171653
  0.02980411084450139  0.04244556380468494  0.05928085415211078  0.08506649754638151
  0.13360838709413711  0.23206385681779107  0.38357241146465904  1.00000000000000000
 -0.00192473649849012  0.00649239613750764  0.01280008718657765  0.01857835557183588
  0.02450546592018089  0.03100682087991043  0.03811231358632228  0.04607193619935757
  0.05391327551373348  0.06205589220605962  0.07014522371689448  0.07774573462849323
  0.08517509871331347  0.09242706941752335  0.09977037243481403  0.10698354962651437
  0.11453368929378693  0.12315764131488446  0.13219576158745133  0.14163081751640927
  0.15009650999842589  0.15732960917986580  0.16486871219468710  0.17316220405399640
  0.18155696755437373  0.18971455917629526  0.19826021933710469  0.20774972268421296
  0.21881247742731519  0.23032912239653786  0.24117077779469953  0.25098836465390206
  0.25977272572203225  0.26826652710662113  0.27796417462011502  0.28812498647066187
  0.29772469931494189  0.30677575087350006  0.31573096302579184  0.32510578434814297
  0.33449054230414599  0.34371814964527064  0.35284932174548816  0.36265242626293082
  0.37270808439825703  0.38549814706795049  0.39996232099278428  0.41293162827551227
  0.42675221137358710  0.44013956146823868  0.45570468360401911  0.46890516895449080
  0.48170416683558331  0.49529215036089946  0.50852723866708349  0.51989701505342611
  0.53209657199608196  0.54467346266777927  0.55736491776503705  0.56827969615261176
  0.57768044733194379  0.58801876302458267  0.59906237588265243  0.61061490786353823
  0.62105903053770006  0.63127059139738051  0.64153710907980055  0.65207699893211180
  0.66282740263152762  0.67479781318268151  0.68831307394243380  0.70282043244995285
  0.71677529861991851  0.73041905393710271  0.74376548627433547  0.75677394181042168
  0.76958701229404480  0.78168856160444788  0.79404312082093342  0.80735488703561964
  0.81977781142198969  0.83113706041807933  0.84280554321531098  0.85422945919289461
  0.86468937599683837  0.87467319311052205  0.88561875324521011  0.89707282765293639
  0.90885290870602986  0.92049168704791495  0.93317725733532009  0.94672174395900621
  0.96076038110531026  0.97470626424626305  0.98761142579861283  1.00000000000000000
 -0.00430768149058910  0.01188565157200353  0.02248852437877827  0.03053210106207832
  0.03946815976984261  0.04771160179071115  0.05581168664582786  0.06367023130285002
  0.07144164475902236  0.07950528253282424  0.08790450021306506  0.09729408738730733
  0.10634847217820780  0.11470590137838862  0.12319266454723515  0.13126198766254021
  0.13984020705204600  0.14934598162398624  0.16055120602014639  0.17103219911340889
  0.18189409915017066  0.19360189191660460  0.20567695032149044  0.21674511307595948
  0.22705603723491266  0.23752693242208225  0.24830280916250796  0.25907544339601074
  0.27015832581379601  0.28128747232524770  0.29245020638083336  0.30361148499705864
  0.31483114414682778  0.32543342326176533  0.33575666745749155  0.34554393245005816
  0.35612656045450825  0.36681081101784557  0.37633470922493906  0.38482745685734937
  0.39417181793686640  0.40403472530519796  0.41332709905152171  0.42158278147052725
  0.42963115530630569  0.43884264043225346  0.44872010901534898  0.45927956414617038
  0.46951622104633223  0.47930456532870508  0.49083149143668786  0.50270638100632570
  0.51425973529949454  0.52550789188296931  0.53730173530996894  0.55165454658279123
  0.56555259228973076  0.57687421866150623  0.58726438541669979  0.59787836396272009
  0.60883764888316372  0.61934311317899771  0.62993790698725849  0.64143316756869495
  0.65441806676809211  0.66801284239718428  0.68036965699320695  0.69203162626449499
  0.70231211739077204  0.71200632120825624  0.72211573846240862  0.73309247677973954
  0.74731752114648153  0.75865237455950618  0.76896040624381556  0.77949323924662872
  0.79121633434200145  0.80282939955630117  0.81352584796886784  0.82531040227158303
  0.83741540175417384  0.85091546713084432  0.86387952514903565  0.87607350866854294
  0.88708905581176323  0.89815460698955296  0.90998826125401522  0.92291670268216419
  0.93613492868166504  0.94843933106117062  0.95971079043036345  0.96998791816428920
  0.97830253626661368  0.98566112845198584  0.99230651361619904  1.00000000000000000
 -0.00311182329798032  0.02283397394691601  0.04401996832306390  0.06285229507085728
  0.07758363972410412  0.09008409338634546  0.10309415252948624  0.11471770983621658
  0.12986052215628879  0.14561129627121985  0.15954505203294492  0.17680253692921710
  0.19246713493963080  0.20722789106936029  0.22028782250514353  0.23192603419873609
  0.24201658144377447  0.25359364903750631  0.26844528661918809  0.28663656938469967
  0.30409554211048817  0.31783303617587561  0.33001777117816150  0.34261559627520233
  0.35588123934234306  0.36927385503492832  0.38232800368057790  0.39624455641550277
  0.41039669228116560  0.42306708587958253  0.43461163755365378  0.44615034103196749
  0.45849829255618124  0.46895025518382782  0.47949100679289619  0.49087871665091631
  0.50286354239424202  0.51534911715212195  0.52830532059490010  0.54222016081835100
  0.55571830334531380  0.56922297589269999  0.58124033362579874  0.59253260211003245
  0.60430930797285609  0.61511007535270656  0.62542187061168963  0.63616960869002792
  0.64824832824609513  0.66090450047137983  0.67357728684382556  0.68555254556014178
  0.69775279991755113  0.71035944411035257  0.72228040916807335  0.73268582407728666
  0.74219459460851045  0.75171862688881075  0.76133325784345640  0.77131055283999539
  0.78060823929915157  0.79087397502215462  0.79833444382640939  0.80605385533414708
  0.81406474341576385  0.82225132691370284  0.82909627601247271  0.83526293330409440
  0.84093195041158464  0.84669365221251713  0.85256407230748743  0.86076838718387205
  0.87025680894057544  0.87883209940273022  0.88616656481294809  0.89309707709336761
  0.89963310030003796  0.90599173351821849  0.91254505394210927  0.91899952487908110
  0.92528549456084463  0.93184039153657006  0.93828055944132593  0.94453348787533031
  0.95040741512987303  0.95599840585985185  0.96113878386535190  0.96599547993682389
  0.97094691967396374  0.97579079832696070  0.98030694051298439  0.98450759271278521
  0.98836770056714474  0.99225653603332509  0.99616830988650451  1.00000000000000000
 -0.00252601745161959  0.00792479653361243  0.01740227630047834  0.02565724276757931
  0.03321720118090755  0.04142728752276369  0.05005899895290106  0.05893573776884103
  0.07005105091686102  0.08111690909536994  0.09159594508703682  0.10160690745503369
  0.11260570050021437  0.12459511358756928  0.13744049162773647  0.15138944137874483
  0.16484426569567054  0.17620778422731964  0.18628921934260967  0.19591587079660053
  0.20517437176219008  0.21409266331327265  0.22359579874693272  0.23365569305241005
  0.24501299675069746  0.25888826056383235  0.27206128594635631  0.28460397628302259
  0.29586664898503412  0.30595218631739524  0.31552422053660678  0.32516728541812762
  0.33598219268591517  0.34757511188897083  0.35803487525053940  0.36789935131647383
  0.37763010808844927  0.38698178372259617  0.39588533985533653  0.40468500400736396
  0.41367384323598200  0.42339944441827043  0.43392415474742896  0.44548494783910564
  0.45805477114613330  0.47078532123529226  0.48337029306132867  0.49575169876989467
  0.50766174088785987  0.51953093868594447  0.53127401033970190  0.54317083640974695
  0.55531262441560258  0.56671706517290454  0.57693045619951577  0.58707517324078029
  0.59746440541258361  0.60754164453234516  0.61640505144489488  0.62540045271827027
  0.63668894839275392  0.64777472489677768  0.65719149473351168  0.66644660051657700
  0.67626686711093498  0.68708313790539222  0.69797435212740988  0.70899030358504123
  0.72072712279185691  0.73217253821221118  0.74364000674240227  0.75661906807680335
  0.77087942263475517  0.78406178230529233  0.79631489286966761  0.80862036658899894
  0.82080636174228150  0.83309941359232575  0.84516381277282127  0.85602985206212046
  0.86491510022893059  0.87382530632043087  0.88238436537957343  0.89089265651538185
  0.89968949319152869  0.90818988470782014  0.91638761261245327  0.92469400486086484
  0.93257835937716060  0.94049339866581738  0.94878554460489162  0.95807284574507789
  0.96926263010159475  0.97995775089798165  0.99053491213374800  1.00000000000000000
 -0.00232936261355457  0.01109933848968601  0.02275796555877612  0.03472849467416832
  0.04562308526313080  0.05574694502264563  0.06602246071320483  0.07668889221996042
  0.08600611188173193  0.09395168184576770  0.10213676466952275  0.11190377720167782
  0.12295777618705359  0.13399601748856679  0.14503915020867456  0.15634740956532270
  0.16705057057293485  0.17716679855769482  0.18753659556599114  0.19913911194500356
  0.21178857367570861  0.22358301537002520  0.23444784704612207  0.24495556687826647
  0.25606497156629132  0.26716137927282430  0.27710774407859939  0.28687348595159473
  0.29755721642524818  0.30879683144140968  0.31960295555469326  0.33033295812808011
  0.34170361471319954  0.35355021100892248  0.36484119797538778  0.37608684490686994
  0.38681719005865739  0.39710892357408845  0.40670092914217904  0.41543077475581952
  0.42410101529440375  0.43264864759987293  0.44108389366365186  0.44937648117911755
  0.45830349154508621  0.46640528642712531  0.47462370846496899  0.48312390692542173
  0.49199675974527901  0.50258156969646972  0.51494901678314609  0.52706546926908093
  0.53864034971991337  0.55002654686710906  0.56155573730928199  0.57357730093815784
  0.58610746390691792  0.59874689126673719  0.61089112027749704  0.62229419410862330
  0.63313922188400795  0.64390015252650246  0.65465263445409327  0.66534227393748246
  0.67613105493351922  0.68722435634839329  0.69849211928982813  0.70997731594395241
  0.72080883734939405  0.73129537967956193  0.74159862768600715  0.75191866120575668
  0.76199874449754668  0.77159635068447563  0.78065827831351553  0.79013214869038284
  0.80003357186433122  0.80972233956929462  0.81976146534600869  0.83056780033951028
  0.84199227276367150  0.85452981623472557  0.86634674896927300  0.87708263767968797
  0.88487633358436668  0.89237560943320671  0.90101354878709328  0.91063494162856873
  0.92030880298810602  0.92979792907199044  0.93931964286604175  0.95083452711420635
  0.96326289608432258  0.97492585286706623  0.98750981844733554  1.00000000000000000
  0.02071041372082653  0.30589911916803236  0.41316167168992279  0.48907012682949336
  0.54113555109603872  0.58183144014467247  0.61935864950011121  0.65008861401974105
  0.67633944745139996  0.70027054280073930  0.72145862812020334  0.74081902882361395
  0.75833778900254911  0.77257557956081269  0.78570007671985442  0.79829730980834401
  0.81000253277905432  0.82014847254828216  0.82932441086952857  0.83823300250869226
  0.84662813802880421  0.85446936717197453  0.86115720086579828  0.86742174427781971
  0.87338809907211123  0.87897721255012806  0.88427055211975214  0.88940701140062506
  0.89420295631082247  0.89835363369406185  0.90233102903039375  0.90634323579729359
  0.91020276127484867  0.91406125301449903  0.91749895760810085  0.92070677381677180
  0.92366873763344370  0.92651200131321809  0.92899216942934348  0.93132487430324828
  0.93363178221001986  0.93605965957244119  0.93828144355436782  0.94017122624842719
  0.94183910181722175  0.94354724444869054  0.94522904668618291  0.94682356672912737
  0.94840800279904358  0.94995136682737913  0.95142161511465495  0.95290843630140021
  0.95453006614398583  0.95626330383850000  0.95795667100723048  0.95950763641607983
  0.96094359699308263  0.96227481280995075  0.96353719000800553  0.96477330595464517
  0.96605419582395069  0.96727503648693403  0.96847911382599716  0.96968986512443611
  0.97086020858976674  0.97192408851728296  0.97290908974516932  0.97390438508286903
  0.97490042506667707  0.97587571376078697  0.97674450180168815  0.97759729387131811
  0.97844516349244959  0.97930228888823168  0.98020697772838672  0.98111162203796165
  0.98200219862962079  0.98288119709178146  0.98370556152298871  0.98449999546461431
  0.98524190811264734  0.98593625480141189  0.98660179053021491  0.98728910970151762
  0.98796804740189814  0.98863124986027906  0.98933911905271021  0.99006447003568543
  0.99080356119328983  0.99160807853866684  0.99245672164496934  0.99338199244665526
  0.99443364285067593  0.99571140978269979  0.99743108213063980  1.00000000000000000
   2.3659764803068269E-012  -1.0000000000000000     
 F F F F F F F F F F F F F F F F F F F F F F F F F F F F F F F F
  <DiscreteSampler_grid>
  grouped_processes
  1 # 1 for a reference and 2 for a running grid.
  10 # Attribute 'min_bin_probing_points' of the grid.
  1 # Attribute 'grid_mode' of the grid. 1=='default',2=='initialization'
  0.0000000000000000 # Attribute 'small_contrib_threshold' of the grid.
  0.5000000000000000 # Attribute 'damping_power' of the grid.
 # binID   n_entries weight   weight_sqr   abs_weight
    10   10   3.987052344973449E-004   1.478770280363232E-006   3.987052344973449E-004
  </DiscreteSampler_grid>
