  0.00624393385695110  0.00641616441672481  0.00667451718437684  0.00687938138088098
  0.00709605319031276  0.00732437242312818  0.00755546532885194  0.00778916609169322
  0.00803158653829395  0.00828272908111639  0.00852503262705883  0.00875598561164551
  0.00899138547618823  0.00923263710691902  0.00946855077230755  0.00970999398761893
  0.00996627455191403  0.01024192996254421  0.01052605173570421  0.01082408131437769
  0.01114102998280912  0.01147314489106531  0.01180934659545863  0.01216485388976408
  0.01259103897457624  0.01302825214934229  0.01348426073317474  0.01393470100239519
  0.01437963916143696  0.01482001305796221  0.01526986474057644  0.01575112122387522
  0.01627624787225567  0.01684064559494655  0.01743769559134484  0.01804668308965699
  0.01869045454522063  0.01936495501790597  0.02007363209421666  0.02076545972860566
  0.02140273176607125  0.02199801290198474  0.02258740621631210  0.02324391325849530
  0.02399077754320305  0.02482129888989832  0.02568838681856063  0.02670656129891272
  0.02772221790116607  0.02861375617097092  0.02947506293583171  0.03039445303757618
  0.03141669827084532  0.03250693998604597  0.03375616412641635  0.03512707735611763
  0.03656537987265510  0.03807091006467643  0.03945249825779382  0.04106637436753994
  0.04263157618340862  0.04448460568011255  0.04650156048505039  0.04857432590835127
  0.05077087274109993  0.05302072451338376  0.05537117276097003  0.05801351421267971
  0.06043060220313932  0.06239224712926613  0.06390276674221498  0.06490610524109090
  0.06603725818322309  0.06715577960450514  0.06887923450833333  0.07097387953935125
  0.07314722108862649  0.07618544911253125  0.07990009440476843  0.08338098547486787
  0.08736853122384819  0.09132810514848556  0.09581062036628646  0.10187899009068660
  0.10970460827942147  0.11997719741727640  0.12912934222955424  0.13400014473353919
  0.14202131947197644  0.14852455299110354  0.15977123188240039  0.17022195214600100
  0.19604434935833517  0.25231980435935109  0.46075713982458222  1.00000000000000000
  0.00000303112270631  0.00000314540615903  0.00000326115078408  0.00000342149916560
  0.00000362257241361  0.00000385488492299  0.00000410425523564  0.00000435277571718
  0.00000458643077857  0.00000486331841291  0.00000518786322576  0.00000559588916025
  0.00000609024795968  0.00000660318048287  0.00000710775491733  0.00000766128819133
  0.00000833313383940  0.00000908390077223  0.00000986280268915  0.00001056173938122
  0.00001134799305383  0.00001224668120485  0.00001326359742330  0.00001439197204310
  0.00001569060417809  0.00001736380221790  0.00001902947225159  0.00002070657749253
  0.00002258931680086  0.00002469883656702  0.00002701933666330  0.00002941224401185
  0.00003192746903588  0.00003465965544033  0.00003784559828929  0.00004165948999300
  0.00004594616412958  0.00005042334463863  0.00005559268324100  0.00006127969135860
  0.00006718138446540  0.00007324631943142  0.00007975543226826  0.00008679099392497
  0.00009404960336798  0.00010296437780110  0.00011372121437193  0.00012611747010350
  0.00014056490179729  0.00015672387265925  0.00017393441987710  0.00019042112586351
  0.00020720068482709  0.00022639740912485  0.00024703326105348  0.00027105009656495
  0.00030042948923704  0.00033999754343876  0.00038224278647493  0.00042180928822916
  0.00046112480328481  0.00050286235178072  0.00054921309154038  0.00060003049856138
  0.00066375023709559  0.00073221844082536  0.00079741724432906  0.00086716171048111
  0.00094667648659876  0.00103796158078148  0.00115813296326524  0.00131141596200225
  0.00149031845915784  0.00170019932514362  0.00194904472409943  0.00223673328208201
  0.00256552209047463  0.00293891914734006  0.00335568562233154  0.00381489524338386
  0.00434143999127212  0.00494256591296320  0.00570000860360870  0.00685154767707128
  0.00839682526757838  0.01014904549570611  0.01230289878975933  0.01515393430347429
  0.01850286942896313  0.02292895768742170  0.02905759794701975  0.03720913541807771
  0.05432215353739417  0.09740054741309653  0.22699458579177448  1.00000000000000000
  0.00000481107685549  0.00000608868439599  0.00000744221344457  0.00000884739764399
  0.00001080661335043  0.00001333668462438  0.00001639232338233  0.00002011840432091
  0.00002424164562003  0.00002926481172701  0.00003604226308748  0.00004399981557268
  0.00005356479585113  0.00006451726143848  0.00007884169930511  0.00010082935297633
  0.00013094125905531  0.00016726582138995  0.00022003648575411  0.00029049159048051
  0.00038737825566478  0.00051242736164822  0.00065696361597978  0.00082948475095262
  0.00104111837317195  0.00129546007083555  0.00157507896357751  0.00186657086633371
  0.00217090088766659  0.00250145249428869  0.00283141156483537  0.00321707606805957
  0.00364418051465807  0.00415475424405616  0.00462861026194460  0.00507890661275157
  0.00555350960656985  0.00610378087053047  0.00668678865024708  0.00726366128856563
  0.00787449299589852  0.00851667008713445  0.00923321299727201  0.01004588337959936
  0.01089100237431469  0.01172774714931204  0.01282018049717037  0.01365670366732935
  0.01443095922648176  0.01518163757194046  0.01595331215464124  0.01674584643931765
  0.01754184260449740  0.01832396721936997  0.01912653493330712  0.01994023265618171
  0.02069301728728610  0.02151027666703089  0.02255816297711713  0.02366875159693429
  0.02478955165104133  0.02602088596950267  0.02722810752287663  0.02840818872599273
  0.02964396140457161  0.03109622122264489  0.03247651635158180  0.03391557854872541
  0.03567301838835447  0.03751514627540636  0.03964926672933852  0.04195435569642418
  0.04420186524962103  0.04649605061172360  0.04857148598508968  0.05084110505121801
  0.05323348756982523  0.05550921204943580  0.05769406295950443  0.05991235351637218
  0.06213335559202794  0.06479381986883487  0.06758375911200681  0.07026889713028202
  0.07335589166511738  0.07698964659160691  0.08097385972361340  0.08553298405209313
  0.08993270918190151  0.09419267163666692  0.10313100585140170  0.11206934006613647
  0.15694625966999778  0.21398150808775915  0.29475853021666693  1.00000000000000000
 -0.00233746116577833  0.00881893254163976  0.01839520818375758  0.02827359696441652
  0.03875147504498359  0.04897717741102358  0.05860784038096879  0.06724123391676007
  0.07497346805962982  0.08257694898716120  0.09077234200628895  0.09992918010884677
  0.10941760864283102  0.11895310094733109  0.12902610313071922  0.14026688294298550
  0.15115164736534595  0.16212191086625621  0.17426113932202136  0.18689184236163997
  0.19834439359262071  0.20888549938155765  0.21975225651061464  0.23137864072547368
  0.24362593698623475  0.25399274967770041  0.26303241374344494  0.27234591652494111
  0.28208633177447223  0.29211582468448882  0.30194044232727574  0.31184263868838080
  0.32197799610045041  0.33178258769473440  0.34131893649866474  0.35081008760817578
  0.36060632359809164  0.37135161345643108  0.38288108382450509  0.39401947584852859
  0.40382896185211975  0.41260761525549700  0.42105568570111118  0.42971893871145150
  0.43927439598139623  0.44966973202996252  0.46177978533431152  0.47448791479830699
  0.48625709465865552  0.49729393267072824  0.50789620094441135  0.51781971767829083
  0.52707836813420439  0.53596947208474099  0.54571264183579238  0.55633640180829413
  0.56820442982087604  0.58036676745249616  0.59084567673327293  0.60118339944989529
  0.61080811549921088  0.62052332843647706  0.63045210963265719  0.64066698370785424
  0.65086916207824130  0.66168882014355190  0.67279549335225852  0.68398289501440490
  0.69455914084787818  0.70462065339449198  0.71468006099332948  0.72547076439010649
  0.73637256708622467  0.74562888922486081  0.75442518642793421  0.76364801011649697
  0.77319609112749377  0.78408623132432886  0.79646040230542070  0.80886772377504190
  0.82053752668443780  0.83159070091145681  0.84447113503287674  0.85775747488411991
  0.86898423859288421  0.87954368535517080  0.89110742317590508  0.90271270407092707
  0.91470857290680552  0.92903290357883750  0.94187633004344873  0.95347716722126208
  0.96424000904928941  0.97614158054871603  0.98813200256092049  1.00000000000000000
 -0.00212853950289712  0.01046851888808275  0.01954775228186072  0.03013132786171841
  0.04016615594984240  0.05151633307089889  0.06294999593061922  0.07482390985781992
  0.08727350527416439  0.09935359773340584  0.11046903765045658  0.12133253273179737
  0.13254322813013700  0.14352837677668134  0.15445942053111925  0.16606960120856265
  0.17870700023271616  0.19117620853978332  0.20257624357612222  0.21297847571154088
  0.22297413945169262  0.23278873521973797  0.24304004083778899  0.25304423264257597
  0.26307763985315574  0.27394598549598093  0.28547471807804520  0.29789969001744737
  0.30889910369675039  0.31973083685729053  0.33035531842996918  0.34160071929917252
  0.35206097844027440  0.36188079428036318  0.37046817120697423  0.38043244442794766
  0.39149488684913625  0.40348807119439173  0.41627802403920072  0.42917795818962201
  0.44121421170771180  0.45237692125686385  0.46204484839417709  0.47024448896610332
  0.47831835347418383  0.48668707085484231  0.49585075614246338  0.50515708944549076
  0.51455294022398768  0.52457702619866364  0.53550109802643320  0.54661534364225617
  0.55778339909385044  0.56894259032597672  0.57953044933819087  0.58977317581347910
  0.60009004619205519  0.61140210498923087  0.62347004153194718  0.63468745446523045
  0.64535355236389103  0.65681525564793075  0.66746284775915288  0.67823297435149321
  0.68839373928230785  0.69956848694160900  0.71029761010703607  0.72160230667894842
  0.73371133658638121  0.74683480493664933  0.75712350747198942  0.76677153766956896
  0.77621165043353657  0.78410735433287670  0.79202425841967183  0.80006886089449558
  0.80880809700068457  0.81916890289804534  0.82944975796167830  0.83926050930254692
  0.84861630131375287  0.85796288315677516  0.86775372296335662  0.87770181205754305
  0.88816640075096220  0.89815674199273854  0.90762968448386205  0.91656400421940809
  0.92572147221861434  0.93528816097287637  0.94586351962036064  0.95562762899670217
  0.96555673457357760  0.97597731147702860  0.98768432435926601  1.00000000000000000
 -0.00191765545046800  0.00786867310800843  0.01595939494313629  0.02424151897446882
  0.03344856950501542  0.04335158513619693  0.05450567669627859  0.06623044557978339
  0.07849875267588639  0.08964725253038003  0.10016770249378050  0.11054765722323186
  0.12001176243711685  0.12860476273538748  0.13686790092316695  0.14603784654588917
  0.15637186706686876  0.16672997489201694  0.17651815795701370  0.18585657509811393
  0.19555507532443370  0.20522586669973991  0.21405275878617155  0.22290319653425128
  0.23257549588935791  0.24311405112421039  0.25421507356959072  0.26466453793201578
  0.27495488877735957  0.28570804507623276  0.29722305298183610  0.30924398685943771
  0.32087877564165934  0.33220454645266007  0.34372174314569337  0.35575423501516945
  0.36835567523040263  0.38005656766422818  0.39024934878423556  0.40036437195504332
  0.41075506326021971  0.42125530294915736  0.43103045340160373  0.44131575411271590
  0.45252211079513910  0.46371388668931551  0.47440822047206765  0.48587389406002202
  0.49840802632813941  0.51014367063331045  0.52144596174736879  0.53282337611218555
  0.54375113591272273  0.55450670518907885  0.56575762380744843  0.57639676239868154
  0.58538503319321433  0.59406489774656912  0.60247274101060533  0.61207899909134944
  0.62329176781656137  0.63426017648853206  0.64477574899651457  0.65483228182509157
  0.66507939121972870  0.67641354980228097  0.68746670113897779  0.69717660081517119
  0.70695886494749727  0.71638433195641571  0.72627067434849546  0.73548044834905868
  0.74413341996250437  0.75366048565629395  0.76406880103139940  0.77404086455555465
  0.78330322943486852  0.79299099073350754  0.80399006305567555  0.81501424058713767
  0.82452148567392858  0.83475909182193309  0.84618486197032761  0.85857989946920565
  0.87135739867357875  0.88362546107360473  0.89621682972316519  0.90977334414872035
  0.92285869231863327  0.93437818295525454  0.94534162838804314  0.95638869306678009
  0.96819501538777097  0.97929328682902395  0.98965640290169621  1.00000000000000000
  0.00592945049713891  0.01078183671103953  0.01628454539253680  0.02077399796525042
  0.02488708662790962  0.02884737473161329  0.03253442617186306  0.03608438036976156
  0.03942999759498868  0.04256322956942339  0.04544439417892731  0.04843915539660913
  0.05146781696011350  0.05452925926228265  0.05755240310386963  0.06058136530368897
  0.06370675116742285  0.06692545339235217  0.07010380981904726  0.07317591520653235
  0.07617190733309101  0.07917984102299903  0.08220769871266534  0.08539963860529583
  0.08867296361504588  0.09186873898819864  0.09488154450548732  0.09782249893575383
  0.10087531069269534  0.10415977098620044  0.10744714384067031  0.11058572082726810
  0.11361971456434625  0.11675656119298279  0.11963920065766280  0.12241567051585163
  0.12500779914206514  0.12794865065313105  0.13112506383403466  0.13407560382535241
  0.13697535366339611  0.13994412485364532  0.14305921896271423  0.14652124531654664
  0.14933101464101112  0.15148263085861249  0.15371498969477271  0.15596681768259529
  0.15826226329367363  0.16077285056853485  0.16414777180696524  0.16755623234999811
  0.17002739851766840  0.17212153170906599  0.17421474514990645  0.17668797035110126
  0.17992229656985428  0.18325926135238324  0.18617165248076797  0.18905610064855610
  0.19285644557488296  0.19670991277699293  0.19939360081013166  0.20185368992095487
  0.20406186753911401  0.20597081710345094  0.20783202630312966  0.21051265020758217
  0.21420551618162584  0.21822546673390952  0.22228782534238387  0.22694103609730526
  0.23283499985958173  0.24032087309887515  0.24887590095211271  0.25679326699257893
  0.26296999043602243  0.27114391331831489  0.27520008691546749  0.27885405395302815
  0.28238806253636828  0.28529493866065464  0.28805093036996926  0.29093735886501398
  0.29610732346139312  0.30452510608982142  0.31599870439617711  0.32742580582378000
  0.33644208545403492  0.34481694035560539  0.35273793610613557  0.36029238040112044
  0.36773914850167561  0.44981450415136248  0.63249265025480361  1.00000000000000000
 -0.00298606256930647  0.01104704833358092  0.02327189844490270  0.03555365111937930
  0.04894355830409766  0.06308855032117661  0.07622313081811115  0.08849883745966519
  0.09920397793020051  0.10766479391537587  0.11546470836042511  0.12328175746861800
  0.13188022090210175  0.14083015246405867  0.14962919710967268  0.15878835108135098
  0.16801059865266749  0.17784492758191647  0.18715528649016686  0.19620252859902315
  0.20588201184941371  0.21511520051076649  0.22356803662222419  0.23136342392473883
  0.23879454150766102  0.24627792186799222  0.25410199926786980  0.26257246158989345
  0.27095718457208795  0.28031360122562804  0.29026287385201760  0.30096635338779704
  0.31120041014634570  0.31997928699969541  0.32908257635354904  0.33960047564933382
  0.35107934532574764  0.36251516612756324  0.37319417087411927  0.38558683919208248
  0.39844604302050318  0.41202058716576601  0.42435237728445191  0.43584061657438444
  0.44708532354608976  0.46049673942746050  0.47750365002692013  0.49626796049534899
  0.51465705113372884  0.53145718698026589  0.54727215013699948  0.56254286739799175
  0.57662513750167588  0.59021428894178241  0.60374388606405038  0.61551812265198314
  0.62717377602150548  0.63857137213611481  0.64875690689649590  0.65833906226632455
  0.66754752645923643  0.67638068434527798  0.68581565972612568  0.69530614902722343
  0.70459394453733959  0.71339198698347039  0.72198625013947904  0.73176581249352024
  0.74101534540754166  0.75000110015826538  0.75837416264256741  0.76646276690866844
  0.77474547026194041  0.78355706019210092  0.79256471172436227  0.80178214169731099
  0.81150089625191479  0.82044592862160870  0.82858402918383978  0.83644998586440045
  0.84445503066030148  0.85353154752159976  0.86297662880071080  0.87292972347349451
  0.88271597530606571  0.89215209142354157  0.90108627296630883  0.91018714039332727
  0.92046014611217386  0.93154492514452791  0.94131960782948298  0.95012541656860583
  0.95880423803058179  0.97091559629877577  0.98502858309379548  1.00000000000000000
  0.03454804882792811  0.21473532816647051  0.30215094194236575  0.37599893494859493
  0.43331869477119056  0.47792512684983773  0.51458598420025226  0.54736672286267396
  0.57709397414672370  0.60291563601894305  0.62411856530629206  0.64333742339834077
  0.66178849178139754  0.67815571285177700  0.69228188871130625  0.70487080493154530
  0.71693659904884655  0.72838518471520297  0.73919984523981486  0.74955952364891465
  0.75934772549102580  0.76849560116555693  0.77689201219066040  0.78461400834819928
  0.79187962993859307  0.79853063246665468  0.80479201626311214  0.81085840949020271
  0.81703549421811683  0.82355240609155167  0.83010200340754825  0.83621557713632022
  0.84178942105184318  0.84720320465822241  0.85260237003869010  0.85754166545253419
  0.86213783988660631  0.86662088772322399  0.87120844390881169  0.87547406215147094
  0.87936792019230103  0.88298903773729465  0.88644512588482094  0.88984217404193822
  0.89316815731903054  0.89626296998282295  0.89907428915923737  0.90174388783001336
  0.90442379233095882  0.90705952824094360  0.90967507285844007  0.91224313783692246
  0.91495049064847678  0.91735103175530575  0.91962112834956156  0.92182533819219614
  0.92395659139022890  0.92607410343170393  0.92829562324374026  0.93051464065521994
  0.93266766334634710  0.93479945197882597  0.93692094506573009  0.93901957110504530
  0.94101612504463994  0.94306285333379214  0.94519665168585210  0.94724146907716844
  0.94929783098066645  0.95119503878604372  0.95289123691734545  0.95449520199164872
  0.95610727449688071  0.95779297981447642  0.95963511403567026  0.96140057243064148
  0.96316775791956943  0.96494471760779787  0.96670878308677788  0.96842881577177142
  0.97003594087033185  0.97156397766239655  0.97305906751528792  0.97453458778989221
  0.97598670905929008  0.97748538631763204  0.97905833164654588  0.98070625296580660
  0.98232719455118389  0.98400365319048166  0.98575951226131364  0.98762645513976788
  0.98963293915842487  0.99182602696995892  0.99527124913869258  1.00000000000000000
   3.6384216495820129E-011  -1.0000000000000000     
 F F F F F F F F F F F F F F F F F F F F F F F F F F F F F F F F
  <DiscreteSampler_grid>
  grouped_processes
  1 # 1 for a reference and 2 for a running grid.
  10 # Attribute 'min_bin_probing_points' of the grid.
  1 # Attribute 'grid_mode' of the grid. 1=='default',2=='initialization'
  0.0000000000000000 # Attribute 'small_contrib_threshold' of the grid.
  0.5000000000000000 # Attribute 'damping_power' of the grid.
 # binID   n_entries weight   weight_sqr   abs_weight
    10   10   2.420381694640322E-003   2.284047531614294E-005   2.420381694640322E-003
  </DiscreteSampler_grid>
