 -0.00158785211663114  0.01466744673333148  0.02882614088569052  0.04250483197668957
  0.05600877594194352  0.06931128573314338  0.08253296096877827  0.09573351926862550
  0.10876481586204895  0.12173817065150264  0.13469843816166718  0.14771842249423175
  0.16068641128802583  0.17346210967840850  0.18610981142943966  0.19851212847067715
  0.21066465905228823  0.22257969482179449  0.23434460511202757  0.24620196440841438
  0.25809344236142684  0.26979897539533881  0.28122424402794260  0.29256814037007228
  0.30384963475387555  0.31484459604070120  0.32556774325559490  0.33607235343242853
  0.34645832141238014  0.35674582525522230  0.36685376512837969  0.37684727008120306
  0.38661391172144294  0.39628686866192675  0.40585064800246001  0.41543507390055884
  0.42494856233961692  0.43444837923739305  0.44382338008673505  0.45309218227129627
  0.46211536225240152  0.47091949586173731  0.47960563009578000  0.48825512427443635
  0.49681653416374377  0.50537372897966060  0.51385358405420389  0.52232372565161689
  0.53084400577369806  0.53928392525597946  0.54757187983337974  0.55573750855735160
  0.56379784189606474  0.57175221675572441  0.57961096207294993  0.58736274425337909
  0.59504465849391974  0.60285175117405976  0.61073393357913186  0.61862063449765126
  0.62643733856455275  0.63439108249148590  0.64233463184189654  0.65033755507475710
  0.65818043584258890  0.66606198177440878  0.67398503575460067  0.68191959615676201
  0.68992493230656160  0.69809213752343002  0.70644817238490454  0.71488895005479225
  0.72333006152075141  0.73189483848889314  0.74069116764659215  0.74947971263814694
  0.75811757091092036  0.76640141012736329  0.77492119090195677  0.78357103572984932
  0.79253424105493775  0.80163427676358934  0.81096003805404571  0.82067988691881522
  0.83064904870487855  0.84089267579015070  0.85150589966020218  0.86251326231071246
  0.87393783166364913  0.88593724391718598  0.89857498336921926  0.91215684206665038
  0.92712980762554387  0.94483409433298216  0.96790292032719771  1.00000000000000000
 -0.00220963183081686  0.00942712167104846  0.01963232199006506  0.02989637004093174
  0.04038654125537267  0.05129161739209941  0.06209030860070654  0.07265933844337821
  0.08288332648513501  0.09311994444057402  0.10346439808444767  0.11390487416558175
  0.12466758033250311  0.13563901690779268  0.14654410479525576  0.15703416237901122
  0.16746660394903515  0.17809215242550724  0.18886496195863828  0.19967150168595513
  0.21057286368851869  0.22152272193063305  0.23240267650337620  0.24312065625019835
  0.25370203354738680  0.26420267082906862  0.27484694768222562  0.28578221963974548
  0.29668647072828752  0.30737336067550047  0.31783225765139822  0.32817476059159872
  0.33855750463629214  0.34899557256818592  0.35959962003230955  0.37026514824679807
  0.38073685127413737  0.39122866264695461  0.40196478298627969  0.41288600242237994
  0.42351675918619319  0.43386432831411936  0.44423824222625941  0.45489731566320157
  0.46580528210162042  0.47669987604415598  0.48728824952961602  0.49761294879846296
  0.50780206319538668  0.51814694376766723  0.52846245147999116  0.53892422679531349
  0.54932691291465618  0.55957492089438732  0.56981261195059352  0.58002193238337074
  0.59043467378041170  0.60087465783239813  0.61132726050606645  0.62181239985431114
  0.63256942292278884  0.64336923512665634  0.65437760335358863  0.66544688397025398
  0.67636693017844129  0.68704094392392467  0.69725793654646395  0.70745865447922018
  0.71783233593008855  0.72818645086882672  0.73865265572583261  0.74904814302956080
  0.75948856645502849  0.76992305792346660  0.78052970864967097  0.79127624023463516
  0.80178123913465482  0.81202137344156589  0.82255983232075858  0.83323088684761781
  0.84406693530663723  0.85466471422853862  0.86503094047662077  0.87531985795196765
  0.88577135126137418  0.89604036635697282  0.90630887025038276  0.91637628945186178
  0.92675402505229820  0.93731680399655715  0.94757969889402349  0.95775968745604945
  0.96812881552794672  0.97878381707631601  0.98957192651320769  1.00000000000000000
 -0.00315067005356622  0.03995189557920706  0.07123012321340190  0.09678332102249543
  0.11964674649354615  0.14015827883890225  0.15882068519723089  0.17595878631886658
  0.19221527745940403  0.20775581961220946  0.22263676489405509  0.23669404668583277
  0.25012552893841833  0.26288126431971276  0.27526026558582534  0.28717767304753811
  0.29890234670010957  0.31043835956285687  0.32184106731021783  0.33308180231069517
  0.34408740805771687  0.35495330053804536  0.36580676098043224  0.37666438899214905
  0.38741139867029029  0.39784953594860561  0.40802516912858927  0.41794859702767601
  0.42768726600335272  0.43732469967429027  0.44687092876964768  0.45635572419835552
  0.46574319139220727  0.47506997635495724  0.48439649563904746  0.49372821138870171
  0.50309064036341355  0.51239832855726775  0.52158341307468548  0.53070293152356729
  0.53972662168678065  0.54871700394596090  0.55763363290137902  0.56653457486284142
  0.57540325819397575  0.58421576968433986  0.59294106107317091  0.60172331050572891
  0.61059022815668040  0.61946566038888906  0.62822702172312583  0.63684914668097514
  0.64540961573307021  0.65395965469356787  0.66256016764868741  0.67113839960648147
  0.67963018762925564  0.68802209132927428  0.69637752861808255  0.70480066355332394
  0.71320975072914994  0.72152829746848102  0.72974604377838437  0.73785821807420504
  0.74606587860244888  0.75436154051540738  0.76261372406782402  0.77076154345371317
  0.77889157886680405  0.78697599341723568  0.79511948285235312  0.80312934826396476
  0.81100097468735988  0.81872167693891762  0.82648687659088615  0.83441368783762571
  0.84256861688403473  0.85075278302759783  0.85896205004758619  0.86727130876977410
  0.87557850007962301  0.88376352525788016  0.89176824571940749  0.89960831863457491
  0.90743920421463253  0.91533073387631536  0.92326683222110517  0.93121983553713861
  0.93916130815938303  0.94720292084321278  0.95525857432078232  0.96352572963059058
  0.97185310651937862  0.98032453095281635  0.98976697100712285  1.00000000000000000
   2.6043975444689779E-013  -1.0000000000000000     
 F F F F F F F F
  <DiscreteSampler_grid>
  grouped_processes
  1 # 1 for a reference and 2 for a running grid.
  10 # Attribute 'min_bin_probing_points' of the grid.
  1 # Attribute 'grid_mode' of the grid. 1=='default',2=='initialization'
  0.0000000000000000 # Attribute 'small_contrib_threshold' of the grid.
  0.5000000000000000 # Attribute 'damping_power' of the grid.
 # binID   n_entries weight   weight_sqr   abs_weight
    10   10   7.040356202744449E-001   6.016606599810316E-001   7.040356202744449E-001
  </DiscreteSampler_grid>
