  0.00623652136265646  0.00644494457643772  0.00665066895847587  0.00684917285470971
  0.00704642877790164  0.00724588752071738  0.00744438081180680  0.00763782327270828
  0.00783393303461825  0.00803669520033991  0.00824961398799019  0.00848108049483286
  0.00872740199857905  0.00896252426085368  0.00916967965908971  0.00935842203046315
  0.00955586194418812  0.00975455510415427  0.00995052038685630  0.01015290573487538
  0.01037945353236583  0.01059346870473981  0.01084131136435815  0.01115524292622408
  0.01149411389128581  0.01183327773580430  0.01216092635534806  0.01246893549594486
  0.01278149785900912  0.01310548737371092  0.01344040106459852  0.01378673639643695
  0.01415087061742580  0.01452859867889556  0.01492540498966681  0.01533672294470138
  0.01580329140407039  0.01629474573468759  0.01676972474088121  0.01721436039862638
  0.01766272621426529  0.01815360074776590  0.01866466541913179  0.01918953647290346
  0.01976926889266770  0.02034698155597052  0.02089804606549962  0.02144778765093757
  0.02211719125028645  0.02288729950715954  0.02363511731797585  0.02436705363112793
  0.02517346396863358  0.02604687702343599  0.02705789289236922  0.02813462223189814
  0.02919983599592614  0.03022880468065990  0.03123042125397462  0.03229525637784854
  0.03367542123524692  0.03518168426840220  0.03646366307358354  0.03770644940879053
  0.03886124047247395  0.04005869072872829  0.04156350940328488  0.04336959139321257
  0.04519077711362568  0.04704249898819340  0.04908860470552723  0.05106756972356967
  0.05322628357602349  0.05585065810116546  0.05850832409189010  0.06143420748972998
  0.06452916889335383  0.06744512908951962  0.07042366937288590  0.07367184551740615
  0.07621077734920804  0.07850471596829825  0.08060398557452376  0.08301458912938352
  0.08561255511556622  0.09091476953672664  0.10082897301157442  0.10996304958483405
  0.11995696221053220  0.13000094500082682  0.13735181724530193  0.14384883706502202
  0.15183991712299860  0.16432255861927517  0.27821186846548984  1.00000000000000000
 -0.00000077307648249  0.00011403627229965  0.00031148008486973  0.00055341915569624
  0.00083330965598159  0.00113394208078811  0.00143328207364794  0.00173296785792355
  0.00203534347311051  0.00234754178292608  0.00269577859562143  0.00305454451055551
  0.00343899129021726  0.00384254867613776  0.00425787197636671  0.00465354323348944
  0.00504707598649866  0.00546479437609680  0.00588830945873782  0.00629621288765084
  0.00670023378130360  0.00711281368594783  0.00748263545955838  0.00783290627105593
  0.00816864685002115  0.00849657172223134  0.00884481432853588  0.00920710487816185
  0.00958170297353900  0.00998213982068437  0.01041616397042279  0.01083060541409126
  0.01124669190784339  0.01176342311674104  0.01237037700672572  0.01301239724957367
  0.01360990892817276  0.01429381468726317  0.01497108761328299  0.01563998663456091
  0.01631754473445824  0.01700281971887511  0.01768316271322494  0.01837278555735677
  0.01910263929284213  0.01988887731352344  0.02081244431602940  0.02169451375749352
  0.02263809207012541  0.02355066577660755  0.02441959112102653  0.02530094151201520
  0.02618929649055719  0.02709471036415730  0.02812876829124286  0.02946957573563963
  0.03118414712395595  0.03284687888664690  0.03445795397792623  0.03606503903765335
  0.03768783286507425  0.03935618928509398  0.04130310927218056  0.04366934509202267
  0.04579359236323986  0.04744071674119400  0.04919734812037235  0.05111885605573225
  0.05315791538428740  0.05537258036946678  0.05783687418752057  0.06041761928399342
  0.06297723821742258  0.06557016370139532  0.06795802916138970  0.07008567370963427
  0.07680149143131179  0.08330963316036749  0.08891359481096429  0.09109225281904573
  0.09358496314911700  0.09586196860473249  0.09797772411051413  0.10031270951832705
  0.10290675602076986  0.10665349542522450  0.11201026623959767  0.11747251762319033
  0.12442154837148210  0.13277277845746249  0.14909079656011606  0.16981578732091598
  0.18585454163949949  0.28937772000708034  0.44618774384586402  1.00000000000000000
  0.00000262576755198  0.00000311526248757  0.00000356025534692  0.00000396221960742
  0.00000436485688402  0.00000481715976177  0.00000528959491971  0.00000573423465669
  0.00000618480034183  0.00000669245374894  0.00000728424322330  0.00000794262040763
  0.00000868513596356  0.00000954419792443  0.00001055408849787  0.00001169042477642
  0.00001284761401061  0.00001422338715586  0.00001578317560418  0.00001747944319591
  0.00001930458257439  0.00002121490996962  0.00002312536793493  0.00002488346207557
  0.00002639212782489  0.00002821029667228  0.00003042151794354  0.00003280102146999
  0.00003531734032925  0.00003771864013992  0.00004150324560076  0.00004618614081191
  0.00005102223946952  0.00005614676749450  0.00006160756976128  0.00006755294271782
  0.00007382118695205  0.00007982912973705  0.00008597310032922  0.00009289429171238
  0.00010097851755890  0.00011078396659994  0.00012159204452555  0.00013314170592047
  0.00014518596014090  0.00015825760588179  0.00017187513178296  0.00018676074671039
  0.00020398485236028  0.00022281190773417  0.00024363298975415  0.00027008796416140
  0.00029736276405671  0.00032521576729103  0.00035109644726588  0.00037636983895497
  0.00040378025031206  0.00043266694872760  0.00046456705301101  0.00050539642655798
  0.00054916858120219  0.00060033711830073  0.00065573238395439  0.00071366511175144
  0.00078390742381779  0.00086107385717176  0.00094476493121890  0.00105327477847990
  0.00118124836093966  0.00133104259252082  0.00150131629278935  0.00169230174817168
  0.00190177348263953  0.00212646691720694  0.00237191671228261  0.00266674340254768
  0.00303976086716096  0.00350548401931541  0.00405042323297973  0.00468705606950652
  0.00539023887534354  0.00603316210213185  0.00677947469986363  0.00766381314654562
  0.00882795196912324  0.01013873936662807  0.01154738916284938  0.01366543453789584
  0.01686843733897739  0.02182100936214913  0.02716409031919893  0.03213252237781142
  0.03960807929126752  0.06410110430318806  0.68968389016877740  1.00000000000000000
 -0.00301836390728821  0.01258057304984386  0.02594645283261075  0.04155488046893045
  0.05602737123122135  0.07129374266232533  0.08665634007387345  0.10200780419984798
  0.11659997892041404  0.13064239654400936  0.14525499021648697  0.15717736632706006
  0.16916748684604679  0.18103686498348553  0.19239607203837311  0.20393596982829867
  0.21696484188783030  0.23133870516302799  0.24563343761847936  0.25987388974509684
  0.27275887764961693  0.28474297907845797  0.29785869107879298  0.31114661095714186
  0.32296803343040836  0.33431220013767232  0.34546642345467593  0.35625984115749537
  0.36670428534745214  0.37728157755542524  0.38796346445964158  0.39802240978726472
  0.40849220480617876  0.41972632292751244  0.43195229208130459  0.44482895622445690
  0.45711747250467505  0.46887561369433189  0.48140700019724481  0.49533199892354379
  0.50596498685209812  0.51337309889290128  0.52028532649766546  0.52730062019649415
  0.53448516625892351  0.54139431758128098  0.54830267953328937  0.55553409462625725
  0.56194309973681889  0.57257899745044527  0.58432245007777484  0.59538435068766282
  0.60661266240162526  0.61637303219285977  0.62548960571229917  0.63418439017829287
  0.64311219138349585  0.65194389942435638  0.66039383294769172  0.66829331751898280
  0.67575061027145666  0.68323326845139010  0.69082207269727458  0.69866995803750920
  0.70680381973971296  0.71488528981498389  0.72211005792420324  0.72905164789890586
  0.73670582649924554  0.74512697807659101  0.75417170599648353  0.76310542569597484
  0.77183553902991864  0.78115240403406871  0.79026051508945228  0.79941868543413630
  0.80906276871399407  0.81961404839418817  0.83094948580514838  0.84228383532407425
  0.85282300965514202  0.86235872121004709  0.87149138353812761  0.88028180621403229
  0.88913448944817741  0.89850488170061005  0.90892247823878847  0.91892423707407067
  0.92852994764021057  0.93818775786215691  0.94894131474864640  0.95948851404833480
  0.96953010114767801  0.97945400548365336  0.98970670030864805  1.00000000000000000
 -0.00225174572420640  0.00927351117496049  0.01906334177821801  0.02852493711342513
  0.03754513130507375  0.04628836790994764  0.05459303823296866  0.06338184760922357
  0.07315095756779047  0.08551314278421035  0.10016637084626934  0.11526740109547857
  0.12864171016347742  0.14133746621854654  0.15270946570671939  0.16389416911534760
  0.17529722628360511  0.18728705125922337  0.19977867146651052  0.21145323759538373
  0.22355907387150217  0.23440769087728797  0.24615518603657294  0.25888373512115953
  0.27177571306201714  0.28245216395018946  0.29223999279392993  0.30158491511494728
  0.31185847174906073  0.32269464676218867  0.33428707698516041  0.34561213238303912
  0.35715511642818393  0.36898364414404278  0.38018186429331230  0.39081648298141186
  0.40128320824900793  0.41087382130979344  0.41949359603443487  0.42755008673834899
  0.43605426697616795  0.44528589494986354  0.45521353457607910  0.46695172038193306
  0.47907882183398737  0.49081035992736943  0.50245643653574423  0.51392266239569895
  0.52653851658169215  0.53891972647005737  0.54984238894675941  0.55993797385289923
  0.57011642498431725  0.58002798076408668  0.58790071736001248  0.59403617171230128
  0.60053034139459127  0.60778529299424944  0.61528622906504693  0.62328361221186823
  0.63131984905178384  0.63924037589549099  0.64679418304587988  0.65578422398788716
  0.66515699918307691  0.67450442006664524  0.68297740609842761  0.69191004725376926
  0.70113450989847748  0.71123369685277582  0.72149546168196199  0.73187581205840091
  0.74262029452760758  0.75329955165448992  0.76611436805355893  0.77924795461463148
  0.79296436072692167  0.80577927503874680  0.81737850176621485  0.82750608518539137
  0.83669447316529755  0.84566632393382701  0.85490807127564561  0.86474947760842213
  0.87447940630079857  0.88376824516004182  0.89374528880050774  0.90523432543423776
  0.91737454529731199  0.92872887289978068  0.93961546044103184  0.95267506674536251
  0.96559951380992581  0.97685048072949943  0.98870457703917636  1.00000000000000000
 -0.00305376844033264  0.01036665546055928  0.02227157591078999  0.03360880400194963
  0.04610132833388559  0.05971545519294275  0.07303000134405713  0.08814805549345697
  0.10120236850625040  0.11441767305194643  0.12761119525217304  0.14118544051797138
  0.15430862587087071  0.16621576062519153  0.17718729996643273  0.18758316800861291
  0.19689531984596007  0.20568300154691163  0.21481675708336195  0.22426133172116294
  0.23433474619215727  0.24435964455879833  0.25441229979458380  0.26377554257100422
  0.27320918940351241  0.28268687249728364  0.29242044464089534  0.30221485837750267
  0.31206374043272211  0.32150948223062753  0.33098505461144562  0.34086207091460086
  0.35065719715815530  0.36214565571543050  0.37336869153302671  0.38656194931882348
  0.39883329205768975  0.40839002873251845  0.41745781272928723  0.42577495507210467
  0.43379659647350366  0.44416687689489665  0.45436982759890931  0.46531179354533891
  0.47560357339775594  0.48619256586530130  0.49658927184900342  0.50502950956188997
  0.51368026698346048  0.52308311586260980  0.53259183058971615  0.54165275535929447
  0.55081109984819066  0.56039295455036864  0.57105170066532285  0.58066178247915023
  0.58914932451485857  0.59796865850278702  0.60726420446757967  0.61721749788808777
  0.62647422650715701  0.63549804059804038  0.64452057477391489  0.65359654254344579
  0.66306795908101235  0.67338685766140971  0.68425831454755548  0.69479131437500319
  0.70607471576004166  0.71827751340414814  0.72963270058739216  0.73786800258428331
  0.74497907278931486  0.75227254675213640  0.75947633335246911  0.76651376185963283
  0.77350407514437092  0.78056634594647689  0.78765651133859227  0.79686114142377440
  0.80868767100227579  0.82027681612904690  0.83206788855021996  0.84401203009964187
  0.85732511380232113  0.87313639247245800  0.88837649523481943  0.90222309158584424
  0.91489308999575047  0.92703281449384545  0.93934166963033450  0.95279247892411267
  0.96504979589434658  0.97681570795968620  0.98891958207223463  1.00000000000000000
  0.00549704039970551  0.01223333460240301  0.01986283129830072  0.02540542721283083
  0.03001706259864101  0.03451855374146648  0.03883164971366249  0.04285771027332579
  0.04661418370904385  0.05024783182849171  0.05392611977680505  0.05746114721084479
  0.06075712478638920  0.06363779590675241  0.06601425721303154  0.06849206118100012
  0.07113117293707236  0.07404808171483324  0.07709138911107782  0.07994540075433983
  0.08270782186617598  0.08545299773769072  0.08842209132517122  0.09164955574173386
  0.09466740654409458  0.09751561762985919  0.10020454080660085  0.10306169018618852
  0.10593157066156909  0.10887893676984266  0.11178416240836772  0.11442417717852767
  0.11690279373396294  0.11938265541864360  0.12188660630040245  0.12439026356055835
  0.12695182818761491  0.12970004569784382  0.13275184547208921  0.13587728494090320
  0.13907870936063685  0.14233515883556125  0.14570177972155648  0.14864221147592352
  0.15097953319529009  0.15303414739486193  0.15528882796449811  0.15751405615243694
  0.15957289102458003  0.16153862874033764  0.16369606309762136  0.16602753706303558
  0.16886210666998325  0.17118264970953129  0.17312204315030921  0.17499396730915590
  0.17689075416554287  0.17924603287855706  0.18293262681993933  0.18696412412116942
  0.19062780981809790  0.19367698353494425  0.19702300486750879  0.20053839905804130
  0.20392108093311134  0.20732290372166096  0.21117830116300598  0.21508436600680558
  0.21945807198622336  0.22435920315552196  0.22875193210216488  0.23219486563736499
  0.23576487254583345  0.23920178650670748  0.24271562735403632  0.24730471413837404
  0.25280454434450261  0.26063207717318598  0.26915555104182431  0.27942920966167117
  0.28643803741761120  0.29241432633294046  0.29813005540993276  0.30382837316349054
  0.30965383063552498  0.31737473898614288  0.33255735557397126  0.35211984981627831
  0.38893077260875963  0.40399473378531991  0.41348198593287389  0.43404528539999809
  0.46670514222743120  0.50861732640220725  0.54874365141987114  1.00000000000000000
 -0.00270586161544459  0.01332700151494823  0.02731286691830289  0.04064808325076080
  0.05403053345838739  0.06805481078590299  0.08289522522920036  0.09685551119652157
  0.10927091478428524  0.12102980195017592  0.13098117905036630  0.13954874183060861
  0.14802099445732911  0.15595607006724554  0.16398323587361269  0.17200555540451049
  0.18028386481405975  0.19015132065637286  0.20285888715221606  0.21620441241400284
  0.22861659186630948  0.23956314354452390  0.24948803074088277  0.25949761116668046
  0.26905694581925821  0.27882534617349392  0.28862741243470069  0.29828072752399587
  0.30835876461894590  0.31759346315691883  0.32770407566249676  0.33741790015345363
  0.34718399138397860  0.35678810532881083  0.36699699724791335  0.37822422290106406
  0.39044222272911910  0.40282337946505625  0.41390480010978081  0.42451138817466572
  0.43489613832805885  0.44539269245509938  0.45567935706707297  0.46666166720330299
  0.47817054332614178  0.49019451080069582  0.50288944346110198  0.51492256344903431
  0.52735630435628333  0.53900861351394158  0.54990223914023140  0.55990987391696678
  0.56951718960883468  0.57850885554524012  0.58731289145424326  0.59607541029653888
  0.60438586753449619  0.61226721462312006  0.61987866029191863  0.62768761767332915
  0.63545017104834789  0.64301110832598440  0.64970725269127194  0.65660551271836054
  0.66305943566669800  0.67028988691795333  0.67862410005588381  0.68781415245722743
  0.69778379545912739  0.70704997997342911  0.71603593540008414  0.72502008527538719
  0.73495766551865371  0.74450856343431282  0.75400428246843898  0.76343593859099668
  0.77317771824320514  0.78370400832314513  0.79507552101693613  0.80765859105561300
  0.82041865493953225  0.83220746123567213  0.84326750420638930  0.85463808633543115
  0.86695463316249499  0.87913391624041426  0.89051329420036573  0.90209665312015885
  0.91406128843489898  0.92588284104002239  0.93812307331405498  0.95079531398781236
  0.96482226700422136  0.97804329172729476  0.98950375480787900  1.00000000000000000
  0.09383291737407817  0.29423030095028019  0.37987341265653041  0.45026969007640727
  0.49969430870369863  0.53407025182838974  0.56347425114149419  0.59147046966746686
  0.61571080544383439  0.63413780966834410  0.64883349947095070  0.66377863596326003
  0.67955525820256257  0.69471212731208232  0.70855530590262183  0.72054741195341332
  0.73164014703112179  0.74178582139527149  0.75122255071544941  0.76045374235794061
  0.76996205330033962  0.77764924483266196  0.78468371042396046  0.79135769321123406
  0.79793008609004390  0.80435065417510387  0.81104723591926886  0.81754998563750325
  0.82365979498777153  0.82952742034068538  0.83538736543094205  0.84114309565186085
  0.84657887073682003  0.85183612501615547  0.85678304200862432  0.86122525537390504
  0.86586347850527112  0.87026015783036625  0.87418462434516875  0.87735932318369325
  0.88024862335441745  0.88327141816721977  0.88640687350532554  0.88942554733851109
  0.89234029403847870  0.89509973725765624  0.89781694880962670  0.90053879177175955
  0.90327114417982568  0.90606440107205932  0.90873682004019318  0.91131229444131956
  0.91391103673842344  0.91652455985705450  0.91912772519859431  0.92142307526470790
  0.92347415897974139  0.92550288191248375  0.92751116081679930  0.92960252224004603
  0.93187539540394704  0.93423168495480302  0.93644740109956848  0.93879392894665592
  0.94106868697066703  0.94330599629901168  0.94547332197597833  0.94759594959149018
  0.94971527213779372  0.95176113960089792  0.95376418134205676  0.95576537139605633
  0.95773137033550848  0.95950717475419278  0.96123390103691009  0.96286256433424333
  0.96447448204936004  0.96612650323454508  0.96779363061074020  0.96939668587717642
  0.97091659851548529  0.97238896601103364  0.97384222054270364  0.97532952586361765
  0.97686433618362212  0.97842227960559891  0.97998850641078172  0.98156052092802848
  0.98315893456513959  0.98484272345623447  0.98660811943966054  0.98844241667699406
  0.99069188336721570  0.99294745582863686  0.99597378930546898  1.00000000000000000
   3.9860431573917414E-011  -1.0000000000000000     
 F F F F F F F F F F F F F F F F F F F F F F F F F F F F F F F F
  <DiscreteSampler_grid>
  grouped_processes
  1 # 1 for a reference and 2 for a running grid.
  10 # Attribute 'min_bin_probing_points' of the grid.
  1 # Attribute 'grid_mode' of the grid. 1=='default',2=='initialization'
  0.0000000000000000 # Attribute 'small_contrib_threshold' of the grid.
  0.5000000000000000 # Attribute 'damping_power' of the grid.
 # binID   n_entries weight   weight_sqr   abs_weight
    10   10   3.705233227575027E-005   4.411194974985990E-009   3.705233227575027E-005
  </DiscreteSampler_grid>
