  0.00622172566156142  0.00650061143067439  0.00675023782569676  0.00699628509626336
  0.00724375253111968  0.00748818068861157  0.00772561145371119  0.00795735223543484
  0.00817293155439164  0.00839689072949188  0.00862281721553031  0.00884531999528239
  0.00906375001561138  0.00928216581358603  0.00952086334868662  0.00979520143934809
  0.01007767950016703  0.01035395720428627  0.01063588610636175  0.01091069773259390
  0.01120148943468676  0.01150233753414494  0.01181278853693787  0.01214159789903061
  0.01249291112889210  0.01284232183955018  0.01316055390407932  0.01350017609351387
  0.01386722172222301  0.01421979454090488  0.01454955462889276  0.01488010734691998
  0.01523204862278030  0.01564500205386374  0.01613685142041757  0.01663979249115147
  0.01713430763261300  0.01758522123074480  0.01801874947720024  0.01843175875592731
  0.01887715584557556  0.01935604467301168  0.01984229854767552  0.02032706595865366
  0.02080550656590242  0.02129448755702392  0.02178156652468238  0.02231327728419435
  0.02287329009553639  0.02347517962631800  0.02409498054141183  0.02473532178534770
  0.02539309693684232  0.02601829506490684  0.02665606884808525  0.02725859064351142
  0.02787536692837596  0.02854559778501715  0.02929881810168776  0.03017820616997509
  0.03121453168294930  0.03240024362803430  0.03361168316943496  0.03478185096224467
  0.03599171846897119  0.03717139987897889  0.03830879387201051  0.03949625919141746
  0.04086371779385198  0.04223811493617240  0.04347253074802679  0.04457857937232658
  0.04587835883438379  0.04720572519754176  0.04884124914480144  0.05063737823995421
  0.05323278948076950  0.05565307383696036  0.05788185378843710  0.05978129355500406
  0.06170160129676268  0.06380973702981428  0.06601286751971445  0.06855351217866053
  0.07225358544038057  0.07692346542955185  0.08121789914590742  0.08594535636368823
  0.09365468786393705  0.10192157261186616  0.10759664978316943  0.11385631221407870
  0.12427623519635356  0.14336713249151636  0.16616178395173364  1.00000000000000000
  0.00635516813279620  0.00750741653648231  0.00845251401896823  0.00919801890921573
  0.00982108401377822  0.01045610885153922  0.01106533572493257  0.01167223853497464
  0.01220116635062132  0.01267054175180489  0.01314250524556967  0.01360683396371536
  0.01407466005179515  0.01457618130247565  0.01509240678774348  0.01563352097825879
  0.01616984512825987  0.01675786203597257  0.01736700731604950  0.01798397431888314
  0.01859177804020931  0.01919280021434494  0.01981262324710470  0.02044847414229281
  0.02117974312870544  0.02194145940965155  0.02273098556103510  0.02353401309614606
  0.02436094165840780  0.02518254580367526  0.02597647176651633  0.02685273164061212
  0.02771020999286115  0.02859607693610740  0.02948681740916237  0.03038188138070969
  0.03131128668031938  0.03223481523557985  0.03313235434017266  0.03406154482136977
  0.03504248563270758  0.03612326799014937  0.03730870431078742  0.03855859987327308
  0.03984545843933275  0.04115480315006977  0.04248027367512476  0.04386259490910287
  0.04540002426605660  0.04711014838715574  0.04890698764972996  0.05052667682443957
  0.05199152781194632  0.05348880214153067  0.05500895268583486  0.05670851122807519
  0.05860105484896263  0.06045761821832021  0.06245246744861276  0.06435103552698032
  0.06624327673938628  0.06824953978699311  0.07054423052620484  0.07326446368573215
  0.07590910127217251  0.07860657021244508  0.08139280569343961  0.08426767552585762
  0.08721364964310864  0.09025955255348207  0.09326846148945038  0.09664166568267164
  0.10053988848751524  0.10416920298866553  0.10786557377280159  0.11161905939551003
  0.11563432633194345  0.11966208909876044  0.12437585014144395  0.12978797429312877
  0.13600369251400002  0.14231010636290617  0.14811386764227627  0.15457663409027117
  0.16130529935489521  0.16963196151899504  0.17881722366961034  0.19063793524882233
  0.20305882497739516  0.21645125523223466  0.23453936813370493  0.26434973484429963
  0.30059010191252999  0.35069824801438387  0.49686938727559388  1.00000000000000000
  0.00000257711517195  0.00000269029714568  0.00000282487983740  0.00000298529767777
  0.00000317498568379  0.00000337603453125  0.00000357641831735  0.00000377534196577
  0.00000401244415849  0.00000428820497373  0.00000455877978201  0.00000481703161721
  0.00000507167418816  0.00000534508662782  0.00000565218980536  0.00000602108442173
  0.00000646466290141  0.00000696649093930  0.00000755661455708  0.00000812113394967
  0.00000870306428299  0.00000930923688560  0.00000992157500466  0.00001060829266205
  0.00001137096243348  0.00001217636391801  0.00001302149410250  0.00001391406613517
  0.00001485545381845  0.00001601645777256  0.00001738554888995  0.00001882111562909
  0.00002028386007652  0.00002187529745722  0.00002381166518469  0.00002604610478698
  0.00002849326137130  0.00003097659033871  0.00003369545095272  0.00003672295941317
  0.00003993971353592  0.00004332866696285  0.00004710738537509  0.00005175892085321
  0.00005678294147981  0.00006214851114201  0.00006710591359445  0.00007264712571693
  0.00007885435402967  0.00008585154221446  0.00009361018082728  0.00010223473784682
  0.00011216438763623  0.00012262926775678  0.00013507747152708  0.00014775685960643
  0.00016142371140547  0.00017619844101205  0.00019156593080519  0.00020802242914258
  0.00022669243697200  0.00024747322765589  0.00027066536315591  0.00029844177560607
  0.00033370070876328  0.00037161286443093  0.00041436024626469  0.00045972465546114
  0.00050771685979827  0.00056147574381372  0.00062348576960479  0.00069722074445369
  0.00078487428249212  0.00088556569001389  0.00100267222253190  0.00114301108499133
  0.00130551545710587  0.00149321724457920  0.00171348998797870  0.00198454368207996
  0.00232143429632811  0.00273040418099580  0.00322498390918039  0.00384012244157473
  0.00460401934796563  0.00572721782382387  0.00729800539951518  0.00915590064830629
  0.01145449213827488  0.01458001218451594  0.01902770166669134  0.02543832443013867
  0.03735211740177304  0.05697268353735348  0.09143942133007713  1.00000000000000000
 -0.00177526612175061  0.00674088319310399  0.01514318585119253  0.02315704386242022
  0.03120709614269737  0.03949540462064737  0.04799787918155729  0.05609473885698534
  0.06438522613231494  0.07343652600131965  0.08285660302231769  0.09224999582001489
  0.10116151649344519  0.10873279664168026  0.11555900101465931  0.12296926808431462
  0.13056915329083987  0.13841212484946425  0.14636441190992502  0.15447352947105458
  0.16240866943727594  0.17077926732666365  0.18165752493040183  0.19235223264302836
  0.20360300884744575  0.21338253994534589  0.22274058588461115  0.23191718924211052
  0.24185991655861031  0.25252209411525761  0.26240473698946293  0.27198913837525152
  0.28166376826104866  0.29159292648633245  0.30122433560172501  0.31132534970109899
  0.32248908077457078  0.33314275908494356  0.34251881236146470  0.35171439082086176
  0.36148921875498990  0.37158744127868704  0.38156869312126246  0.39152926279026251
  0.40229546347099843  0.41417679523340878  0.42621671845369380  0.43755288316480007
  0.44818430771811996  0.45846344265463596  0.46871309812316370  0.47979951260871057
  0.49207438874496678  0.50491264321903950  0.51726620328225636  0.52956752871789015
  0.54123567082155755  0.55227307198883424  0.56329677771068176  0.57444959918259764
  0.58527200335788820  0.59573232715275048  0.60633138178661428  0.61736887512576255
  0.62886419754755174  0.64055966672769871  0.65214489974055190  0.66397252342681989
  0.67618585662171415  0.68808816170120135  0.69924670583621196  0.71046477711238498
  0.72274801109059084  0.73554086307138011  0.74731769884600252  0.75812202094329495
  0.76832915680856828  0.77869631505237757  0.78974711306339462  0.80247241346918796
  0.81560384949772602  0.82811160380897686  0.83917342539660622  0.84973666017859040
  0.86013193190416393  0.87078815844834911  0.88161924351336152  0.89296439454107113
  0.90470226524323560  0.91666411444246421  0.93006938123406468  0.94517233117861743
  0.96064531007051202  0.97401372719752433  0.98672231336359928  1.00000000000000000
 -0.00211890781839466  0.00936204044174826  0.01866829381556966  0.02765505020994770
  0.03726780556413499  0.04703515883259952  0.05917996687639307  0.07030659948349446
  0.08170071107143247  0.09267643757629443  0.10430029018706619  0.11601535974682693
  0.12769759572743433  0.13961659800271708  0.15160457348914155  0.16309920290131166
  0.17393788925158116  0.18432494038608602  0.19435179764010899  0.20428480997703541
  0.21479059745876120  0.22645787424036920  0.23843958795481776  0.25065832278750821
  0.26201013497519604  0.27307750625446187  0.28394196441367353  0.29434042972143371
  0.30468068424485728  0.31487222854074826  0.32568742644005538  0.33661983467383283
  0.34709624841064890  0.35718939849461551  0.36720245792908479  0.37749394602805447
  0.38858385226271996  0.39952378350807083  0.40998823516737165  0.42038127746198883
  0.43086724833630247  0.44147326919805957  0.45217088233654906  0.46266817244079278
  0.47249342826308388  0.48193228264880444  0.49045787649591904  0.49897897542464964
  0.50786762180063549  0.51721215134616250  0.52779731791532991  0.53966049992449294
  0.55302995012407408  0.56492132282655216  0.57608052814575772  0.58695457029436704
  0.59857461792597311  0.61111737636673391  0.62312029236383970  0.63472676841066333
  0.64577306665402079  0.65653761302881108  0.66746626074081128  0.67887640199651511
  0.69021701000208679  0.70114290902229082  0.71153481750628111  0.72160121567689006
  0.73184427245566308  0.74248159745795672  0.75275161286899550  0.76198218317152044
  0.77102675074699289  0.77968219645966541  0.78902028329996987  0.79833512017038410
  0.80866303489328450  0.81859031674905747  0.82753591679920735  0.83631077084557592
  0.84550365915593462  0.85510494065643949  0.86466736204443329  0.87390770784118632
  0.88253691026645387  0.89163623695778871  0.90119102771184212  0.91084543363572157
  0.92012507077748695  0.92968579767709247  0.94005782861822129  0.95202015768508996
  0.96393703679482212  0.97575271770727123  0.98785488961228674  1.00000000000000000
 -0.00166001253289992  0.01454194684605148  0.02830700559313068  0.04317563144851157
  0.05858684873543481  0.07329693364159159  0.08752598904720782  0.10309070604034927
  0.12250689255539195  0.14043049986431846  0.15654239789238750  0.17165722934554059
  0.18520369407204065  0.19936670567825754  0.21435547959630613  0.23097209365885382
  0.24911099999878825  0.26619611320065345  0.28236686529732336  0.29828032832286971
  0.31280000268697966  0.32705353033807022  0.34194395650810006  0.35799183761683695
  0.37342056904307891  0.38698810215933177  0.39888206739366444  0.41088593461693967
  0.42236330352214196  0.43405238760205039  0.44490082554115096  0.45529759893822924
  0.46594880181786014  0.47621020557261340  0.48694084556559808  0.49849521754166054
  0.51204471866263912  0.52551975023499309  0.53735619649668331  0.54941363484415429
  0.56044568789786453  0.57099487468256949  0.58191435513211442  0.59428104425454997
  0.60642077869616395  0.61761763656836122  0.62971103139129214  0.64382933729208358
  0.65661651938399501  0.66857219516559796  0.68011978350933755  0.69110797442658167
  0.70094830248441387  0.71019880076219333  0.71905786708220898  0.72794352208489910
  0.73719192088451080  0.74626322600521422  0.75567941718408316  0.76550475866242707
  0.77539411345457621  0.78490388778337850  0.79413143281082621  0.80385121232150625
  0.81315488877604580  0.82244717702817294  0.83030929882919879  0.83847934182062522
  0.84596572933614855  0.85346379929872063  0.86122648336396479  0.86926727970900597
  0.87730296689167631  0.88468503229736084  0.89118633199952380  0.89749118998064203
  0.90344478648257120  0.91008030945360607  0.91692368706320859  0.92449423705200762
  0.93217954721266960  0.93901718474752560  0.94451069636666452  0.94971374492249905
  0.95481845549578159  0.95940727121993730  0.96382751143269974  0.96824414461081609
  0.97266906917569962  0.97712115080494133  0.98146092141653918  0.98546903773492389
  0.98934333939536778  0.99318142272108789  0.99665826814926461  1.00000000000000000
 -0.00217665058547612  0.00839987496420186  0.01862309228169041  0.02862013111454913
  0.03936792905979854  0.05050983868912515  0.06110774733958253  0.07194438408388658
  0.08284550189874111  0.09395205426324384  0.10504268338107861  0.11615989093841154
  0.12726202942260056  0.13767369122751777  0.14757362496042031  0.15670065140611905
  0.16542782546180307  0.17494044508538817  0.18470885274902696  0.19570302089330471
  0.20667944165326588  0.21922609767517304  0.23154431428760613  0.24337058200210568
  0.25460460082647873  0.26555528583266413  0.27621950860427147  0.28727809048742825
  0.29878416717781248  0.31040735446526468  0.32159536034034542  0.33251001423707349
  0.34306719062019664  0.35408228663349656  0.36548931766506337  0.37586926009945459
  0.38497086610878883  0.39382131524952335  0.40373585312098631  0.41419773956118960
  0.42502793193248573  0.43616365722821221  0.44863017957047446  0.46088010304899962
  0.47233376413167916  0.48401992422315726  0.49564203665847978  0.50667700749561106
  0.51701804552537234  0.52786537286832103  0.53887749961634168  0.55013589151672126
  0.56064105234807526  0.57051524490368655  0.58034823784165868  0.59086607859815521
  0.60205746997866627  0.61313749471259993  0.62441103397796982  0.63597143152366720
  0.64779862583413994  0.65876415383369102  0.66968762984964669  0.68040061773934857
  0.69032515190110111  0.69901922249003434  0.70781011782324743  0.71676281204713810
  0.72552944334190272  0.73425037945254445  0.74338932694255566  0.75310373972330369
  0.76408851390969812  0.77412138873928826  0.78341214141673987  0.79254116568694577
  0.80211389017049795  0.81187194118401584  0.82157698800601264  0.83151295042484852
  0.84174901063068741  0.85207947619387137  0.86260181955399950  0.87378436809052529
  0.88545799720017604  0.89692788572463378  0.90775486406842487  0.91844092781171738
  0.92948459916883275  0.94074587470111570  0.95109006255947359  0.96054245241525715
  0.97024962602727050  0.98019803751672829  0.98984733639918010  1.00000000000000000
 -0.00182063302392517  0.00840337839010274  0.01680004832327724  0.02533824481047221
  0.03429922871654302  0.04391366759495930  0.05417529649416415  0.06433230877284442
  0.07452580904477836  0.08482492236182930  0.09474243840665077  0.10436821045810298
  0.11444710366585090  0.12522776391751239  0.13643815933745165  0.14744869326390336
  0.15767607111541243  0.16735446166837264  0.17726178760615180  0.18761463629761624
  0.19835268125995975  0.20951110175539783  0.22079441037690406  0.23146283743441573
  0.24183535973279557  0.25232018126946459  0.26384182369446607  0.27525805548876009
  0.28652797692289028  0.29752321668151110  0.30860173769734717  0.32000965737226988
  0.33129995349075164  0.34260872954915611  0.35431721503461761  0.36639277248493834
  0.37815932771129929  0.38885073270632281  0.39868470905098458  0.40809956966059585
  0.41815393836362141  0.42948507836165123  0.44118609856437307  0.45285118735882374
  0.46409729356740365  0.47580946451808787  0.48614087149894930  0.49604366822798646
  0.50542571712669637  0.51518415005226814  0.52534837623195418  0.53452211530770632
  0.54337206905168434  0.55246093687338316  0.56176094345839644  0.57113559543245285
  0.58081813958690098  0.59132281668627595  0.60273853660955634  0.61354983335995605
  0.62414073010598026  0.63496599909371931  0.64618742558740461  0.65797610108099525
  0.66966108737009455  0.68102738842386701  0.69225368232935502  0.70333952797409838
  0.71447864828121821  0.72570711817911415  0.73705760532350939  0.74872363861754931
  0.76066689828334322  0.77274672073143846  0.78418307047130553  0.79511815269769548
  0.80576236787688593  0.81611311625830663  0.82608950761265587  0.83611807343268363
  0.84598319187889914  0.85596741507933927  0.86646130963989798  0.87730463680593840
  0.88856549424125175  0.89972018924614927  0.91087918968710613  0.92181128632486931
  0.93192686114165879  0.94126564163555049  0.95038868160968704  0.96055358334364205
  0.97117117056147184  0.98150213697209476  0.99063164402752057  1.00000000000000000
  0.00765617179055300  0.22312150062723304  0.30108486282078806  0.35412671640750054
  0.39914538394086235  0.43756620460980428  0.46955155543838323  0.49480493088282035
  0.51789400025824772  0.54046882717496214  0.56031894617359823  0.57836024763848037
  0.59484567141288947  0.61079454357504703  0.62662302641695333  0.64065247200400088
  0.65379079125428530  0.66610803068179802  0.67725649390041209  0.68790861850532814
  0.69848112431232945  0.70870638746153436  0.71797536249888405  0.72698983023445274
  0.73573101587831558  0.74418766691010207  0.75246947036082601  0.76054473274226286
  0.76812766496496043  0.77513532670616236  0.78176792287178420  0.78841427203195280
  0.79486944578383756  0.80088478125044960  0.80653013503889515  0.81182956920192173
  0.81677635988360608  0.82172226971253026  0.82686946215592494  0.83234965248294124
  0.83716600576590117  0.84170552815853072  0.84591161304128293  0.85019236125506314
  0.85455004451818029  0.85905288837741878  0.86332091148963064  0.86725841347630506
  0.87101950103829673  0.87480451144221538  0.87878584952956862  0.88274816715607984
  0.88659575264308610  0.89029752113143479  0.89393845606707312  0.89740417427515251
  0.90073151902059756  0.90389715168772489  0.90693847339540545  0.91003184244743585
  0.91318987731539691  0.91632094085256599  0.91935198869796597  0.92223707091549512
  0.92498025976151410  0.92759338746530329  0.93011399287730290  0.93262573487978961
  0.93516240613081592  0.93761769688371699  0.93985401089695209  0.94206967650977869
  0.94434579641235261  0.94659842793500903  0.94879823587191225  0.95092833759694229
  0.95305505434639926  0.95512296126655127  0.95722811454743495  0.95928151252449967
  0.96124048862421863  0.96314340454042358  0.96504577408663739  0.96694932794024824
  0.96908521825513172  0.97128978811252464  0.97351622187066544  0.97569308219759510
  0.97778915142550793  0.97986037909332702  0.98196801146195356  0.98421500164630760
  0.98665451769849888  0.98958155936475467  0.99380752626488511  1.00000000000000000
   1.0978197265417333E-013  -1.0000000000000000     
 F F F F F F F F F F F F F F F F F F F F F F F F F F F F F F F F
  <DiscreteSampler_grid>
  grouped_processes
  1 # 1 for a reference and 2 for a running grid.
  10 # Attribute 'min_bin_probing_points' of the grid.
  1 # Attribute 'grid_mode' of the grid. 1=='default',2=='initialization'
  0.0000000000000000 # Attribute 'small_contrib_threshold' of the grid.
  0.5000000000000000 # Attribute 'damping_power' of the grid.
 # binID   n_entries weight   weight_sqr   abs_weight
    10   10   6.066525709747503E-004   3.329300185895218E-006   6.066525709747503E-004
  </DiscreteSampler_grid>
