  0.00196502959504156  0.00338663322211986  0.00421975462068579  0.00488642775842707
  0.00547473862790404  0.00602893881108287  0.00658062503415375  0.00713847214185600
  0.00771092494446998  0.00828023940408142  0.00884008828363584  0.00941629928633738
  0.00998842456987886  0.01058370557038618  0.01121528191678373  0.01185460066704307
  0.01247044765059226  0.01305796550037224  0.01367185506107759  0.01431625816891097
  0.01496641325725850  0.01561292816630879  0.01627196053588248  0.01694665208407118
  0.01762447800230176  0.01836345660128738  0.01926934098989105  0.02014671276610672
  0.02097347900248400  0.02176668742977900  0.02266580632357514  0.02355907890230141
  0.02444986211578841  0.02534395472669807  0.02626649539770099  0.02720967415631772
  0.02809820710499050  0.02892874769328753  0.02975460932689214  0.03056754798706740
  0.03135434873929036  0.03219884937458970  0.03306043339708423  0.03381645706056573
  0.03454529845058688  0.03538143087922369  0.03635312714239959  0.03756507411043272
  0.03901021377299015  0.04055521244616873  0.04202616854477664  0.04376088781969854
  0.04558623185136138  0.04754362921371669  0.04965885983501885  0.05180306416679119
  0.05371672315983986  0.05539594452270281  0.05684804010931267  0.05810875467613770
  0.05936607286952710  0.06072252476040755  0.06248980806862771  0.06480889614653601
  0.06737647823536895  0.07028553031185313  0.07389354830656057  0.07768984200280209
  0.08179892639832703  0.08512701982969950  0.08902559391731829  0.09305379217739473
  0.09742820477594563  0.10270300810897724  0.11288787256483182  0.12083601890948174
  0.12543028672114961  0.12848522937394355  0.13326223776526736  0.14054730492293760
  0.14782162785277198  0.15414565062220342  0.15933865421160612  0.16358432255194857
  0.16772713569294528  0.17245357364780689  0.17729672962106202  0.18228219070387688
  0.18823733974928811  0.20403403427731617  0.22377425059176306  0.27046106983919255
  0.32905195296075174  0.44217959328404333  0.59016523660446885  1.00000000000000000
  0.00592658881946076  0.01069833292450005  0.01323459095848300  0.01515981889162377
  0.01691201592960241  0.01867656286187231  0.02048418595822150  0.02232123947212130
  0.02412744893892425  0.02588303637956756  0.02762339878350872  0.02934939935118913
  0.03116751822905302  0.03277153017676891  0.03444419011481878  0.03613937812931568
  0.03788115842074977  0.03974967099378323  0.04156806318624880  0.04333206674013394
  0.04513862031157799  0.04701647911912772  0.04913064715609299  0.05132189289284472
  0.05353708014442000  0.05572521990440754  0.05790857319809756  0.05999070294500460
  0.06205598505641594  0.06421094737075067  0.06627853307060801  0.06820291507161584
  0.07021883496307073  0.07254812755832352  0.07520457016526960  0.07793356266838365
  0.08057039469602045  0.08296016303083203  0.08533055420644058  0.08772763140799235
  0.09018632495339347  0.09268465313611890  0.09507377842090724  0.09743133031880284
  0.09983834767679509  0.10222504551016127  0.10460112290639566  0.10688697408051349
  0.10916955961872825  0.11144358738250011  0.11373036503992767  0.11624388233871867
  0.11901097875802205  0.12161960916622531  0.12376037183793068  0.12570844778492549
  0.12802294369974324  0.13033240925559528  0.13228947594855595  0.13436702508999551
  0.13657519272865409  0.13893451982869867  0.14162783436398541  0.14440273565512488
  0.14767887795518730  0.15089499069303663  0.15438924709560722  0.15775433495307825
  0.16089543164522158  0.16430054580928838  0.16758622301179249  0.17173040193271605
  0.17760072797574752  0.18440261062713756  0.18977849518528847  0.20566603182948454
  0.22742571757638791  0.23500777261251607  0.24300094284177956  0.25155496998199556
  0.25909588352131990  0.26714187345853618  0.27496814848122458  0.28330130407333481
  0.29300577616209456  0.30404592796022883  0.31499094678308059  0.32617501713079322
  0.34014193567936901  0.35590044667843124  0.38024937751662347  0.41353623828364811
  0.45352083596363613  0.49569405448826026  0.87474966188363201  1.00000000000000000
  0.00000279428535217  0.00000308839642911  0.00000332989694655  0.00000357770045856
  0.00000384212267876  0.00000411196515769  0.00000443020136726  0.00000479522031038
  0.00000517003528641  0.00000554637372509  0.00000588215953204  0.00000623425289140
  0.00000667818687413  0.00000717930204600  0.00000782903813823  0.00000862084121717
  0.00000948839376396  0.00001045305929426  0.00001147005398889  0.00001259383429538
  0.00001382400177222  0.00001507579477693  0.00001644895186139  0.00001802162494713
  0.00001997173294970  0.00002236927531347  0.00002483771963578  0.00002716504439920
  0.00002960163396199  0.00003225053163994  0.00003488846293175  0.00003755500248238
  0.00004054679179768  0.00004414508843859  0.00004801095384759  0.00005225776407387
  0.00005700841222115  0.00006226787283391  0.00006814597113368  0.00007466590307080
  0.00008159270608665  0.00008841781963781  0.00009608201375863  0.00010407665064420
  0.00011287886502253  0.00012237892148669  0.00013153137104741  0.00014084916077731
  0.00015045918361239  0.00016141945424407  0.00017376809893747  0.00018827151935642
  0.00020445058906687  0.00022209493986789  0.00024154803864243  0.00026372605452128
  0.00028832971968450  0.00031742261540400  0.00034761737222870  0.00037880275525046
  0.00041219809400666  0.00044670782979842  0.00048377663179117  0.00052323275207440
  0.00056703853719756  0.00061612354766932  0.00067213531717302  0.00073826335895816
  0.00080770603649352  0.00088018226631336  0.00096156089675162  0.00105625667175940
  0.00116246877243837  0.00127230175743647  0.00138696897791968  0.00150952213601024
  0.00164959125988642  0.00180870317227976  0.00201492351958938  0.00232998958962333
  0.00280724431361241  0.00338207633408079  0.00402089441791836  0.00475394151073186
  0.00563834261173423  0.00661803170830845  0.00768016738088634  0.00904379962261044
  0.01126902444416349  0.01493343045119079  0.02104045918916655  0.02863975225971610
  0.04085282799227472  0.07598156370723158  0.45560325898897980  1.00000000000000000
 -0.00762194775288893  0.04199611117865030  0.08229223014748141  0.11489806494569774
  0.14317530856083951  0.16443111160028506  0.17886235949506429  0.19304529973337764
  0.20893868058429221  0.22793613138573166  0.25049485308312769  0.26792174554668674
  0.27986725225703107  0.29127531706710746  0.30206501647008532  0.31395513446916445
  0.32589706650119971  0.34041465703562501  0.35643702520916615  0.36896927617051672
  0.38081075572185696  0.39158518082279309  0.40276769958242931  0.41450067764010673
  0.42806233543462036  0.43982453150636935  0.44842988314040838  0.45851863229870332
  0.46866058514907860  0.47798522162732993  0.48734424824043410  0.49729404445930131
  0.50834116273289165  0.52019773196236274  0.53282843977232541  0.54555903814832674
  0.55793560194952585  0.56957849188166498  0.58024841181703801  0.59044169425281867
  0.60054582343982366  0.61010824752713355  0.61907812017782493  0.62814801170055279
  0.63854501788418350  0.64870915270928642  0.65823536405769778  0.66792470459568598
  0.67717189488606433  0.68646493654121077  0.69603124693431073  0.70575196041974486
  0.71565745445906004  0.72535040400736450  0.73437966206131966  0.74250242318248327
  0.75022663132926071  0.75784051125153873  0.76583535786754253  0.77412638424003621
  0.78263178473423023  0.79117614534479963  0.79963150284276874  0.80786788260830544
  0.81565121874458835  0.82299625123866360  0.83028235287597263  0.83779567075273709
  0.84511831470172494  0.85187185358341089  0.85862365959516829  0.86588939442841972
  0.87298063703809581  0.87944485208641276  0.88533106817693952  0.89086266096659528
  0.89631866051224407  0.90179245564442734  0.90821708566776227  0.91513532793369279
  0.92146677452193715  0.92731652356242777  0.93320413164966354  0.93924407114322983
  0.94517656468670097  0.95065775041614586  0.95571477644511904  0.96063903045855359
  0.96564883169194349  0.97059119124957249  0.97569213469150218  0.98074796501618655
  0.98568469547238846  0.99050890183034601  0.99527573487895249  1.00000000000000000
 -0.00215387241560979  0.01252460083481016  0.02508641346347516  0.03692728052349360
  0.04818187141344652  0.05957092893332544  0.07016504978872046  0.08032201925872964
  0.09182544677914782  0.10323811965735469  0.11306437285077156  0.12200901231218013
  0.13068108244424509  0.13890256573123119  0.14695177453999284  0.15506439343703193
  0.16369186218655285  0.17247841359318122  0.18141922846946085  0.19040819406906018
  0.19961856234110797  0.20867379232417066  0.21709955877525364  0.22591278573755061
  0.23676280809060776  0.24855769956788917  0.26042399906078501  0.27307793304435091
  0.28658491742889336  0.29776785268596040  0.30879849433674139  0.31906386733177444
  0.33023178500064493  0.34213580380700598  0.35400872626530611  0.36657855761252045
  0.37773567133698827  0.38723420782371165  0.39644501203303162  0.40636370715691777
  0.41635421569256559  0.42613330905520019  0.43642467388877354  0.44824114192231074
  0.46001850651613435  0.47110936418516197  0.48139492405991108  0.49157390059455547
  0.50216131604678027  0.51374037861425614  0.52597511161623334  0.53822119045377148
  0.55023364898584926  0.56057385665400505  0.57141643991960056  0.58212619333002613
  0.59415539674783269  0.60581522595318227  0.61743739096480432  0.62854133247299138
  0.63834884868439690  0.64679931795811818  0.65449929522445349  0.66246510277432258
  0.67180402350046864  0.68313210294247984  0.69444729296878027  0.70785714442860248
  0.71842308400746613  0.72976080834111567  0.74096959738227264  0.75205986470740060
  0.76239581575623094  0.77203520285780214  0.78177372479692031  0.79259389186833940
  0.80437655334730263  0.81494697020299833  0.82290488665148764  0.83016361549076290
  0.83822737356496291  0.84732641490649141  0.85636457483893591  0.86536490314163694
  0.87492249336847883  0.88602930612227737  0.89758689700922722  0.90781017216654258
  0.91791846994922599  0.92850212568137336  0.94013214214419605  0.95208557315834708
  0.96351123701254826  0.97524094171819331  0.98675172854042992  1.00000000000000000
 -0.00151931965667330  0.00578097420143199  0.01435997435040246  0.02137485295164784
  0.02966911899491835  0.03920985808307650  0.04986950804429202  0.06153045160793533
  0.07365463561256594  0.08512523950567744  0.09526205639034323  0.10532465827793860
  0.11577644297035095  0.12550351111584684  0.13495249476539317  0.14408014106770756
  0.15529284944130767  0.16728803745308438  0.17941470099695245  0.19083284645194629
  0.20115851180367333  0.21210938105249771  0.22295901945236812  0.23316836944978186
  0.24302610632879787  0.25469842385531288  0.26935539814002957  0.28363541816220506
  0.29701299851676899  0.30943085575672957  0.32152728416661835  0.33307111046038679
  0.34412806821100611  0.35420329026324648  0.36407962724444654  0.37415051234716917
  0.38487596688498577  0.39751114366446960  0.41068467963396038  0.42309936226430228
  0.43505631858269372  0.44735073015149718  0.46039320973029735  0.47277503049665076
  0.48399347980796886  0.49413799234787881  0.50344376871372420  0.51309738642453895
  0.52294097859761601  0.53333000006073250  0.54449315414304000  0.55612794048422287
  0.56802137008318354  0.58008012101721074  0.59128724957587409  0.60206724223838437
  0.61269899716993115  0.62306341115838382  0.63300289910455965  0.64213064645371942
  0.65175099177946116  0.66249435221936315  0.67408244309652043  0.68565597187153715
  0.69603345157587859  0.70569319709671496  0.71453974758134164  0.72338299604108958
  0.73238005043440835  0.74113774180817860  0.74988945289307973  0.75928189046569805
  0.76984523054902443  0.78137921249742448  0.79314516986573591  0.80486016993648279
  0.81623472070767544  0.82688617132674935  0.83821741338210531  0.85013293133983869
  0.86112761742816346  0.87028122731182433  0.87935797753858880  0.88893135657657096
  0.89826027014834409  0.90751908008695992  0.91598751406942625  0.92458793341383771
  0.93287548969328460  0.94137400606266142  0.95029562059731365  0.95900147712870387
  0.96895549054320107  0.97863198914908367  0.98929385797746372  1.00000000000000000
 -0.00196162184834620  0.00960125096790948  0.01903405190863343  0.02856035168999584
  0.03803728080538792  0.04748380038481770  0.05667751506328207  0.06678587870507152
  0.07789386027801062  0.08918769471377673  0.10063689741369204  0.11251264790480242
  0.12498547058581448  0.13718654069291322  0.14767423803325727  0.15713697045628494
  0.16632118529588893  0.17548894407842389  0.18422712288651336  0.19288599972933718
  0.20173983308825363  0.21060967667077843  0.21940704172276623  0.22820472033256800
  0.23739167307796857  0.24747649988482925  0.25815090785765116  0.26832776248531459
  0.27939460954161038  0.29022567720312381  0.30090823994227406  0.31225612035720335
  0.32287243024362838  0.33368913962993213  0.34369993124660775  0.35504218684316630
  0.36662800047223526  0.37870615585720274  0.39018127643122480  0.40146264849337587
  0.41220995896221796  0.42282804733637935  0.43281478257987793  0.44477960611182077
  0.45796162426751769  0.47201744580422844  0.48744063499781459  0.50293896457198894
  0.51654113534043478  0.52799538961634218  0.53844947768707285  0.54851290748041903
  0.55832375258443689  0.56796042685942960  0.57800605471666833  0.58980680796134688
  0.60263863207298807  0.61488414472322062  0.62648872596618699  0.63783665234671794
  0.64825152665835195  0.65766679370133785  0.66619777172862782  0.67416981914020524
  0.68210555600040113  0.69133707886695528  0.70121362824220934  0.71106879653358246
  0.72059635947041256  0.72993536718561214  0.74096909016114743  0.75157081242721446
  0.76277269352059995  0.77428890691111629  0.78610523628142837  0.79869894473207659
  0.81071279184502443  0.82275673168706653  0.83453127875037159  0.84574464496647450
  0.85673806426208632  0.86735371673647177  0.87740951654035682  0.88702252750210875
  0.89633960313487460  0.90542868932147791  0.91431350653247667  0.92245921474489745
  0.93071117581784457  0.93914880973140524  0.94835728076206738  0.95820529962345780
  0.96864616920611191  0.97894927935959830  0.98920558789142876  1.00000000000000000
 -0.00247545303238919  0.01029024133382686  0.02235255299668599  0.03480672396348160
  0.04744157474445288  0.05950135543955794  0.07063836839282933  0.08155855564283905
  0.09249257025863519  0.10336769444025334  0.11287779423545580  0.12127631899911322
  0.12942963134472940  0.13813960384300997  0.14865714521776147  0.16136546231024507
  0.17717960429522753  0.19146141523999619  0.20242724749892155  0.21320447279836108
  0.22339355772441635  0.23348569770820340  0.24235923566481535  0.25110443115418696
  0.26022604492636336  0.26981265479244465  0.28015282083600651  0.29112118398329068
  0.30313224161055913  0.31615560680367211  0.32946267460491058  0.34187970992326211
  0.35240269760478526  0.36184973892837868  0.37136158018172905  0.38169850714538328
  0.39281281211401942  0.40430893434795667  0.41608608716286227  0.42639650766361697
  0.43532439441007670  0.44398039674021550  0.45340354431761520  0.46373897041634626
  0.47451581541222626  0.48573345315238659  0.49691936965787492  0.50649445976207463
  0.51522406337689863  0.52547311101828387  0.53665240112588453  0.54831247250595749
  0.55889091396777346  0.57091590508224199  0.58330006137268908  0.59480208931560219
  0.60617485957423145  0.61756379602464995  0.62926420042846276  0.64073942571696185
  0.65194602087166131  0.66271499219918473  0.67201624413181260  0.67950629595849132
  0.68685360624757419  0.69473765532234255  0.70338749638464004  0.71210871039352885
  0.72095831966512747  0.72984415247062273  0.73983685122844400  0.74930486567356569
  0.75873941964728708  0.76858934890091457  0.77939695896065808  0.79020612030938286
  0.80010260294975177  0.80947291287977352  0.81842962552931420  0.82780896200959064
  0.83785271903650449  0.84762038507395199  0.85664074287841896  0.86606549934528421
  0.87844451372551602  0.89203548879506922  0.90485839777174681  0.91673950872893128
  0.92728169212383282  0.93777963192111324  0.94714870299251086  0.95694313849397383
  0.96739825671819646  0.97919264262651717  0.99020585418785867  1.00000000000000000
  0.00042399337885814  0.37489937758513808  0.47969069882877274  0.54188151354891068
  0.59091199724168142  0.62481396658915089  0.65150407007688316  0.67547253462549883
  0.69589185020177680  0.71261587794990755  0.72797081014650700  0.74425433870742963
  0.75909732772789096  0.77251188371920676  0.78421083436753436  0.79453426191661047
  0.80291994758408092  0.81109371866236391  0.81908818982772857  0.82725371669778713
  0.83450637627573920  0.84096233139281040  0.84719862793616829  0.85332328395613954
  0.85975110829410151  0.86590524382448986  0.87171906200085802  0.87688477245425567
  0.88176009532214772  0.88637200980286690  0.89070503918439148  0.89466813183474581
  0.89828094969396632  0.90170086650520576  0.90501384960352738  0.90813395160673838
  0.91111036651193755  0.91402399710385951  0.91691969622557479  0.91890701156088639
  0.92107796496555405  0.92325604119227567  0.92539459201043228  0.92751937569358156
  0.92963479547634376  0.93180011698497311  0.93399788273916007  0.93609369009226906
  0.93788451824581887  0.93948850203195400  0.94104695767395996  0.94266957951392893
  0.94430921130176293  0.94590306315103834  0.94742041305898528  0.94899843866968725
  0.95063959713331359  0.95213263908292278  0.95349776449341317  0.95478905362756472
  0.95603789951421869  0.95726740613202377  0.95851289576644993  0.95977788004618225
  0.96109468456713709  0.96239182898276665  0.96363648009265002  0.96485572047848955
  0.96605359356480813  0.96720880571949885  0.96830826097680789  0.96934096739546149
  0.97030908263462434  0.97126452513876782  0.97222210613218829  0.97318999538858320
  0.97416755667997978  0.97514314731069152  0.97611282182346193  0.97714154522532493
  0.97825144372112871  0.97938710870725620  0.98048595908036229  0.98154293372559831
  0.98254503085609413  0.98350195245170435  0.98442646896311226  0.98531872667523090
  0.98627547764992818  0.98727178596602061  0.98832991717817797  0.98964040594082769
  0.99110254424894639  0.99290668734157161  0.99524265651439547  1.00000000000000000
   7.5522529842645144E-017  -1.0000000000000000     
 F F F F F F F F F F F F F F F F F F F F F F F F F F F F F F F F
  <DiscreteSampler_grid>
  grouped_processes
  1 # 1 for a reference and 2 for a running grid.
  10 # Attribute 'min_bin_probing_points' of the grid.
  1 # Attribute 'grid_mode' of the grid. 1=='default',2=='initialization'
  0.0000000000000000 # Attribute 'small_contrib_threshold' of the grid.
  0.5000000000000000 # Attribute 'damping_power' of the grid.
 # binID   n_entries weight   weight_sqr   abs_weight
    10   10   1.439352311340416E-008   7.641331214451864E-016   1.439352311340416E-008
  </DiscreteSampler_grid>
