  0.00014944606520743  0.00018573593459958  0.00024112749877356  0.00028710673981266
  0.00033021794029119  0.00036919841040742  0.00039826859354954  0.00042246810028782
  0.00044480751529180  0.00046782421753672  0.00049360359480230  0.00051673259654175
  0.00055548945944538  0.00060280293420057  0.00065691489717923  0.00071853671047065
  0.00075340897668273  0.00078007352734897  0.00080418927453662  0.00082773008694301
  0.00085319861784442  0.00088359935370983  0.00092228985244617  0.00095840609433305
  0.00100561054635155  0.00106438632338152  0.00112351737011266  0.00118198570707389
  0.00125744143848796  0.00132552566964709  0.00139848636700950  0.00148166359475436
  0.00158321694443567  0.00171988196737797  0.00188357521896728  0.00206624143699244
  0.00226835357659935  0.00249270013750518  0.00274941251855486  0.00306534066194536
  0.00342629113780338  0.00380116682184688  0.00416750796917523  0.00452588411029554
  0.00488296289963414  0.00527207605704972  0.00575113184113731  0.00627528179051156
  0.00688040769936543  0.00756545303439793  0.00829137062734760  0.00903200031597633
  0.00981095510680783  0.01068398842538032  0.01169085173987414  0.01278323787929982
  0.01398018251312892  0.01527320335328575  0.01660920377723591  0.01801327767002395
  0.01943861665124469  0.02103722742733892  0.02291662088532501  0.02480005945854010
  0.02641310120581307  0.02789877189672799  0.02949074014894611  0.03114920706848564
  0.03281080318938141  0.03462021009574999  0.03668754255596136  0.03868090924837674
  0.04020543878345050  0.04147180931715509  0.04299434886973776  0.04500297818593371
  0.04740234657940512  0.04950610244544395  0.05130236779609094  0.05315040518256461
  0.05546941762616232  0.05851388482195612  0.06127485825302111  0.06585471383329300
  0.07229236106259146  0.07874507688713528  0.08596718405155003  0.09446017381727492
  0.10686595620015528  0.12572400525182292  0.14448886330976049  0.15949302468371901
  0.17860237119780556  0.20938610206107505  0.49511426130093988  1.00000000000000000
  0.00000151801184739  0.00001958114600224  0.00005767629032152  0.00011654077203293
  0.00018742226309063  0.00027347074945891  0.00037173506284485  0.00047472481031598
  0.00058061942950327  0.00070293190795057  0.00085517303538155  0.00102666678166224
  0.00120601859847312  0.00140315056247313  0.00162894269143879  0.00183627612572060
  0.00200630809181903  0.00217745378348612  0.00234789747140567  0.00249747346917003
  0.00265207940995964  0.00281125312654678  0.00308871017709822  0.00345172906395620
  0.00382033094592455  0.00421907037295799  0.00460406241154762  0.00501023864573657
  0.00538723721271377  0.00570974874606712  0.00602329326816109  0.00632935210859826
  0.00662802928284240  0.00691592749729083  0.00720897872345914  0.00751232325446744
  0.00783267635484441  0.00815651930236084  0.00853145881619317  0.00900566967643416
  0.00954989447645532  0.01017326642997619  0.01083035921866859  0.01153438233773850
  0.01225140198667609  0.01288564533915463  0.01346220000115632  0.01397535188196576
  0.01450993255234831  0.01501973108885062  0.01565920319923040  0.01641485402284846
  0.01721356114376925  0.01812447913515237  0.01920209785968918  0.02026928151784247
  0.02136775221232559  0.02255765791846768  0.02393612498463274  0.02521477310491762
  0.02636493547383110  0.02736385139870201  0.02824159029822687  0.02914209632645978
  0.03024393753754958  0.03156270978994479  0.03300161206505808  0.03440459282676091
  0.03580257787073226  0.03698493558042033  0.03821811192180102  0.03987879833443370
  0.04242762927819518  0.04604824641008464  0.04966976140489200  0.05311853504893700
  0.05676487070025339  0.06118498512403099  0.06649222679335455  0.07179892033709055
  0.07642453702635008  0.08132070913956722  0.08612961908967764  0.09083519703154092
  0.09611223176784278  0.10289584727459770  0.10937828668867725  0.11646457150083372
  0.12406123447775610  0.13021043384998870  0.13677447194182132  0.14364455461251502
  0.15539570148913651  0.16703404795776719  0.17820473671283130  1.00000000000000000
  0.00019224047196935  0.00035475477547479  0.00050620702245140  0.00061005331846451
  0.00067447466451999  0.00073096493091343  0.00077803615782528  0.00082309365210936
  0.00086102909627878  0.00089918181684878  0.00095026928020547  0.00099861278993622
  0.00109300650571271  0.00119857773595868  0.00129411942024749  0.00139514453328151
  0.00151210221649599  0.00167432489102211  0.00185194380044084  0.00204100395622506
  0.00223441366411630  0.00241728446057413  0.00261915305340694  0.00285942228084715
  0.00313660978523666  0.00342217189355229  0.00369278042926235  0.00395740671845763
  0.00426211301505789  0.00462204263484417  0.00502096246519332  0.00543486374824956
  0.00586782695987380  0.00635234972973419  0.00690776170468712  0.00748220487744471
  0.00803368581155512  0.00860003170649971  0.00924198696568727  0.00997405913333012
  0.01075240018796503  0.01149912785056961  0.01225651375277823  0.01303154449084816
  0.01393640852075721  0.01489484686953354  0.01585979209535161  0.01683354848958006
  0.01790301604488717  0.01906045876070277  0.02043868588910233  0.02212468913774836
  0.02404304414241942  0.02592266897047523  0.02785817388916645  0.02910011265525701
  0.03001939036724775  0.03099697102374778  0.03224545958141380  0.03336097602743892
  0.03442519257262210  0.03542276145974543  0.03661229803458434  0.03823922774417618
  0.03993082312734168  0.04174641791146102  0.04397645299054263  0.04661673652489713
  0.04908899109757266  0.05098085484199780  0.05275275260090313  0.05447474469718254
  0.05636985448458787  0.05839451308011274  0.06056031763335401  0.06255448186918167
  0.06485794783425118  0.06897545259466192  0.07548317903511652  0.08239088230547577
  0.08996778497758251  0.09579264962231944  0.09977246667603362  0.10479259475446631
  0.10970189623114115  0.11555739723413405  0.12361001876094332  0.13216106260972918
  0.14029823457658624  0.14904356978787384  0.15883701094151004  0.16915613208673744
  0.18115451509882285  0.19195116822752806  0.20069675587188870  1.00000000000000000
 -0.00323846528660868  0.00801131116644808  0.01807690894676437  0.02757876747726140
  0.03880126054300016  0.05388853695698476  0.06874141824499046  0.08358360849264752
  0.09632836877378448  0.10837154254374205  0.11951591113225468  0.12894624622748169
  0.13716507053452198  0.14549300578060156  0.15187047450270136  0.15864255626120324
  0.16720268820029074  0.17588515529457360  0.18287584716195338  0.19033220768705877
  0.19803781327957989  0.20675747738523687  0.21656132090789304  0.22702138257043475
  0.23810713305763587  0.25008998035383034  0.26424259037981446  0.27871731256962823
  0.29303000916566685  0.30785315361357379  0.32335682310331326  0.33874560823549055
  0.35206672113875614  0.36483121131123869  0.37575874209580434  0.38437083971752228
  0.39378466260007594  0.40166521347267575  0.40830798007548413  0.41492754891209543
  0.42134512096998727  0.42781176261894227  0.43434292626887044  0.44428075781129839
  0.45628008731030933  0.46889353066604167  0.48095105316830872  0.49347899025638714
  0.50476197439845805  0.51711534299458461  0.52972798845817692  0.54097096470678718
  0.55169607209851668  0.56139514807831259  0.57183548781738891  0.58292106763278628
  0.59338299221243274  0.60312979528816835  0.61319030456636614  0.62360482453597110
  0.63415279923283085  0.64485297031509115  0.65741478357114080  0.67003757368377026
  0.68161485787028286  0.69192850420787300  0.70113827748822677  0.70957724920251675
  0.71785212249576480  0.72681918785118427  0.73661898072984799  0.74566024035361489
  0.75458196893363128  0.76386027107886934  0.77403788945208818  0.78483206745967882
  0.79673309625591637  0.81101088771534668  0.82522311972924278  0.83818623223282740
  0.85011448237348830  0.86173901244104789  0.87348677495319027  0.88543360582328989
  0.89871995746571920  0.91303921431864066  0.92733059647222160  0.93918405500674773
  0.94815936619110641  0.95659919994646225  0.96511165464316917  0.97325706714715809
  0.97971404785581528  0.98522642024997786  0.99165173006508278  1.00000000000000000
  0.00024680233201803  0.01240501934436378  0.02192359153858751  0.02928540652836512
  0.03554606689199348  0.04089630614229412  0.04555988921988761  0.05023859020447298
  0.05513299653308171  0.05987584291283057  0.06392365376394080  0.06732980819023872
  0.07053871896049019  0.07352900899018662  0.07651980795689871  0.07947048057974981
  0.08242720162919494  0.08533023537118035  0.08822247308291908  0.09109105668067630
  0.09385272784823422  0.09642826640246714  0.09893355368756906  0.10156723574578967
  0.10445721835321030  0.10759011186356171  0.11030698444257284  0.11290450092675447
  0.11543175823855992  0.11812827817832648  0.12102586925701608  0.12367244183907533
  0.12620906370628868  0.12946667950797844  0.13277231102865092  0.13637080953921316
  0.14065806640521758  0.14525015408587200  0.15080003690561841  0.15562748419906100
  0.15990827455822923  0.16335932684202994  0.16622784709420976  0.16909835077439167
  0.17245464054263374  0.17565457642081284  0.17895708360801005  0.18347749298175736
  0.18940842265893643  0.19453325927903334  0.19913787773977207  0.20329552335871645
  0.20749787708735970  0.21201432761034927  0.21687763437694468  0.22187139457261371
  0.22752369807847236  0.23302485546706525  0.23864512243204816  0.24529752660718271
  0.25188358229617780  0.25767207238357109  0.26417917777213268  0.26985185238329817
  0.27374294317374015  0.27616727600223068  0.27854839359107908  0.28088662994766278
  0.28364644840237824  0.28580377342172880  0.28806476878513282  0.29200777757178753
  0.29652032508856657  0.30039082360895913  0.30473073156630248  0.31061477355506184
  0.31571749829267137  0.31932468640421563  0.32244302563023214  0.32516113076519898
  0.32802438235875259  0.33138900044511349  0.33633596260118143  0.34030536356854141
  0.34416352977233888  0.34835609045246096  0.35448185952309502  0.36469127098699278
  0.39347563720811113  0.45740620480757865  0.49975701734825667  0.52469822101304864
  0.54011336161024681  0.57577558405386797  0.63699696831177055  1.00000000000000000
 -0.00214386965493585  0.00941166230602595  0.02100110354426885  0.03101619064977239
  0.04199930602291710  0.05386441216041502  0.06589436004955702  0.07799016331863590
  0.09027164992053609  0.10234778667241640  0.11622233617404544  0.13039861318021778
  0.14459056461723149  0.15814195676993245  0.17162811230584990  0.18429808661278538
  0.19586979132322740  0.20744274144068459  0.21761267036672516  0.22863888371009353
  0.24056529984996658  0.25263339063950419  0.26538752763565709  0.27914797690478010
  0.29316854009664411  0.29949987136130518  0.30725992208399250  0.31357360420829955
  0.31992215401980650  0.32699441136782892  0.33639636138688822  0.34617756077399997
  0.35593260923917619  0.36799639674387585  0.37982703851024668  0.38864437281663278
  0.39723562054307443  0.40649076921785710  0.41858385894016192  0.43190391602607792
  0.44334862165156380  0.45357686558391447  0.46337761567773889  0.47403690793043907
  0.48526425208126783  0.49799841002041889  0.50919495461523012  0.51807467132597107
  0.52500707603306318  0.53074319332928521  0.53715325352080179  0.54565272866110093
  0.55310212413281057  0.56067186907115374  0.56867042966204839  0.57880125250428738
  0.58929191343321907  0.60264587567966887  0.61633088608319175  0.62969297590377071
  0.64135344620610724  0.65278965200733219  0.66594794151470738  0.67690553006847753
  0.68728988814055081  0.69705670105551165  0.70779478670331930  0.71912018893806418
  0.73082210621863997  0.74581412953080373  0.75854372038987328  0.76910180160863018
  0.77936013889203526  0.78921373184958865  0.80177863848616349  0.81378206684634857
  0.82398971629837758  0.83342382502355050  0.84328343903684999  0.85511971387721097
  0.86243902012007823  0.86941565067476101  0.87638507611509942  0.88478442396774537
  0.89413751020344079  0.90364463771379233  0.91217249677304080  0.92093077975046800
  0.92974404251102416  0.93768340338057732  0.94589071220447429  0.95456956032466234
  0.96436817991450752  0.97589907115190744  0.98775866563956116  1.00000000000000000
  0.00186936416933254  0.00255701700582503  0.00407442776796660  0.00571983082675034
  0.00736137249278964  0.00897412464532178  0.01063979883308668  0.01234674811377974
  0.01405335102910046  0.01568349771730888  0.01724262519997852  0.01876666706828050
  0.02034472291424338  0.02191327076829582  0.02340646673743915  0.02495009998725736
  0.02658383818508331  0.02823412894175379  0.02986274248917266  0.03157501048710776
  0.03335719347398218  0.03517747559452959  0.03702093408746857  0.03894001922797900
  0.04079480818693350  0.04231156747671930  0.04382653646856711  0.04525244969075876
  0.04681456333858610  0.04857187854062191  0.05048799852575601  0.05238495368481687
  0.05412391798295574  0.05581477633865063  0.05751734905178559  0.05939122668933470
  0.06152279921958993  0.06367864130001689  0.06579910340596792  0.06787999482461257
  0.06972162475561958  0.07175969933938665  0.07376188324002254  0.07589127654470708
  0.07801342384732700  0.08030430155178603  0.08299639497652837  0.08576915928977855
  0.08828897302847792  0.09068542075576390  0.09290599073366386  0.09520077061552573
  0.09749828192176174  0.10022922195319903  0.10280479748646386  0.10506834975918652
  0.10732344490784740  0.10983462753117273  0.11304024809535514  0.11705784926833827
  0.11971966831501149  0.12210638861267065  0.12426513216311945  0.12612485132395571
  0.12886981974508019  0.13157487976691021  0.13556337160499410  0.13856568475077058
  0.14151128969767521  0.14469448905778681  0.14773902687272034  0.15048036181304331
  0.15351033876588385  0.15712886708272386  0.16039308217350159  0.16392559008823920
  0.16922507764545627  0.17476018172193380  0.17791559622883624  0.18041068639974370
  0.18296828555797023  0.18743792200910139  0.19415396518774056  0.20170872958172392
  0.20826126678362894  0.21773278218150008  0.22566529839275878  0.23366675590706551
  0.24296813358542840  0.25396874865694918  0.26829271402620114  0.28308357779911830
  0.30411778490976943  0.34983316900544148  0.44264284217014016  1.00000000000000000
 -0.00244466608954504  0.00898620921232558  0.01775291583735228  0.02777822568582196
  0.03882334829145671  0.05328373154516514  0.06692526498619376  0.07986213486383198
  0.09196676649285752  0.10420959044782037  0.11562792435637441  0.12698537635637275
  0.13893508497340265  0.14931784770148657  0.15841740626262452  0.16811129450925125
  0.18012594013428992  0.19307844207069941  0.20415517003005990  0.21495691377254489
  0.22938361531292425  0.24153432291032323  0.25451697619206620  0.26646026755625773
  0.27885255441026258  0.28966147791527813  0.29770499112533844  0.30445286281509654
  0.31209756316700649  0.31886674725051506  0.32536637547381803  0.33246560433199329
  0.33937945367624217  0.34621619662596254  0.35298707706992433  0.36047573182567927
  0.36833940473453169  0.37618193794063476  0.38413534640580493  0.39159315483573437
  0.39986568035071318  0.41037937383808548  0.42329347755201069  0.43601771640789483
  0.44906353751358341  0.46209549120772325  0.47324603820068933  0.48555816751155401
  0.49818107836417708  0.51122690398123216  0.52316409183552803  0.53419832232055342
  0.54505037332004891  0.55640960007258089  0.56871277189360570  0.58053977961105341
  0.59040779330509363  0.60018321268791297  0.61011801133662202  0.61969099767378077
  0.62874379451613238  0.63901043058199247  0.65136757009387258  0.66651874794109345
  0.68215445670896657  0.69265448397012197  0.70051778412754251  0.70866576552024196
  0.71654126173825317  0.72359028108033274  0.73067963719311790  0.73740044258358728
  0.74487289062736151  0.75247401288037508  0.76037486907007945  0.76843930839082875
  0.77744779459306468  0.78832800351519705  0.80084696242134945  0.81335248112694047
  0.82627851597348467  0.83864332132765429  0.85187208148891957  0.86640718232222069
  0.88045299656803866  0.89093697303786945  0.89970383856860525  0.90876678577076597
  0.91758710059681836  0.92874964077979494  0.93962776256866398  0.95058055186800661
  0.96093374608464288  0.97134493586729009  0.98382779039390400  1.00000000000000000
  0.03870945146000443  0.28837720233057046  0.40766823919115325  0.48514427582693209
  0.54563720399862325  0.59167791237664458  0.62594598444553640  0.65958402111866155
  0.69188451147090368  0.71804914529301822  0.73869216998643106  0.75589656882577383
  0.77132687003289813  0.78695016541756391  0.80049500713702904  0.81232778709314413
  0.82348731682578002  0.83504116774936676  0.84536068805499509  0.85474599475705570
  0.86329384015471611  0.87093376825800994  0.87754882646943821  0.88290046045418780
  0.88783994742393291  0.89241679854976230  0.89697055305100060  0.90134303894913903
  0.90550200156969030  0.90946527116765064  0.91338350701811666  0.91740678356840311
  0.92119900542599575  0.92458108320497590  0.92777195022792414  0.93065265336260039
  0.93348683233901442  0.93626725425281077  0.93869460663206616  0.94070429800913546
  0.94276339943501608  0.94474895525176461  0.94663061574163188  0.94853360075706017
  0.95037917563855023  0.95205360294359420  0.95371908419854934  0.95528831850185592
  0.95668475615430282  0.95800646290090619  0.95918130143073155  0.96032586316170165
  0.96160138855568955  0.96291453567510155  0.96405749028046539  0.96500546174801249
  0.96589016593726018  0.96674625861978036  0.96757717152217826  0.96858012813230310
  0.96957896659937071  0.97060509276780993  0.97159319745917072  0.97253284155823727
  0.97345322705466797  0.97436911147681671  0.97540199970337171  0.97634126436291901
  0.97722806636870008  0.97805011569338152  0.97880908760233287  0.97959104901269001
  0.98032860243011977  0.98108020665046469  0.98194450398071764  0.98274420851755917
  0.98347227979164498  0.98418525017331171  0.98490553514148338  0.98564807737218529
  0.98639299660240221  0.98713013364183555  0.98775877429970405  0.98837046376040971
  0.98897156360922100  0.98962095247930348  0.99032853914330754  0.99111039905453002
  0.99193861735337618  0.99283067457191276  0.99366821439095554  0.99453363341297196
  0.99544676898929851  0.99643404917079403  0.99792502476921696  1.00000000000000000
   1.4678763034706868E-021  -1.0000000000000000     
 F F F F F F F F F F F F F F F F F F F F F F F F F F F F F F F F
  <DiscreteSampler_grid>
  grouped_processes
  1 # 1 for a reference and 2 for a running grid.
  10 # Attribute 'min_bin_probing_points' of the grid.
  1 # Attribute 'grid_mode' of the grid. 1=='default',2=='initialization'
  0.0000000000000000 # Attribute 'small_contrib_threshold' of the grid.
  0.5000000000000000 # Attribute 'damping_power' of the grid.
 # binID   n_entries weight   weight_sqr   abs_weight
    10   10   1.492804404676178E-014   5.489599625264087E-028   1.492804404676178E-014
  </DiscreteSampler_grid>
