  0.00000239385000249  0.00000392483255814  0.00000522454870232  0.00000632286227956
  0.00000742194210664  0.00000874993596532  0.00001037417954240  0.00001242876696347
  0.00001480257975849  0.00001752663871608  0.00002052286310035  0.00002388435219202
  0.00002763627505814  0.00003166774737934  0.00003643316643301  0.00004209205882388
  0.00004880846550951  0.00005683125712395  0.00006585874484906  0.00007591577346361
  0.00008768591847288  0.00010166313987936  0.00011863864795993  0.00013797121740558
  0.00016015249785375  0.00018388083060004  0.00021119469461406  0.00024131492804687
  0.00027682689100482  0.00031765268296938  0.00036484426544159  0.00041704515186042
  0.00047453020452207  0.00054209086957488  0.00062168107629479  0.00071123175196253
  0.00081091738653227  0.00091872372267954  0.00103778580467727  0.00117653505077621
  0.00133712437844101  0.00151870632721061  0.00170873849599128  0.00191127849050493
  0.00214664843852164  0.00242904243788100  0.00275993782667973  0.00314185524236125
  0.00356051026540402  0.00401606975043187  0.00449649675913724  0.00495746121558149
  0.00540671829223895  0.00586459760221104  0.00636852165514378  0.00687769133606705
  0.00748184366689408  0.00822380107676490  0.00906093055007367  0.01008497861406437
  0.01115966103213938  0.01236107480193906  0.01364217053997176  0.01506669848881188
  0.01653245658825929  0.01812414675295661  0.01978957708996351  0.02158228173838405
  0.02342987110240972  0.02534367336562853  0.02737495915513222  0.02967057527301612
  0.03222420589667212  0.03461535880100977  0.03679355322673909  0.03903260086750038
  0.04148087058450915  0.04404976081648661  0.04675637797032651  0.04980297139195473
  0.05311324486943791  0.05715331778854248  0.06290142292193654  0.07101186784587711
  0.07758860711853435  0.08203585856959922  0.08768631852079113  0.09499424215589879
  0.10274950454291992  0.10971157377600387  0.11825813448199374  0.13081233808454287
  0.14967901465404301  0.18643972615292578  0.39203095462574372  1.00000000000000000
  0.00018125534096838  0.00019626056152455  0.00021645678920852  0.00024024645823856
  0.00026901690880541  0.00030543109216666  0.00035183840831612  0.00040476665142929
  0.00044665977513685  0.00048467239202363  0.00051857593811314  0.00055202381682491
  0.00058888994733474  0.00063323399485634  0.00068279781387990  0.00073630569795368
  0.00079152468466113  0.00085205374227998  0.00091611975062218  0.00098393289479631
  0.00106466007057600  0.00116438966264944  0.00128029334855536  0.00140911139749908
  0.00156327554617969  0.00175457106198409  0.00197358526063739  0.00221162386256974
  0.00246597067461261  0.00273786400258173  0.00302697842568228  0.00332194342296383
  0.00363727563537912  0.00400244728105502  0.00443023622259609  0.00487158892479618
  0.00525885510867328  0.00563395064253298  0.00602346345488160  0.00644591200536421
  0.00686694548459510  0.00732595317329793  0.00779314049129998  0.00827764406809774
  0.00880202197832968  0.00934614118403863  0.00992257531268896  0.01051612173671616
  0.01113150752255569  0.01180241470845241  0.01251441254036894  0.01325217198739803
  0.01402573880013439  0.01475529825629600  0.01549801188793313  0.01624059677533550
  0.01702038707886047  0.01785306211767801  0.01866359584245726  0.01949529112750129
  0.02031154627836802  0.02112618499920563  0.02196288549187872  0.02288641186480095
  0.02391365949469595  0.02500533514116200  0.02617303245398805  0.02737139727794232
  0.02858342652453102  0.02974502251634763  0.03097930231586931  0.03238926473870696
  0.03387878987681830  0.03547834821371260  0.03739440099767059  0.03951337562918385
  0.04129890619546815  0.04315184883315409  0.04515643086988795  0.04734001300086657
  0.04979901397634724  0.05268087788658905  0.05541375304359645  0.05832316688168190
  0.06110112859092624  0.06518377411488140  0.07091244370907175  0.07751783288317526
  0.08392784504999175  0.08830279131293316  0.09097528941112493  0.09422685705417144
  0.12154695679303840  0.15172349888233144  0.43651629514343621  1.00000000000000000
  0.00020276297904547  0.00020922434496134  0.00021927385738416  0.00023044397750190
  0.00024433290536899  0.00026168276072824  0.00027972655986191  0.00029557548018833
  0.00030896512181628  0.00032241508914810  0.00033904623670694  0.00035806340090645
  0.00037600260750627  0.00039404123719644  0.00041338531222572  0.00043415921729308
  0.00045975919952914  0.00049019917763098  0.00052215826608480  0.00055523762518382
  0.00059149758704019  0.00062452542199711  0.00066166015249131  0.00070283010853323
  0.00074506651362394  0.00079810780636890  0.00085675812188650  0.00093050083262522
  0.00101028571756779  0.00109710528743271  0.00119654226674382  0.00133344760219776
  0.00149797642220516  0.00169451223724667  0.00191587933349346  0.00215338738970390
  0.00242310815312826  0.00271601443069371  0.00304008579372907  0.00337190104444462
  0.00371514121069883  0.00407403718790430  0.00446411300257437  0.00487155751259949
  0.00530276087681565  0.00573661339076410  0.00617274627991752  0.00662369763273849
  0.00709698094560922  0.00760501881573248  0.00812198623663474  0.00867814217195340
  0.00929002076234064  0.00997388960323283  0.01067891770508592  0.01136200608261500
  0.01203212997246856  0.01273659307830377  0.01351611856010217  0.01435684009353156
  0.01519913650978950  0.01611117550259100  0.01713849196389534  0.01824833177187471
  0.01957758393058081  0.02099551546482858  0.02250437259516234  0.02408321437505567
  0.02569928000691678  0.02720510755493628  0.02846291187880177  0.02971804090075097
  0.03102670499782478  0.03250334736203737  0.03412707092847529  0.03591658640142491
  0.03793126208876495  0.04021636569724889  0.04272679174073321  0.04513005812709890
  0.04757383101701358  0.05012246166621902  0.05281523326968225  0.05558170071981503
  0.05851641008557945  0.06159586491480546  0.06523628545751199  0.06878561503591185
  0.07297681919333922  0.07786687520511620  0.08396215120529418  0.09033209027061202
  0.09658241575033910  0.10498665718213365  0.25638856785450703  1.00000000000000000
 -0.00241912081204717  0.00898579853314543  0.01986953656673414  0.03200899301429658
  0.04362207296423466  0.05392849102632251  0.06395301298652506  0.07444393526752469
  0.08494128162123851  0.09360081377174939  0.10165426407920988  0.11027516366930795
  0.11980024304672321  0.13016496335885286  0.14091613001915029  0.15200549164426719
  0.16229286466309489  0.17254569254199126  0.18252949855722508  0.19321622119879489
  0.20449510738262588  0.21662274554896152  0.22836847066354768  0.23951111299470240
  0.25010207467711393  0.26005435273525668  0.26963848808634949  0.27910721591894477
  0.28868476357089423  0.29839372516392026  0.30768185715176721  0.31961511050088176
  0.33290682540706679  0.34490183904495519  0.35563012754830736  0.36534026270426850
  0.37507731333953115  0.38481286002929227  0.39463060714962639  0.40441884879336520
  0.41382855712359545  0.42342223055566841  0.43293438270426604  0.44225202611114628
  0.45140215174949722  0.46163875345533706  0.47270451757697046  0.48350610949285033
  0.49445185990079527  0.50651126648006672  0.51960978282585224  0.53113948196521144
  0.54125068721050740  0.55125270588494923  0.56177882651875588  0.57267469436431062
  0.58429156993987919  0.59552894409625778  0.60669319398220711  0.61780794074569778
  0.62841196663281307  0.63886549765603895  0.65000408636640117  0.66174982615369193
  0.67265486561611942  0.68255592508873142  0.69240734524808378  0.70329313160992069
  0.71350991457060686  0.72380120013191129  0.73380468487889328  0.74402744598902049
  0.75387744168341764  0.76401834544009184  0.77431137098068126  0.78481930615410278
  0.79433640508210157  0.80336691848005926  0.81244196698273430  0.82316877391439625
  0.83398490809937664  0.84419395035273315  0.85431974740511196  0.86474420811926911
  0.87503357605902043  0.88477502863991886  0.89472932954060258  0.90540892445080501
  0.91659323715050534  0.92812232742263157  0.93994393557385802  0.95230397808378153
  0.96538846418684732  0.97822334733564520  0.98955794798293850  1.00000000000000000
  0.00472652088990837  0.01822231360400866  0.02701075124555719  0.03347142054663645
  0.03892988392667032  0.04362702579939139  0.04758315524857856  0.05156735947211892
  0.05539462752994296  0.05901219940798490  0.06248891739230192  0.06577119701110642
  0.06895167407720262  0.07220844633903338  0.07541431153683412  0.07854795119172836
  0.08159079524443237  0.08438570404648876  0.08702418286979192  0.08958967569165738
  0.09208146528129091  0.09453645684087691  0.09714263564134930  0.09985651065032865
  0.10246765106332645  0.10499537844249282  0.10739620304043659  0.10980899805742500
  0.11236506498915746  0.11490909145511151  0.11737004129820386  0.11970417241840302
  0.12198030359080478  0.12414975277034722  0.12635234660823058  0.12860809125308117
  0.13082218480704177  0.13285270840076424  0.13482672838293691  0.13685189061776212
  0.13898972823203654  0.14145712070673241  0.14406486965892393  0.14660901387134359
  0.14916356966016364  0.15189574303627160  0.15490722435774615  0.15861284533045669
  0.16225777290649931  0.16565637710075790  0.16888801865303649  0.17217602337316856
  0.17544708059630726  0.17872373679399192  0.18209861972773453  0.18557275718691910
  0.18868736059512112  0.19197385325283722  0.19534801217650552  0.19907342076980869
  0.20297620045494805  0.20696864987806299  0.21119817019624676  0.21510152479456215
  0.21860917928327017  0.22205044996773737  0.22572991367983936  0.23010930347260128
  0.23397053620422636  0.23871766320469898  0.24403777188362119  0.24932772718348153
  0.25467870581884949  0.26019083488101585  0.26577520621082379  0.27128058718864517
  0.27580524451418054  0.27953319373024582  0.28490323799531314  0.29197773876203337
  0.29984677065746124  0.30854977931415317  0.31597360858341311  0.32199561090679285
  0.32820495267021321  0.33688879009411438  0.34602745739768315  0.35381683103429612
  0.36089204919470930  0.39065686262362459  0.42383907169527035  0.44472061720134282
  0.46458796969123506  0.49166082149987772  0.84420240833105620  1.00000000000000000
 -0.00138363056126545  0.00784937935742492  0.01572519302188136  0.02415040485180860
  0.03265984263310760  0.04137664898110762  0.04995219574485213  0.05805011027281240
  0.06724244225868639  0.07727002179932378  0.08739119501858504  0.09700419808393335
  0.10639023557245536  0.11567446042927017  0.12522875880907111  0.13455917238033169
  0.14374974607283306  0.15309823192941324  0.16231938686393232  0.17195577586345415
  0.18235916326238766  0.19318594218317947  0.20464451630465622  0.21655916799473010
  0.22843567417842078  0.23976194905316145  0.25020654086352956  0.26054518831839601
  0.27101698995621509  0.28149774413377177  0.29248932886554091  0.30400994784646601
  0.31463978743455157  0.32392446325853858  0.33389501512450953  0.34382043948099683
  0.35357782295743390  0.36278506553093592  0.37175905730187886  0.38045010791694062
  0.38918432419147114  0.39861431998285146  0.40892827966504602  0.41910975645629406
  0.42973628937044150  0.44124781181225914  0.45377472835652438  0.46632384622219092
  0.47840017428384451  0.49209438131752958  0.50558695631854100  0.51960540082077067
  0.53255860993873627  0.54345115192641646  0.55315445737831859  0.56298653986923008
  0.57378076753107510  0.58443776752406917  0.59499574611894412  0.60538786632072372
  0.61556678987239533  0.62534990948452041  0.63604067924685359  0.64751338937271508
  0.65952203782936969  0.67109224285620195  0.68207405162585677  0.69335230567366912
  0.70495880007649447  0.71646985971171917  0.72849026465912792  0.74113531041646263
  0.75309550153853055  0.76303832532848359  0.77258693485374474  0.78254396437654672
  0.79310512213158901  0.80424214123604421  0.81571506395975202  0.82732323082912618
  0.83894895393951285  0.85088021337746411  0.86307883124882401  0.87463842171188622
  0.88513058088411511  0.89511007098971263  0.90522975019318963  0.91568318503529667
  0.92625748350748682  0.93686299419635533  0.94723946349830201  0.95804161474131977
  0.96947572221114053  0.98057306141053957  0.99047057379134607  1.00000000000000000
  0.00171322303199978  0.00378840318539204  0.00638069569974774  0.00837470548792900
  0.01009224036483154  0.01175781765284631  0.01336694545933439  0.01493439734339145
  0.01646383831723227  0.01795000002590632  0.01941214806657102  0.02090572277180657
  0.02237294726921297  0.02384511030624507  0.02532199452095922  0.02681331934880056
  0.02834037160654615  0.02982278120692402  0.03131683104780420  0.03284120847997951
  0.03434556444418074  0.03585920355617756  0.03742472578199234  0.03893972192492888
  0.04056947440692208  0.04217401652327572  0.04373223331298072  0.04524322266788845
  0.04670967192369192  0.04818211194047703  0.04965444806355836  0.05116628324861504
  0.05275105304026366  0.05430292302160276  0.05577735129326464  0.05726305731539379
  0.05879770512232760  0.06034545235696016  0.06179385454744730  0.06336213954463078
  0.06505216774243217  0.06684387460005387  0.06860601741538588  0.06991213207570005
  0.07105445490893962  0.07217704105748088  0.07332057687429162  0.07453549809653004
  0.07584048034557853  0.07716489958407953  0.07865341113689038  0.08032884640210411
  0.08220478993825432  0.08433609135948751  0.08674031264354490  0.08936249229619309
  0.09171723311860802  0.09377028538645316  0.09557984275832068  0.09744111339276293
  0.09941821211011694  0.10156462456985899  0.10363724714697056  0.10528279912687952
  0.10703714091593618  0.10883408385846363  0.11068270036139786  0.11276910057251480
  0.11523342919600460  0.11761631553771204  0.11983014248970492  0.12219538087832917
  0.12468787182191200  0.12742599813607841  0.13038987006623612  0.13421584967782765
  0.13766531140823451  0.14124408447618086  0.14467893598313644  0.14914956410326238
  0.15361677646763613  0.15693536757141743  0.15942226717039509  0.16209385054781517
  0.16453638964718217  0.16785660891447951  0.17394343669965776  0.18008254393400522
  0.18475483007323024  0.19067640673764283  0.20130449426631908  0.23481335554272489
  0.30800825668457321  0.31771183921492929  0.47875163174985241  1.00000000000000000
 -0.00253314430267329  0.00993995887997453  0.02085677150509490  0.03190486800063585
  0.04216845465031766  0.05148191352713145  0.06103864927660697  0.07086023935148052
  0.08082112282063084  0.09024556994673176  0.09947071368984466  0.10889480855970209
  0.11841113950890174  0.12809210025861334  0.13775753991480413  0.14785579337758803
  0.15901228139191015  0.17055976795234271  0.18221674373917324  0.19391556764363596
  0.20528654881146430  0.21609411178893254  0.22582859321337878  0.23491967446653747
  0.24375011086947734  0.25361570006776091  0.26412354135505478  0.27448414506159091
  0.28456232206414994  0.29480857008397149  0.30547238398598492  0.31617224858054627
  0.32713624841734884  0.33893447335459570  0.35080306158882402  0.36192993308547800
  0.37319772716028460  0.38516469477527049  0.39664352513937284  0.40722053415187104
  0.41766766026304553  0.42789988618515429  0.43760235448019280  0.44854990807193046
  0.45990453929365721  0.47177583763560405  0.48392474313787082  0.49701523880015186
  0.51050354224147942  0.52353854834776670  0.53708085357743673  0.55021224737462904
  0.56417242524545907  0.57827061105352140  0.59177453905457711  0.60430000233647507
  0.61793979605837435  0.62962569788994605  0.64032160294248086  0.65120517127425537
  0.66240076340340792  0.67343440447324154  0.68391793147476732  0.69431221721689440
  0.70464424908086298  0.71434981392199914  0.72400884813251354  0.73400294619503603
  0.74364081179520125  0.75283472379754413  0.76236223645658086  0.77258146115069459
  0.78360983797189609  0.79434782965946049  0.80469825713020182  0.81498416097097637
  0.82520318048072649  0.83488928835517995  0.84406037187285043  0.85299845813237385
  0.86188901200354484  0.87095755789884688  0.88035398307275803  0.88972543143762073
  0.89886164287256842  0.90822710225609748  0.91782389871987358  0.92654225480172314
  0.93479942232639335  0.94357685482450970  0.95281513282318508  0.96207097954814758
  0.97097991321495092  0.98011774520742245  0.99001251744239627  1.00000000000000000
  0.00980672812846003  0.32393605662554492  0.44205239394306484  0.50749198401916640
  0.55168454015240254  0.58736341437717032  0.61631086671814883  0.63945222855597184
  0.65963248693564080  0.67931890624943214  0.69597374990514826  0.70945452868506698
  0.72152163826350213  0.73371828051761689  0.74541555090448941  0.75613490316381560
  0.76576333430098920  0.77427702484308436  0.78249414659209771  0.79046813897643986
  0.79805551921917717  0.80509998133116978  0.81162923495151129  0.81753142703002935
  0.82324645369823268  0.82884912767885310  0.83415334933402407  0.83911011875674157
  0.84385829500252163  0.84867182307713662  0.85342298263812721  0.85777207242213904
  0.86202183325729864  0.86600654439985392  0.86986563800542949  0.87371464928349829
  0.87728243338240564  0.88067154193757524  0.88393054685298511  0.88703762913827722
  0.89019571835835454  0.89312688852438915  0.89602125667738475  0.89886642544114703
  0.90136743656707963  0.90387962937868971  0.90635187820577612  0.90884835090109140
  0.91137626635361768  0.91381309378281150  0.91610648551862428  0.91823378764127739
  0.92024031888512492  0.92247061225971982  0.92479110299678258  0.92699073246398267
  0.92905087094795480  0.93100543654342582  0.93288403567958866  0.93466383273961662
  0.93657558949914699  0.93852282855757385  0.94035257712335996  0.94212616075880218
  0.94388367866079570  0.94557046855665183  0.94734572262704508  0.94910503236350474
  0.95086203037620753  0.95256666695570791  0.95417718884483238  0.95570949949621309
  0.95717012688075942  0.95865993707025099  0.96016496672917562  0.96169625919213908
  0.96328036845946230  0.96483502763698625  0.96637083880917141  0.96787716019310310
  0.96936286309486763  0.97086195072632420  0.97232776353923789  0.97383290498626962
  0.97535657681657795  0.97686678144938999  0.97846142034039041  0.97999687342490727
  0.98153928425267212  0.98313945512983247  0.98478341057687069  0.98656483179109355
  0.98845067374104711  0.99083840202616846  0.99426628768236169  1.00000000000000000
   3.3953297240795626E-018  -1.0000000000000000     
 F F F F F F F F F F F F F F F F F F F F F F F F F F F F F F F F
  <DiscreteSampler_grid>
  grouped_processes
  1 # 1 for a reference and 2 for a running grid.
  10 # Attribute 'min_bin_probing_points' of the grid.
  1 # Attribute 'grid_mode' of the grid. 1=='default',2=='initialization'
  0.0000000000000000 # Attribute 'small_contrib_threshold' of the grid.
  0.5000000000000000 # Attribute 'damping_power' of the grid.
 # binID   n_entries weight   weight_sqr   abs_weight
    10   10   5.596540736223126E-010   2.871695710971090E-018   5.596540736223126E-010
  </DiscreteSampler_grid>
