  0.00111089479115095  0.00142798282686739  0.00171784401106792  0.00203748920532393
  0.00236719290363767  0.00257707037724987  0.00276527147110379  0.00293743364272860
  0.00314380417957482  0.00333156495913352  0.00350365759882659  0.00368423090521841
  0.00387660954774877  0.00409177272671445  0.00432005338459055  0.00454877487312239
  0.00477326004399071  0.00497879459454883  0.00513611737088303  0.00529197902688617
  0.00544734708701009  0.00560366529060582  0.00579816848546880  0.00600656574043334
  0.00623054809181344  0.00648448720944355  0.00677298247331507  0.00708574849527602
  0.00741718472839187  0.00774017629383034  0.00804871070781074  0.00838666172893291
  0.00875229595717860  0.00917561782766154  0.00952916223913543  0.00989548311866486
  0.01022952884819192  0.01052636548288662  0.01085956817549192  0.01118213896767107
  0.01155619845617822  0.01195035522475612  0.01234724133002646  0.01274959558559893
  0.01317065275584995  0.01362201451563798  0.01408586246990237  0.01456199638355671
  0.01506532060364097  0.01562360601609361  0.01639167999586008  0.01706785054250486
  0.01767884972647782  0.01830461068893138  0.01902693655025395  0.01978113702975662
  0.02070041391478390  0.02159962634573434  0.02258657150542728  0.02342390961658324
  0.02396381243279835  0.02466280626212122  0.02548728292184561  0.02635939775696535
  0.02726174636391067  0.02831601097242226  0.02933688991229257  0.03071256845991866
  0.03163889723317998  0.03255709462867019  0.03381154428212070  0.03506907574979860
  0.03626809374108520  0.03762309653204204  0.03867498973349967  0.03987376008896010
  0.04208778566904473  0.04460877743386570  0.04660639123780407  0.04808942146260246
  0.04957235327808639  0.05105771571334031  0.05262198028020403  0.05467545535642904
  0.05747306177593589  0.06139071786677983  0.06517679965889261  0.06939366177596940
  0.07495015687142791  0.08449820262369430  0.09897267328952120  0.11494947388472002
  0.13563470150619578  0.21699745442175439  0.35569811164484499  1.00000000000000000
  0.00030452818442003  0.00059643001877841  0.00073551549859491  0.00085087741441643
  0.00100799826719861  0.00119223921337975  0.00137834612959835  0.00155660128644548
  0.00182500231470276  0.00212291845757579  0.00242200441218628  0.00275354025506498
  0.00321085719919544  0.00369353812292432  0.00417232368374483  0.00466592381680118
  0.00525090067749039  0.00595572899868080  0.00665018136173893  0.00732506592289885
  0.00794016104777236  0.00864022977389924  0.00949831904724024  0.01023421973009980
  0.01088597787811455  0.01159485546290566  0.01243325669554105  0.01335025768804401
  0.01422618296043264  0.01513853972306787  0.01610967466697594  0.01715155001276981
  0.01806225295363883  0.01890820261550052  0.01983506273116334  0.02079559605401198
  0.02177326054185736  0.02274656221176686  0.02381068009332838  0.02499824265163415
  0.02609155462314896  0.02708834733777360  0.02805612378543805  0.02913529668142820
  0.03023365720122977  0.03128741789678593  0.03244291333284957  0.03375761792807144
  0.03505239202513206  0.03624659606362375  0.03744939173373336  0.03888613955099759
  0.04042740304413030  0.04168487008751669  0.04257763349231428  0.04341178300420916
  0.04428383969353675  0.04520703688846600  0.04611971400380354  0.04710484477464112
  0.04821212515166833  0.04935778575232089  0.05062769141215073  0.05221926366364716
  0.05380769638732580  0.05531097967463405  0.05682454008832959  0.05856573326936277
  0.05994580846188505  0.06133502743126239  0.06272545638301558  0.06421543791368620
  0.06615722860394396  0.06876750250497944  0.07175517048866883  0.07446038199088317
  0.07683503253697976  0.07877810825463503  0.08072939221143820  0.08281396895074361
  0.08501010023897951  0.08729187847892875  0.08973245642466268  0.09263473628246510
  0.09521234703335639  0.09680682427924843  0.09840130152514047  0.11581883460444697
  0.13507843914029283  0.15419674751313428  0.17281482582257593  0.19143290413201758
  0.21095833694850985  0.22954129613670701  0.23138271094386104  1.00000000000000000
  0.00000257413360667  0.00000281887690663  0.00000321500402047  0.00000369568092627
  0.00000417837691559  0.00000458969004264  0.00000503470907173  0.00000550462807953
  0.00000600315731295  0.00000648116583269  0.00000697489285441  0.00000752058971600
  0.00000799179496232  0.00000848484912237  0.00000910046656278  0.00000987263618450
  0.00001087038601806  0.00001202787830092  0.00001309069890417  0.00001400194020877
  0.00001509298568631  0.00001624922311642  0.00001746998031069  0.00001881067038613
  0.00002016794784474  0.00002166671615983  0.00002363437751424  0.00002578510523265
  0.00002824218970965  0.00003166065514100  0.00003575487886479  0.00003978317122851
  0.00004272423796786  0.00004603237400620  0.00004901702561936  0.00005188580697297
  0.00005521278120598  0.00005907164442682  0.00006393311702416  0.00007037692252967
  0.00007794033145677  0.00008637457601805  0.00009609705912479  0.00010569574568889
  0.00011620614956509  0.00012747094890814  0.00013830085057763  0.00015072737860364
  0.00016523579269666  0.00017811137893978  0.00019116086168654  0.00020719150033991
  0.00022365358887144  0.00024042006328860  0.00026309427795721  0.00028621321224575
  0.00031125638431487  0.00033766425659987  0.00036543583844116  0.00039847226463215
  0.00043770789186862  0.00048613808678756  0.00053746162903566  0.00059448304061393
  0.00065418024731553  0.00072012676193473  0.00079673702073337  0.00087435443748897
  0.00096267233111749  0.00106280535967454  0.00117561291223934  0.00131187231550376
  0.00145665381771756  0.00161567328242789  0.00179689375651795  0.00200014809388585
  0.00229377116353011  0.00265158157518015  0.00305641533070162  0.00346203281956280
  0.00389432146734025  0.00443185153284663  0.00512033922532723  0.00593630739732959
  0.00697575237513752  0.00821815908873141  0.00959478484198022  0.01134340297782302
  0.01382141139925687  0.01720181843701804  0.02124502992484150  0.02696624240248944
  0.03667999308735152  0.05146563000862342  0.31695821835330223  1.00000000000000000
 -0.00063807230615738  0.00358299866364373  0.00816804689653670  0.01236887605640322
  0.01654515520238760  0.02103995534888455  0.02605682742468197  0.03160374890637369
  0.03738709581012553  0.04241647892061069  0.04602756984156080  0.04989604626134284
  0.05388979046990453  0.05811354679651507  0.06247630611328527  0.06750111562039582
  0.07279327096281850  0.07844619097722277  0.08459668052359384  0.09089912878259959
  0.09913866677916244  0.10804629577897362  0.11673042885483220  0.12521288231984312
  0.13386389375997740  0.14273236727168953  0.15163250617115648  0.16015014004651046
  0.16874674474611187  0.17738490227011974  0.18641559748178413  0.19663579572109852
  0.20767920792654540  0.21751662763010604  0.22632260757149089  0.23282103445460708
  0.23822403140432441  0.24447334196706752  0.25053955097710956  0.25612997042684998
  0.26189378282824050  0.26836989455126847  0.27547500756526022  0.28282521777086578
  0.28954650181519664  0.29878105856464737  0.30994838240381334  0.32102221953359866
  0.33257773289600528  0.34426781320019895  0.35272837588761741  0.36098116234980088
  0.36904500938073775  0.37641463835787337  0.38491421706999912  0.39525215583672568
  0.40503667521275200  0.41289160892498356  0.41986649258548830  0.42720684449054058
  0.43610729251380731  0.44757833403206643  0.45744508937798417  0.46793754673561522
  0.47899588774216473  0.49165919844813927  0.50596219466387793  0.52021298093217039
  0.53335338817039757  0.54579090215558790  0.55937455691797078  0.57354672417763741
  0.58854013634266678  0.60269516729505379  0.61581755383429404  0.62834385109568935
  0.64115953951234961  0.65449869482516354  0.66837961452023464  0.68125391921237999
  0.69449601569881758  0.70907776643698828  0.72476991215079578  0.74201110778847013
  0.76058337740256632  0.77962033021945809  0.79731762975347675  0.81376024003174463
  0.82989982405987539  0.84719542579723972  0.86751680168282874  0.89104339405892286
  0.91796542828908867  0.94659049903311265  0.97265296395312240  1.00000000000000000
 -0.00301182122245213  0.01437130428688015  0.02491264043662295  0.03493482285709765
  0.04398202623924713  0.05281861062731415  0.06265695495145307  0.07248445978849383
  0.08265738951189022  0.09330323381085361  0.10437148178733362  0.11726060581509976
  0.12895271698707839  0.13965972478606575  0.14854370551550611  0.15691150675593796
  0.16578298840644884  0.17548761601391941  0.18617895900656267  0.19696330528384304
  0.20823410438104850  0.22120196376834880  0.23405172066385160  0.24693142744145441
  0.25906859532371496  0.27034671295294294  0.28172073557660826  0.29487702522437043
  0.30801179255366840  0.31858123050758147  0.32837567478344581  0.33827983497341779
  0.34937066359060048  0.36100248573058175  0.37294194850654416  0.38434808533999126
  0.39484187298273232  0.40510705829852728  0.41532480968414232  0.42373361384418656
  0.43173761223943496  0.43959275959895611  0.44738060354079617  0.45662832270651893
  0.46634109651463407  0.47629711175891104  0.48572907587346498  0.49442029755366157
  0.50300593491967061  0.51079676927448203  0.51890771573745165  0.52794289141278472
  0.53825428131383257  0.54943188321546177  0.56129132572224072  0.57371566241291805
  0.58412708999142482  0.59209755120261065  0.60014826206897121  0.60824717217081337
  0.61666562334811015  0.62638925966721148  0.63880882974511599  0.65205064854651085
  0.66422298958754089  0.67441045162122071  0.68430633307011857  0.69506471581770246
  0.70786132959965720  0.72134695094485513  0.73628722769532395  0.75098545098962577
  0.76627084304315629  0.78091820480440022  0.79522603516499724  0.80822785103445849
  0.81990625825352947  0.83174421233301299  0.84040859077937724  0.84941213393441761
  0.85844384015209718  0.86873482991557582  0.87873611003406116  0.88651347497652944
  0.89416683874056657  0.90152605960623200  0.90993690682689743  0.91881127843443922
  0.92723055231023366  0.93545999342890263  0.94784097909732723  0.96034354122710175
  0.97011458845039511  0.97975180559579267  0.98960721885874103  1.00000000000000000
 -0.00212124838697785  0.00839049290414098  0.01791707880969454  0.02734911402800753
  0.03695519585638517  0.04674865873660528  0.05640961362609493  0.06584658138668727
  0.07488847992171892  0.08431624978795618  0.09268048235604845  0.09946007787033412
  0.10623960090246290  0.11431292266495531  0.12374718461464664  0.13397212035357983
  0.14503057512437145  0.15599218056996891  0.16755617094664096  0.18010664090829281
  0.19365166945984696  0.20779197280112532  0.22397843667332909  0.23820020124457847
  0.25237172415282449  0.26499632702323167  0.27860874716214945  0.29048781986765360
  0.30267713532187618  0.31328161958099532  0.32399205738933207  0.33430677131380193
  0.34562672789279530  0.35903435153885738  0.37237697656449359  0.38313709684665548
  0.39393153661851921  0.40595881338677448  0.41479508600482112  0.42174857697753959
  0.42844906969900520  0.43552317732900542  0.44353326718750774  0.45207052176925927
  0.46094848597735344  0.46863610988242183  0.47838032629100374  0.48879947183475486
  0.49887840519932292  0.50965201929622650  0.51986663657895638  0.53013819534764384
  0.54064673297598931  0.55084336372503517  0.56004241322386317  0.57029914455933628
  0.58049537732398915  0.59135235543850284  0.60112273097907309  0.61099588204142730
  0.62002623584411021  0.63063553965562757  0.64240274406750519  0.65468164999310541
  0.66628790264199944  0.67612468116057711  0.68560170143923382  0.69552956367765040
  0.70618427646067372  0.71703766358239240  0.72967652318536946  0.74266185776283600
  0.75517373567755719  0.76701696085707916  0.77899772332899597  0.79113991041818832
  0.80234111136026487  0.81233019626895242  0.82262974668884070  0.83352755070642748
  0.84406336638195878  0.85464225268118776  0.86563711522464826  0.87951680004824084
  0.89515343437862682  0.91068439225892495  0.92321761466502106  0.93527967089090114
  0.94665901157653665  0.95758264672441218  0.96535029005880746  0.97207204928291957
  0.97871066858886624  0.98571309443966637  0.99301145844139582  1.00000000000000000
 -0.00012977722509392  0.00714753126131895  0.01359707674551143  0.01911408873384490
  0.02356054890280260  0.02779579226366321  0.03175971311226798  0.03542293082076158
  0.03939408023325503  0.04267207815060714  0.04501557564027629  0.04762372034812646
  0.05012274761793501  0.05244048556594629  0.05449158405843994  0.05625136391794892
  0.05797192618664536  0.05982682347266146  0.06177036008402990  0.06360449372360355
  0.06552262324510351  0.06747066684155216  0.06958788997961410  0.07131010031135381
  0.07279850149944317  0.07424984144394840  0.07563859874407138  0.07718947561281675
  0.07907574605854566  0.08087916821860509  0.08253248274059068  0.08398181193218378
  0.08546090620127879  0.08676645910083945  0.08817760423884784  0.08966672583047917
  0.09114398168634680  0.09243123635778927  0.09367870845305985  0.09554888462465749
  0.09778719789285455  0.10027163017910755  0.10201532026905948  0.10358996879011546
  0.10534395295011706  0.10726792942388963  0.10919762840158678  0.11187723993934973
  0.11448984065536222  0.11700813631418176  0.11964543595435410  0.12258352921446936
  0.12570348891616054  0.12928885707675430  0.13250962947199380  0.13563488563381904
  0.13851899370269158  0.14106048372450142  0.14387355543815453  0.14733096265050152
  0.14972558584465182  0.15204174922572714  0.15406434650493006  0.15612708021863578
  0.15826949479756372  0.16099194579971043  0.16473427972710802  0.16879509564458059
  0.17254696633064326  0.17603126220645182  0.17940059508076772  0.18264859528128574
  0.18576178738872795  0.18938706699815480  0.19331545386892157  0.19674873421201028
  0.19975808537557993  0.20310478361210518  0.20726679053675276  0.21375486627342080
  0.22088222772527227  0.22820588844361764  0.23500901947202987  0.24142921786200905
  0.24902398878292942  0.25836922731440803  0.26889677226112546  0.28357855938576410
  0.30576693827569396  0.34903123506280054  0.37064175065171734  0.38845689385071464
  0.40662106202381409  0.43608073960149241  0.62572836690723999  1.00000000000000000
 -0.00254866488522674  0.00987376672288076  0.02119640543234397  0.02899179133893582
  0.03668524429363673  0.04541999826148543  0.05465159678261247  0.06518812580565805
  0.07658453129982547  0.08677826010372074  0.09687037271636802  0.10741264440694601
  0.11812022404359063  0.12993882728724920  0.14365080721350004  0.15713987972458732
  0.16906819630487441  0.18043049756576851  0.19067628786067309  0.20121294739393719
  0.21199384410038610  0.22252027900178464  0.23371138635711888  0.24635120411042655
  0.26182972678775934  0.27518673151865392  0.28602108395356857  0.29723046761480709
  0.30888161973379558  0.31915087113102525  0.32838614875333966  0.33849078210990252
  0.34981542448263597  0.36065935093780460  0.37122923577561628  0.38165376301769921
  0.39224381964684785  0.40300733261489319  0.41470723212715527  0.42816367503538294
  0.44077662291756814  0.45303579491771612  0.46503174027731736  0.47674633096103602
  0.48660165168291969  0.49638526277726086  0.50606175791844610  0.51652100457224670
  0.52804646260631105  0.54010149012428077  0.55046879410316929  0.55971981952219130
  0.56848239721372651  0.57723123743674054  0.58624486336906745  0.59527492533214099
  0.60504950548134839  0.61570791325076046  0.62620840282980494  0.63597503847927050
  0.64698779873266554  0.65936699734588211  0.67316598766594393  0.68364462869826037
  0.69242490930487588  0.70086792199161940  0.71012355884002432  0.72015188993775991
  0.73160986174530995  0.74237226768466591  0.75405290190329510  0.76651223415773373
  0.77606453762916294  0.78162436347092235  0.78676020060001051  0.79156131706120325
  0.79836084320945233  0.80566333248248545  0.81351876771752507  0.82123813821009617
  0.82905168598471524  0.83720788776911237  0.84727286912359578  0.85789142823290698
  0.86857781974651438  0.87864194031432086  0.88851274818075099  0.89946102954279916
  0.91057101828996967  0.92391540182459997  0.93676027222214431  0.94978654672523521
  0.96154363443862423  0.97306576990653337  0.98663567505505412  1.00000000000000000
 -0.00209717160947512  0.37750014564184414  0.48416202799695790  0.55570500884770657
  0.60316485509652218  0.63834349614592334  0.66975564206854110  0.69545967785529261
  0.71623502201926392  0.73359662446319640  0.75070579582975172  0.76328102870127434
  0.77420257083067845  0.78387689372547731  0.79306542927521639  0.80088993805816056
  0.80850497119165210  0.81651382506799475  0.82532768663743084  0.83390354163767433
  0.84103293222363051  0.84691659019686205  0.85218000917060066  0.85710545816118133
  0.86169998021946248  0.86615542927485023  0.87032966101935216  0.87418902926327158
  0.87783462840161597  0.88087430910750530  0.88370011823492667  0.88655352366714946
  0.88963855698896410  0.89305401495510450  0.89606498306860027  0.89898615859369224
  0.90178175043754150  0.90463601262611804  0.90767919526532526  0.91051984426229116
  0.91308249750119930  0.91565284384696954  0.91814089477951899  0.92082870090862212
  0.92372649499508930  0.92660702321245569  0.92931537417690280  0.93191609150773358
  0.93459748258518927  0.93687414604259389  0.93902453528176300  0.94118172362123609
  0.94319699987487160  0.94501922929098581  0.94686924764431379  0.94864862854918874
  0.95037081018326208  0.95213763100879234  0.95395561620751712  0.95585010918701141
  0.95767656792205158  0.95914109041761897  0.96042227902902322  0.96168595405635560
  0.96293128215958101  0.96414493884276076  0.96536153797721402  0.96669161384291424
  0.96793067241961139  0.96903047668870723  0.97007372490372090  0.97115972829314046
  0.97222867855966200  0.97327215613146512  0.97425573446742997  0.97525222406109835
  0.97629081127052375  0.97739829740235940  0.97821233941779995  0.97902118911327962
  0.97983847193326201  0.98058242904615311  0.98130032723737692  0.98226902222741441
  0.98324576356629068  0.98429382624154260  0.98515976415381890  0.98586983218730306
  0.98669011660357797  0.98753477709287485  0.98843493872628674  0.98953936124947062
  0.99098876608848252  0.99269469631327556  0.99522591340930711  1.00000000000000000
   1.8096694509713573E-015  -1.0000000000000000     
 F F F F F F F F F F F F F F F F F F F F F F F F F F F F F F F F
  <DiscreteSampler_grid>
  grouped_processes
  1 # 1 for a reference and 2 for a running grid.
  10 # Attribute 'min_bin_probing_points' of the grid.
  1 # Attribute 'grid_mode' of the grid. 1=='default',2=='initialization'
  0.0000000000000000 # Attribute 'small_contrib_threshold' of the grid.
  0.5000000000000000 # Attribute 'damping_power' of the grid.
 # binID   n_entries weight   weight_sqr   abs_weight
    10   10   7.319104622913788E-008   3.981769025067656E-014   7.319104622913788E-008
  </DiscreteSampler_grid>
