  0.00610930016522977  0.00713196095984028  0.00775814370426086  0.00833850943812846
  0.00888787464255238  0.00942680814702839  0.00996979739743278  0.01053891184908895
  0.01111180993645999  0.01166952070284365  0.01223585468157825  0.01283133881151314
  0.01347342450674162  0.01404815594752206  0.01457611251504075  0.01508881828779633
  0.01560135593550406  0.01617328023630877  0.01684860044000206  0.01754044791475511
  0.01813179828055381  0.01861428821644337  0.01907577332250274  0.01958551240622868
  0.02007719415185932  0.02054970607612580  0.02102532257483176  0.02148296706427875
  0.02197542088733322  0.02252470405624589  0.02321119215957798  0.02405622392480825
  0.02485705481059839  0.02532058171170414  0.02583670730669238  0.02635676016070588
  0.02699814410037532  0.02776288770644907  0.02848776837663697  0.02902281952693452
  0.02969366547580366  0.03037334201379244  0.03102973783637700  0.03186006551163791
  0.03289379253929819  0.03403458844998011  0.03525248923821181  0.03647380384095356
  0.03756160302737775  0.03848498924517776  0.03935451004415633  0.04023360701550067
  0.04118499118861935  0.04228541497543920  0.04358537954628070  0.04513470883310298
  0.04686336973771080  0.04821969620850380  0.04950230240993978  0.05087983381981646
  0.05205333891731927  0.05332704537508116  0.05461367018332192  0.05628717595897420
  0.05849331490917614  0.06062121000356521  0.06226392617034140  0.06370302219664563
  0.06519332134596495  0.06674653101557532  0.06886307553711442  0.07100901190344189
  0.07363592957226847  0.07678108839195175  0.08056529051081537  0.08504785558053826
  0.08931052517232659  0.09318586556189785  0.09670948898766739  0.10053127788862772
  0.10471508525271879  0.10872787254152577  0.11787073500188455  0.13039088897803489
  0.14326613811361114  0.15821522613518951  0.17764021245027392  0.18978021002541498
  0.20235912023756392  0.22160143271132737  0.25968159286414660  0.31572488905770213
  0.39134619146990751  0.51603169069582988  0.69014870080125779  1.00000000000000000
 -0.00000427094981902  0.00032530602782718  0.00092462568583018  0.00160876042068434
  0.00230423791107589  0.00311917998288188  0.00404546232794644  0.00509367078043591
  0.00634807849449236  0.00777940095415587  0.00914890143035535  0.01039688743274346
  0.01174713662772316  0.01306467721496433  0.01440355214312477  0.01589116903604205
  0.01757369556709690  0.01933679321851284  0.02114616472264445  0.02324428849660947
  0.02553970146391803  0.02782990430285770  0.02987379120945133  0.03166352042937678
  0.03338070761723309  0.03517162365397714  0.03703178613093143  0.03886901047149888
  0.04069990365157548  0.04241824318510393  0.04382952916864093  0.04512768795419337
  0.04641757008166807  0.04764205547899351  0.04914272877291719  0.05088024864998346
  0.05270625026434228  0.05455853508184587  0.05637104482392732  0.05809153316365564
  0.05975645646092766  0.06143266411546841  0.06313788161183580  0.06497725027946270
  0.06673127725874714  0.06843123573819407  0.07022382889821779  0.07237734467015794
  0.07503064136516961  0.07842197601531092  0.08139891489963430  0.08404296476808149
  0.08665433567502880  0.08898853471464367  0.09115028837276573  0.09332752772067386
  0.09572710976363152  0.09923245389200153  0.10220579607491384  0.10526153038391158
  0.10840577613218354  0.11173257318187084  0.11538993165863506  0.11916135835363377
  0.12290497613276058  0.12707298853338836  0.13190134246952231  0.13620577380394541
  0.14022545696663014  0.14574853505847779  0.15028979045537708  0.15415182860508841
  0.15783462405954934  0.16193901007788564  0.16655384825731565  0.17077865375905257
  0.17433740462107944  0.17814559791016746  0.18268205883666164  0.18747553907185077
  0.19267619111129325  0.19790609361057604  0.20223307287511649  0.20616929200284856
  0.21699777901203487  0.22865420680441423  0.25689399940570934  0.28513125453657406
  0.31335371613731305  0.34243559233066434  0.37321591071263399  0.40388261367681205
  0.44310190107441905  0.48112539602448684  0.50014790347341098  1.00000000000000000
  0.00000248794837492  0.00000283791719177  0.00000334715781926  0.00000411739302117
  0.00000487906697022  0.00000561357489626  0.00000636022342435  0.00000712291342882
  0.00000792303892192  0.00000883910708741  0.00000969560230738  0.00001051931647866
  0.00001146114405962  0.00001265292594617  0.00001431039311431  0.00001623002524597
  0.00001846566484326  0.00002051160447178  0.00002285029395329  0.00002523337696780
  0.00002771620765670  0.00003097275894915  0.00003472473322024  0.00003792087826803
  0.00004216637170156  0.00004757672602216  0.00005282281449565  0.00005826943856188
  0.00006479992898639  0.00007164139755944  0.00007821266125896  0.00008429947515470
  0.00009057633747873  0.00009704737081279  0.00010215519609639  0.00010682633162778
  0.00011267239430468  0.00012001884269132  0.00012820968662575  0.00013713512466534
  0.00014651133149900  0.00015727540225161  0.00017217436411354  0.00019015386739028
  0.00020675635869932  0.00022164715152637  0.00023720114443953  0.00025380495261146
  0.00027050405351995  0.00028504570464856  0.00029905260427091  0.00031353677033633
  0.00032728191361828  0.00035525584529036  0.00039064822290257  0.00042359121123153
  0.00045752091732079  0.00049215959047960  0.00052786945536734  0.00056735857301106
  0.00060703806303174  0.00064576058881909  0.00068376923604223  0.00072208343395858
  0.00076312806766838  0.00080576065985204  0.00084939167467864  0.00089720901442789
  0.00097004600715308  0.00107679639434195  0.00123348591104776  0.00142572910755231
  0.00165902526319898  0.00193516913354087  0.00222758323320524  0.00253288286224363
  0.00287269394067261  0.00325760670552104  0.00370108097260084  0.00424206030651010
  0.00477289368284597  0.00539160649810849  0.00624969917562385  0.00739612822632557
  0.00881182434651683  0.01034289788270584  0.01215635172805886  0.01432512790258247
  0.01746771111398814  0.02196135501247153  0.02804735447223288  0.03868709402732667
  0.05792195785657207  0.10346017501847324  0.51593468048920710  1.00000000000000000
 -0.00187330785314744  0.00580455534174768  0.01287830973804173  0.02025660357196359
  0.02721818426337540  0.03291597747877321  0.03902818706313387  0.04508660542519726
  0.05224850614958115  0.05993629841036510  0.06748579597415368  0.07523726006547710
  0.08240306863475189  0.08951639900271388  0.09676891289325867  0.10454408713829709
  0.11243855646146057  0.11972417967952043  0.12977381771793187  0.14236349343692767
  0.15383351193312222  0.16448982741394105  0.17592121491916973  0.18733370282035786
  0.20048726119505214  0.21390236765584794  0.23095826731493876  0.24867355194506990
  0.26407139768737908  0.27870300878286786  0.29066763334866358  0.30435737651426364
  0.31618255557745645  0.32590045296599612  0.33531565355854148  0.34479176730373573
  0.35446774872858156  0.36402914882444048  0.37331043023705274  0.38390334314312013
  0.39407184312760168  0.40260675463170847  0.41177004292230773  0.42173606155365251
  0.42957963842921709  0.43702471786248931  0.44468553576721842  0.45291408734011396
  0.46271008042930928  0.47439796589586786  0.48623996563469107  0.49755095475603933
  0.50990925148572752  0.52233074738467933  0.53820582273299078  0.55185295990144467
  0.56671563406860959  0.58013790977286173  0.59550446429016501  0.60911199952611750
  0.62039798462187012  0.63113911758404184  0.64224749003500836  0.65456148654187796
  0.66856310411486919  0.68297475260901208  0.69774891669400230  0.71300224574215132
  0.72875221746892205  0.74382300935465695  0.75562050181898355  0.76332391819467849
  0.77029136569388645  0.77824420499635982  0.78710366973093715  0.79709701549023682
  0.80771345325904698  0.81624694221182204  0.82420466274045334  0.83193747171864696
  0.84057449863022282  0.84788352431845482  0.85585616752682536  0.86674436636406504
  0.88021110369949140  0.89410284526919004  0.90776859304803237  0.92078724596170658
  0.93296082842927119  0.94342921359323062  0.95239222809467516  0.96202953143266190
  0.97216627487793028  0.98234748592519960  0.99132145572629926  1.00000000000000000
 -0.00420900291278302  0.01698673728324665  0.02818055645652905  0.03771958100898723
  0.04651441036909059  0.05549626965912377  0.06595197926547038  0.07545791324485043
  0.08502687977084897  0.09677553053221870  0.10917694728476629  0.12104781733259774
  0.13294691575108636  0.14386952091857488  0.15280689479962520  0.16157044077731056
  0.17402557164959265  0.18925413049110201  0.20564509760453903  0.21751327025659137
  0.22650333663358010  0.23398573942783538  0.24083267874233005  0.24821919772994636
  0.25705843852740234  0.26558746202566236  0.27476787968788841  0.28413269003431685
  0.29317939896522360  0.30211119421993388  0.31107324415013554  0.31954337424153872
  0.32745759798278234  0.33644118002642615  0.34546916133054684  0.35446327395601823
  0.36469107918412863  0.37507401399573781  0.38437314133563200  0.39347211152027695
  0.40110504717088635  0.40814843197882217  0.41613452886278929  0.42597803444010773
  0.43614916817920663  0.44727050855207012  0.45859491410178826  0.46924825223644179
  0.47934244828059580  0.48745760417037493  0.49480051122986929  0.50163674542057679
  0.50825276847339396  0.51557200070665243  0.52397848098090694  0.53212505382903807
  0.53952430758428305  0.54847252633774801  0.55839715123674949  0.56847999738716315
  0.57974494037591551  0.59286581391359694  0.60682951578455624  0.61993515611092997
  0.63032812664986604  0.64120715172396703  0.65245809824416356  0.66410550430192750
  0.67652942128352833  0.68833475419541290  0.70077175742397280  0.71360455628405006
  0.72584307790646441  0.73706127404140120  0.74946758861624807  0.76351358373944178
  0.77880688903085460  0.79422912103576093  0.80819046851743059  0.82138201696457092
  0.83153621471492445  0.84142075557769302  0.85160781018401188  0.86194594099912558
  0.87372166685891561  0.88671349438070168  0.90084685140958887  0.91509808108369495
  0.92839271063516304  0.94042372491306636  0.95161200704789717  0.96132036183777259
  0.96997796099380629  0.98074263805499451  0.99042385538558808  1.00000000000000000
 -0.00181553472817738  0.00939559198835067  0.02063935715232300  0.03053648018339886
  0.03993008320572008  0.04989203078797063  0.05951860997538754  0.06964458868169325
  0.08197832622641277  0.09538044376986940  0.11071829368349217  0.12713727502225070
  0.14201517014417672  0.15727486870773080  0.17514320681707951  0.19333763063534840
  0.20815976772006381  0.21667337756086261  0.22304780627307313  0.23069105582816773
  0.23972711987180692  0.24920290908891901  0.25813186244046243  0.26636169628513129
  0.27455578018497978  0.28222796673879252  0.28893140345580676  0.29578596847327993
  0.30445682400192392  0.31295170442326131  0.32079352240088671  0.32856720552971924
  0.33694062629142335  0.34569453138351602  0.35423546581320825  0.36288209689692541
  0.37279470400015507  0.38474907599010272  0.39812119955502284  0.41179712167268012
  0.42537781650343442  0.43872243453287224  0.45151124894171352  0.46197331232251948
  0.47121712594416976  0.48014812641133348  0.48704928003999115  0.49432915463484683
  0.50063065544556706  0.50698917196117932  0.51396368864139175  0.52065148376066372
  0.52711001144868397  0.53318066542020903  0.53958802478776968  0.54807148176600384
  0.56091386304710300  0.57395125469848207  0.58718499090419707  0.60090206731257367
  0.61530923025511786  0.62881019506554681  0.63931508271431026  0.64831432631572294
  0.65832196129138143  0.66958347114714156  0.68226684699835727  0.69506205776599972
  0.70684171887208769  0.71813594317069507  0.72881770252397027  0.73935401036371373
  0.75080026816878531  0.76252846648514405  0.77580502311141963  0.78939513219297086
  0.80367579095774233  0.81713681459343790  0.82887319132376180  0.83904121737595616
  0.84794427426773744  0.85640604061503933  0.86491478189123949  0.87453138175495848
  0.88497401157635958  0.89604346942882374  0.90832221368506172  0.92182133327309290
  0.93443972621869487  0.94468752083535734  0.95349468272070392  0.96236049502924714
  0.97128884202353394  0.98058693717082812  0.99020424885050007  1.00000000000000000
  0.00311933110570427  0.02509130361565723  0.04011897454643976  0.05088646982619399
  0.06058189072772546  0.06985773237643489  0.07811800548692097  0.08512431873716450
  0.09029708521264392  0.09591644427679911  0.10155581000062722  0.10699876946731085
  0.11188066132028690  0.11654989557469919  0.12109988423333339  0.12573487529082097
  0.13014813572274722  0.13467730623798915  0.13930435885865255  0.14412550470891480
  0.14883805099224406  0.15294479678368222  0.15705489955236981  0.16125173399675338
  0.16596605800826203  0.17087350110019434  0.17601489857520783  0.18101833467131528
  0.18552337101176414  0.18899994064062947  0.19242426661521478  0.19607128810726693
  0.19975433996274941  0.20465396893169394  0.21135222952098587  0.21848136742873947
  0.22420649599494966  0.22882315072298429  0.23308073055493450  0.23654480921175680
  0.24026791654307295  0.24395467117712824  0.24789628725283544  0.25275984809799878
  0.25821979793029576  0.26359589938233791  0.26903887754312633  0.27424102969756758
  0.27867082879784499  0.28269387357598497  0.28677098865440226  0.29224850823718829
  0.29606845533705889  0.30064590363751548  0.30671601293036749  0.31232913008541474
  0.31763901367965303  0.32177048189950641  0.32591607107723208  0.32991373253032474
  0.33360896993829869  0.33540372229446902  0.33794558027795657  0.34040141590181172
  0.34402657519109775  0.34700437346426277  0.34979962937571346  0.35321753830660813
  0.35698174885444534  0.36017270660374323  0.36294297857991670  0.36507897109440263
  0.36732008497887381  0.36923191936356575  0.37107012727130190  0.37295548916150861
  0.37669456328431528  0.38035353033195274  0.38364380108990198  0.38750694125843943
  0.39086653047736075  0.39411122525848125  0.40067302298273466  0.41009758436418192
  0.41865476708149252  0.44195889372371777  0.46450603739130558  0.47701318038820145
  0.49324760915260091  0.51871132321263425  0.56623209904456961  0.62250114972322523
  0.66912341638586192  0.68201023476940459  0.88244810242643845  1.00000000000000000
 -0.00188553882840876  0.00799199720490342  0.01788348880866035  0.02777226229948279
  0.03817644253422829  0.04896749466488391  0.05930195527786680  0.06976028092972958
  0.07855223978178157  0.08696156485090359  0.09609856138469214  0.10501935165482733
  0.11463898356369941  0.12463715717086543  0.13536449095677966  0.14601748210719709
  0.15574098914210818  0.16500267775575628  0.17633531443624331  0.18801886805447998
  0.19926243179094161  0.21026940182668930  0.22157963340958509  0.23420012500040369
  0.24949331157652643  0.26614329450076318  0.28033932399912370  0.29231362211742251
  0.30236838413774114  0.31108652816115845  0.32021491888274145  0.32961315406128705
  0.34030386795834316  0.35159074090015296  0.36240525290462078  0.37213066569417713
  0.38018096759564601  0.38725081714391862  0.39416635111273018  0.40149886137499552
  0.40794663945035309  0.41390915012800100  0.42038641700207757  0.42794527368998631
  0.43520178895183198  0.44417291405438519  0.45595095799340868  0.46910652136689379
  0.48158798679013404  0.49272284778575687  0.50288369995257487  0.51308522614445051
  0.52303603038960300  0.53317265266321168  0.54303052034512944  0.55208379159296006
  0.56107187188308927  0.57049297083320982  0.58134839666272142  0.59238118887877489
  0.60185243030847291  0.61118020793909733  0.62145472627158616  0.63371989596274614
  0.64556002322153594  0.65619967666099954  0.66844016627961134  0.68108281558786621
  0.69158003780949517  0.69894727510174415  0.70695669290596064  0.71640776837361675
  0.72679190628207169  0.73631462198687647  0.74476977916200360  0.75402615144621654
  0.76728412479596619  0.78183231161121114  0.79900240499822672  0.81357208983042384
  0.82693190037746456  0.83867668524611705  0.84940735855584704  0.86113928316641264
  0.87524349963184700  0.89076729835386614  0.90351876534411990  0.91524057038259721
  0.92723946755457098  0.93887218493252333  0.94922120070839822  0.95691979644507352
  0.96635685137690941  0.97656329123265861  0.98706858697206190  1.00000000000000000
  0.01137137403939120  0.45655911239509206  0.58479464494897582  0.65507369515975689
  0.69608049021807283  0.73479917582448229  0.77025825307698659  0.79608042565126613
  0.81621497583954228  0.83545440741241972  0.85170932480857908  0.86382324125603416
  0.87460558366342123  0.88394166633926941  0.89249316647323307  0.90005153425630535
  0.90678843751110449  0.91322452892628836  0.91839820280285445  0.92225684230439198
  0.92606170312753799  0.92993421248079255  0.93430863298849354  0.93823381699942521
  0.94143202290782990  0.94446946810108123  0.94723938264318563  0.94975818583104799
  0.95218600201034864  0.95439192129000383  0.95667251220179461  0.95843646182057463
  0.95977071955542526  0.96095915731314463  0.96213054818843002  0.96324835365574180
  0.96430555135738538  0.96531521957831834  0.96631055950184097  0.96729843529636828
  0.96829345531868205  0.96929392333247899  0.97026063151739483  0.97122635548958347
  0.97206894790891019  0.97287870924765896  0.97367226311983124  0.97442300862429276
  0.97516030034192858  0.97589185235196296  0.97661310888818831  0.97732538561150883
  0.97802852040853272  0.97867939422826178  0.97934076345555143  0.97993991949525006
  0.98051217689182257  0.98107034370730117  0.98160888778780875  0.98213096804939748
  0.98263803937300620  0.98314598216338633  0.98365470774210650  0.98416250992644094
  0.98459392742295193  0.98502541278861522  0.98545654007008376  0.98586787605229831
  0.98628784428935479  0.98666652445137470  0.98702619258942226  0.98738044673422320
  0.98773555783529676  0.98813043119584654  0.98852842167799404  0.98895703321754747
  0.98939558370377334  0.98980350998769961  0.99017777542765861  0.99054169428582817
  0.99089402857080633  0.99127736312875814  0.99167456697849010  0.99208072680913340
  0.99248755803320776  0.99289007140315366  0.99331600588387836  0.99376234716945688
  0.99426035786283429  0.99474392139819134  0.99525368716676765  0.99583743800410751
  0.99651642205507474  0.99736745847081831  0.99849846976289780  1.00000000000000000
   1.4961079057128217E-010  -1.0000000000000000     
 F F F F F F F F F F F F F F F F F F F F F F F F F F F F F F F F
  <DiscreteSampler_grid>
  grouped_processes
  1 # 1 for a reference and 2 for a running grid.
  10 # Attribute 'min_bin_probing_points' of the grid.
  1 # Attribute 'grid_mode' of the grid. 1=='default',2=='initialization'
  0.0000000000000000 # Attribute 'small_contrib_threshold' of the grid.
  0.5000000000000000 # Attribute 'damping_power' of the grid.
 # binID   n_entries weight   weight_sqr   abs_weight
    10   10   2.975675189440196E-002   8.484665697377687E-003   2.975675189440196E-002
  </DiscreteSampler_grid>
