 -0.00000176787195002  0.00039102740562001  0.00051300364783986  0.00062780309426017
  0.00076305524617870  0.00094515625290859  0.00114003584426506  0.00132314603664123
  0.00150972740601484  0.00171157489850999  0.00191856220974064  0.00213420157041949
  0.00236157283518919  0.00261550636272896  0.00289851851841550  0.00321953883699746
  0.00360491049643213  0.00404911299863969  0.00449714505784894  0.00494440634146973
  0.00538186061505448  0.00582664268892815  0.00628448678464922  0.00676965067599185
  0.00726516635140622  0.00778409192174753  0.00834522876950981  0.00898416678743293
  0.00966069981809591  0.01034564311640463  0.01100531338472034  0.01171718938061008
  0.01251023893600209  0.01335293625519573  0.01418761360229686  0.01508083305592790
  0.01598471189295241  0.01696366800732135  0.01779747094069864  0.01875587862353749
  0.01980392590786879  0.02105937607460900  0.02249994576598151  0.02403983921361547
  0.02559863624703090  0.02727809410874404  0.02893419409024124  0.03038622851959405
  0.03166743190922806  0.03289960496480703  0.03416984778109648  0.03559194290024845
  0.03714945586663207  0.03869915585254395  0.04009570902760720  0.04162072703255282
  0.04314893419313017  0.04472692901386889  0.04629442091974619  0.04795415138815848
  0.04986110797628307  0.05184517520724657  0.05411004411411841  0.05606307306566192
  0.05791249013392039  0.05965183100077349  0.06125197795144704  0.06290923902604013
  0.06464519533288493  0.06662748504333248  0.06867453375215635  0.07088491714392309
  0.07368497844631691  0.07667172916368727  0.07918918625085215  0.08148028524107369
  0.08425547253181748  0.08762573284425298  0.09092429304177778  0.09376724283706005
  0.09650332892965229  0.09992010935799958  0.10317269281691487  0.10618192518889516
  0.10936654584701713  0.11264112781933983  0.11807170909657076  0.12619248206804731
  0.13451950751598532  0.14297150893117744  0.15086243969975721  0.17585224038919595
  0.21771347742362929  0.23519507424391606  0.41495159918634805  1.00000000000000000
  0.00000148704333092  0.00001643551913778  0.00003682723636708  0.00005849239713271
  0.00008039083382638  0.00010294817747296  0.00012495360713057  0.00014853104200192
  0.00017170314152117  0.00019573697299875  0.00021939430968883  0.00024272799367384
  0.00026390935038523  0.00028495991534107  0.00030719147725920  0.00033102245005507
  0.00035632513487723  0.00038278273701899  0.00040900261084349  0.00043627312423030
  0.00046490851395620  0.00049558307704790  0.00052788908341153  0.00055958250431911
  0.00058958537304228  0.00062022383618475  0.00065288716665238  0.00068564311156470
  0.00071667860293001  0.00075171141798755  0.00078575116950721  0.00081889258476491
  0.00085501423874345  0.00089482154601901  0.00093706254714556  0.00098267638294990
  0.00103087051620059  0.00107877711612954  0.00112676049431399  0.00117597405144757
  0.00122614263852711  0.00127826764635311  0.00133451788653511  0.00139529129222871
  0.00146155250450823  0.00152726448063075  0.00160000866481792  0.00168329290395084
  0.00176729533549058  0.00185948609973357  0.00196279380812016  0.00207233062986993
  0.00218713881188544  0.00231426683170982  0.00245460049325037  0.00260616169493506
  0.00276833000953792  0.00293460412907694  0.00310005673477273  0.00327454913928351
  0.00346023561966339  0.00365257606395541  0.00385078293511001  0.00405476020914942
  0.00426230530165411  0.00448079439704807  0.00471478116365200  0.00497585401179768
  0.00526428742589786  0.00555671901656642  0.00587287837188103  0.00621137734094416
  0.00657687853127959  0.00697975709524713  0.00742578737535256  0.00791218230991292
  0.00842541317650972  0.00903375150353043  0.00973615806311936  0.01053832081388097
  0.01139495312842831  0.01231308083336150  0.01331029081760748  0.01452522302051069
  0.01608784978022725  0.01818388051652081  0.02085787326823111  0.02368609811309523
  0.02648160652591216  0.02943366383617645  0.03306273607962783  0.03869779995148694
  0.04939974936519009  0.07409979148718887  0.12926584105292263  1.00000000000000000
  0.00031587695419641  0.00041499885904279  0.00051033952153784  0.00059798400482190
  0.00068510354784763  0.00077909843138344  0.00088160112202510  0.00099144633304083
  0.00111833037160732  0.00125059048099075  0.00136968260833680  0.00148001999248209
  0.00158646676257754  0.00171143034650658  0.00187246251423854  0.00206051163688336
  0.00226375869795961  0.00247668875052064  0.00270422779648174  0.00293879080943542
  0.00319248988818512  0.00347571812044488  0.00379927077603675  0.00412113286889654
  0.00445224253996330  0.00478034553302182  0.00513668421467130  0.00552023872566403
  0.00591803145639542  0.00633688908141258  0.00678634016469617  0.00726984498799653
  0.00781465170154633  0.00840088198827041  0.00903652906460448  0.00976139743635789
  0.01051588961356640  0.01127457299494293  0.01204662374218680  0.01287683736050020
  0.01367040067275597  0.01445876368943415  0.01531538790247728  0.01622587515882290
  0.01718825654540027  0.01811944549321028  0.01898232623095547  0.01981571460301542
  0.02064313670740872  0.02150490257979586  0.02243036728377995  0.02348192423817895
  0.02456025653311307  0.02589066076483830  0.02723950613046693  0.02860451517384625
  0.02983082973566003  0.03104223193238614  0.03231206820469509  0.03362686659514099
  0.03501610254728952  0.03653982687731359  0.03816897478492204  0.03990061285348553
  0.04180409660188131  0.04419614362301330  0.04680908505843107  0.04941420908346176
  0.05209980200728965  0.05424164907948035  0.05576863645911864  0.05722051655319178
  0.05924053131579434  0.06146097175429471  0.06358409189046600  0.06555143511358311
  0.06743253139487559  0.06991452785472962  0.07314978640865666  0.07755714924007309
  0.08133649238916958  0.08507611235580133  0.08975713758759714  0.09470182751490185
  0.09944313515512898  0.10363816751546744  0.10791611665545722  0.11075723028848546
  0.11349165316003554  0.11675958619303060  0.12050405636438058  0.12482142327755438
  0.12818348427656087  0.13836419426484267  0.31948140530596375  1.00000000000000000
 -0.00170759411409225  0.00689379539154857  0.01561747539250328  0.02428910953413486
  0.03609183690487316  0.04685147510470756  0.05712106188788896  0.06724402056324146
  0.07886254151209030  0.09153553236662172  0.10469483372466026  0.11658598875215619
  0.12672646608616306  0.13605629723054161  0.14477843799472423  0.15271642440229238
  0.16022847095587023  0.16864925943053094  0.17765987863596427  0.18692688203759214
  0.19591331934760040  0.20394242125301357  0.21316741086137303  0.22465505121646723
  0.23664058351364953  0.24630529157700565  0.25513952463798512  0.26316671707505673
  0.27173954972024622  0.28025395771136347  0.28901285051424641  0.29806993346967831
  0.30660169006920723  0.31550083328092682  0.32495125767723987  0.33567520316787774
  0.34703593874100541  0.35869480108726509  0.37079953302350005  0.38314646549427256
  0.39557444947991477  0.40621415331146438  0.41673786286291825  0.42772925929762445
  0.43960704663303973  0.45114893963357283  0.46422050849034252  0.47810538710616979
  0.49086461719342517  0.50186806735596257  0.51152105878764476  0.52132239733635644
  0.53089761066634800  0.54103854379760219  0.55295812277835021  0.56533400415182888
  0.57676980418071722  0.58767546618454380  0.59779397194808381  0.60698817867451216
  0.61650009601643452  0.62652116530133983  0.63880614711215100  0.65009594672116922
  0.66105717474342818  0.67286082082409904  0.68547313129995890  0.69788848509071522
  0.70914014374771117  0.71937533852116919  0.72975541649472042  0.74027151809426139
  0.75241956289606815  0.76259913835885951  0.77348613362436369  0.78502640679733049
  0.79716711331912360  0.80871589378214304  0.82040438970839391  0.83117067799081068
  0.84086587920919897  0.85030117319713949  0.86047887302659409  0.87130186360956396
  0.88175812496264505  0.89143233209956951  0.90210449905753398  0.91413423935273053
  0.92745963035830359  0.93976995929641460  0.95003030295211166  0.95988266602978123
  0.97014957717262718  0.98070352816559581  0.99063652445326833  1.00000000000000000
 -0.00067344030994890  0.01136901870431113  0.01892835620870471  0.02433677019908556
  0.02884105053472115  0.03299568898150883  0.03693343568260726  0.04057168330624390
  0.04388103953579615  0.04684218590409303  0.04961038491493602  0.05233203740253288
  0.05503583171037614  0.05780906221582359  0.06073807844432982  0.06374166881082498
  0.06651230782508859  0.06915859978599520  0.07177257519731099  0.07450769702996003
  0.07716870988589378  0.08006619056862778  0.08286735036527125  0.08555181268920888
  0.08823336386595447  0.09068584394587537  0.09305715603283625  0.09536452974607212
  0.09762330562029498  0.09992448404461532  0.10228862009392861  0.10476178386154840
  0.10705567266557875  0.10930982158930126  0.11157865450334438  0.11376267459522554
  0.11611187175272819  0.11854226954565990  0.12097959382226814  0.12313476032332038
  0.12532375441776736  0.12760514797009290  0.12996133849308214  0.13247815210430147
  0.13480021765230665  0.13687974989913657  0.13875665796998174  0.14065705613397092
  0.14234737562767785  0.14400749806028365  0.14583870348989308  0.14780899175311843
  0.15013362086817317  0.15319206685354608  0.15613519820805730  0.15881083789268757
  0.16119094775346812  0.16365374717033984  0.16608940564261543  0.16863341478738045
  0.17135692661447696  0.17388938703490017  0.17654408949881795  0.17937102776048669
  0.18198887639439182  0.18457331846265779  0.18731724127680871  0.19079923142441763
  0.19444248784617940  0.19828048925106512  0.20095853895723498  0.20357803249365239
  0.20580504994713877  0.20935956726325733  0.21400862980879878  0.22106315500512358
  0.22739759449573607  0.23305729050038315  0.23777188555316925  0.24273458195620143
  0.24802316321635939  0.25369202408562874  0.25885285554337245  0.26383693828220883
  0.26914774959048837  0.27515658916332492  0.28118860653452110  0.29371005139026579
  0.32155587478894859  0.33690540232987737  0.35223916400374672  0.36868832795735845
  0.39001992689734322  0.47685701472939312  0.82371970792618276  1.00000000000000000
 -0.00249979574539608  0.01139180357420064  0.02294898536392400  0.03386874764215677
  0.04460240969141978  0.05405418906525485  0.06317637902806908  0.07161369731414129
  0.08213265782101954  0.09416611686067231  0.10576566228966183  0.11583703159712007
  0.12552295545928593  0.13578942315473022  0.14631840312897421  0.15722327653132209
  0.16761191325803806  0.17771475101834108  0.18724640457849237  0.19610266483845534
  0.20604781101893832  0.21595967965655052  0.22617274488361705  0.23641256713382627
  0.24690059957516072  0.25813173229977748  0.26954422070082612  0.28110495262202118
  0.29308787311328816  0.30528339069378563  0.31728365960792249  0.32859224287279198
  0.33875620399550038  0.34779736187584359  0.35647637853636877  0.36517683986600230
  0.37493341598360519  0.38521233746316302  0.39348546825135011  0.40282974056713783
  0.41286665288961466  0.42713097005347916  0.44086070382430570  0.45117259230190271
  0.46139673786477120  0.47225839899864802  0.48349538639009898  0.49343544440863452
  0.50295635110410486  0.51249373824965516  0.52193854736981038  0.53083933885492496
  0.54028424344456161  0.54951187894091591  0.55858009667889097  0.56700982946674039
  0.57573623102626559  0.58404968908608346  0.59389411719752705  0.60343381319510125
  0.61368442424800496  0.62409314042314412  0.63569600347776067  0.64673043841292577
  0.65694108945131768  0.66726525965978034  0.67744383858089874  0.68826377281186180
  0.69905070413333015  0.71053120576192830  0.72256970891293004  0.73412178020185082
  0.74533989972778047  0.75626673845978798  0.76749614606724681  0.77885223564025252
  0.79033923188007138  0.80222195822959086  0.81387754204689955  0.82468715256946623
  0.83493425927536069  0.84551336317728742  0.85566816424466907  0.86550153126329565
  0.87560644622880435  0.88539928738886542  0.89526715156217374  0.90555804983320332
  0.91685979633351467  0.92941842701891741  0.94242564292881237  0.95563218984982701
  0.96681327124083261  0.97841046456171066  0.98934219354570452  1.00000000000000000
  0.00070902153890330  0.00247174042281465  0.00438534134184880  0.00578197043055474
  0.00699589623471368  0.00813260508431941  0.00921562550206505  0.01025304788878887
  0.01129222705292609  0.01233616951989253  0.01336880181941894  0.01440586156608308
  0.01547871898154674  0.01659970420516352  0.01777213648021606  0.01896241074885188
  0.02016030301411771  0.02135960927946932  0.02255003348282157  0.02371026384262363
  0.02477929668348787  0.02582213955836072  0.02681532706281299  0.02784884424307427
  0.02897900809340920  0.03013057321451616  0.03137509728776462  0.03242862846730168
  0.03348883656808719  0.03455639092681776  0.03564509874086784  0.03676227042145821
  0.03791445223194136  0.03909558671261351  0.04025163910666646  0.04139430025286936
  0.04254924533883601  0.04367307660408771  0.04476020792778933  0.04578950581569129
  0.04680947822923790  0.04788022635367960  0.04900495276684109  0.05024550706155208
  0.05154078213004304  0.05282346147543554  0.05389627254259107  0.05497962385135132
  0.05616854511866311  0.05743895737524294  0.05881627983569174  0.06019394866808800
  0.06146141251393905  0.06310004956066412  0.06467154148745136  0.06612620475955289
  0.06759639353552627  0.06909425616931031  0.07056216221868525  0.07236086084694281
  0.07432086744803958  0.07628362120032101  0.07840062057717925  0.08054590242478325
  0.08299764785401187  0.08557560656635615  0.08795121727994518  0.09023220459752396
  0.09264947783132271  0.09521718827425316  0.09799060038853447  0.10115314288544630
  0.10458289505237052  0.10873589398983444  0.11277606130802423  0.11771144406057413
  0.12253629078069038  0.12714956944906308  0.13033608516284614  0.13253693622693333
  0.13468251522160637  0.13691089820837443  0.14060886279959195  0.14403844896154031
  0.14718412062484196  0.15179649964942737  0.15823499946631792  0.16351055880415674
  0.16710667750927968  0.17092733660811515  0.17485607663432004  0.17897140402140008
  0.18394887709477400  0.21713180134432089  0.57337413895302847  1.00000000000000000
 -0.00227999732472921  0.00828910459578077  0.01806032598690048  0.02746711843288031
  0.03724780459155862  0.04693230213613568  0.05644138620833469  0.06630401697995117
  0.07634972458040054  0.08768508473744160  0.09943528460986675  0.11164335891061118
  0.12411560098143321  0.13567272369977521  0.14890742634214782  0.16349703046455713
  0.17859258385694246  0.19244245380137193  0.20419178650472120  0.21609222020835595
  0.22734861755957611  0.23770418159398385  0.24714635854178338  0.25602291789027265
  0.26478478179963549  0.27391698165025263  0.28417900767687793  0.29528600837918190
  0.30610669138526575  0.31672942379803704  0.32776132665371166  0.33924235920618068
  0.35026210137937291  0.36020255482044566  0.37035113620717758  0.38011781273118261
  0.39055792167240055  0.40040344012867302  0.41108429221760440  0.42164434995964528
  0.43158789905339084  0.44046885245975825  0.44876538621651846  0.45750103353997623
  0.46672871012054806  0.47629179030221547  0.48576410958948801  0.49550610246685106
  0.50546679550715989  0.51587116228317265  0.52588740001949208  0.53562977811894319
  0.54615824575301730  0.55729002525590687  0.56802437086387758  0.57733419353657733
  0.58657634898545852  0.59681584673803323  0.60709722211054495  0.61621726895967788
  0.62414016489601987  0.63157730676186230  0.63950475631355153  0.64925453121922261
  0.66047703097282606  0.67103928611103680  0.68463528067282053  0.69355195935620151
  0.70169211712550483  0.71010894508572520  0.71888952216617086  0.72779277209309934
  0.73683816270629821  0.74649773571889100  0.75785897550181114  0.77000685653305923
  0.78126262228500953  0.79365912907756175  0.80421914556883789  0.81549753911376566
  0.82737145423000635  0.83895248171155878  0.85044770542941062  0.86183192477686987
  0.87400480166822270  0.88717842149358705  0.89848366264740231  0.90885202264392018
  0.91955352272608881  0.93183695877410366  0.94385440296285195  0.95603104240613623
  0.96856268736680096  0.98030754725090719  0.99063665669160772  1.00000000000000000
  0.04403928518855414  0.41049078068439487  0.51298433942672939  0.57145091566186823
  0.61289537630152091  0.64612748594176828  0.67368261288453202  0.69625976000720224
  0.71580205574457278  0.73267264763858919  0.74732583898193528  0.76060762993807207
  0.77239992459977846  0.78260687854517352  0.79205838352103053  0.80065209032335150
  0.80888996157896265  0.81686702789928267  0.82434104398862884  0.83144856613557128
  0.83788677467859618  0.84381587050016349  0.84947648286974420  0.85490038610575103
  0.86007588995878914  0.86498053870989478  0.86964627077250745  0.87385025210314138
  0.87791588870391213  0.88166192060018211  0.88537545445058274  0.88885314774070578
  0.89241709497814503  0.89598759243841719  0.89926087912081598  0.90247281504717924
  0.90537080027020533  0.90813686495673651  0.91078518292800126  0.91337203575824888
  0.91587396813326938  0.91823644898347501  0.92057984807840976  0.92285619833360433
  0.92494000895297901  0.92698211936128760  0.92902234790539662  0.93108790705597222
  0.93315206137026607  0.93517544073091663  0.93713000920667100  0.93882144028275993
  0.94038841473274615  0.94195283052873702  0.94359815190000462  0.94528306882488633
  0.94692408591219834  0.94850792690616281  0.94991580565281719  0.95122979006066832
  0.95253043130713277  0.95384697363332949  0.95521833023709179  0.95652793002029879
  0.95781256791340597  0.95908564518065553  0.96036791238110775  0.96169904453762189
  0.96297991180760323  0.96423430835443158  0.96543666296140696  0.96659483176625205
  0.96773145060859900  0.96887901122156428  0.97000742483956393  0.97111242832967704
  0.97219719784521519  0.97326834648518312  0.97429932303312228  0.97533442525783942
  0.97637233748806851  0.97738090168718605  0.97850427228133408  0.97967699497716720
  0.98091804842591346  0.98226742359654751  0.98346489484296296  0.98454468490599067
  0.98559187482490263  0.98664122138520749  0.98773440930055678  0.98899007572170139
  0.99050121668469482  0.99242752914079091  0.99533396935582052  1.00000000000000000
   1.0773326600006002E-012  -1.0000000000000000     
 F F F F F F F F F F F F F F F F F F F F F F F F F F F F F F F F
  <DiscreteSampler_grid>
  grouped_processes
  1 # 1 for a reference and 2 for a running grid.
  10 # Attribute 'min_bin_probing_points' of the grid.
  1 # Attribute 'grid_mode' of the grid. 1=='default',2=='initialization'
  0.0000000000000000 # Attribute 'small_contrib_threshold' of the grid.
  0.5000000000000000 # Attribute 'damping_power' of the grid.
 # binID   n_entries weight   weight_sqr   abs_weight
    10   10   7.322514301794834E-006   4.776686712964825E-010   7.322514301794834E-006
  </DiscreteSampler_grid>
