  0.00000223799156076  0.00000394372509460  0.00000530052748960  0.00000649886071411
  0.00000772135037093  0.00000910351410353  0.00001083862136121  0.00001215013610983
  0.00001333684438974  0.00001454536376874  0.00001579741087687  0.00001727152574044
  0.00001878276439548  0.00002014054981126  0.00002157412542842  0.00002314927313246
  0.00002470230711958  0.00002637212063239  0.00002880053930844  0.00003047911805689
  0.00003207687493831  0.00003359797100899  0.00003508203400004  0.00003666264352948
  0.00003831668826022  0.00004041062602427  0.00004304832661606  0.00004628698163794
  0.00005018072990021  0.00005454438784560  0.00005918562740350  0.00006469939362600
  0.00007020485399677  0.00007566602075641  0.00008058997969052  0.00008522951556138
  0.00009062008341918  0.00009566533697885  0.00010183445927812  0.00010912142744204
  0.00011780591768581  0.00012815020348051  0.00014013927522858  0.00015340836947477
  0.00016636830643781  0.00017901068698599  0.00019215089513617  0.00020580900097644
  0.00021945497672516  0.00023504668189778  0.00025299253828969  0.00027382596922651
  0.00029667395232954  0.00031624930494576  0.00033438263157004  0.00035647377213776
  0.00038071514945359  0.00041150791274138  0.00044883843347080  0.00048944723346164
  0.00053418859538114  0.00058535486273079  0.00064038570656361  0.00070196275748754
  0.00076566284679250  0.00083514639392034  0.00092387514167692  0.00102884681190999
  0.00114645223754756  0.00127065569745922  0.00141347054284771  0.00156661811619696
  0.00173838042914503  0.00193574649741639  0.00218770855837789  0.00249571179559301
  0.00288670782512935  0.00341775320622407  0.00405971533610684  0.00471566400769074
  0.00553163791266416  0.00648558003528344  0.00789471915739303  0.00960214029685288
  0.01163279630536944  0.01385916458894015  0.01699153428437114  0.02132244241347395
  0.02616418171545889  0.03212773303134075  0.03997191909988046  0.05096281081814108
  0.06927636752566380  0.09205982196578677  0.13796349459227397  1.00000000000000000
  0.00015429742797839  0.00026021143594667  0.00029832086238752  0.00032729689651911
  0.00036097746799356  0.00040195692286109  0.00044207085514335  0.00048109294501051
  0.00051922013459090  0.00057125663933298  0.00064529013175405  0.00072656172690536
  0.00082014902722679  0.00091513611461092  0.00101239353093944  0.00111649437811062
  0.00122251625994622  0.00133878488979136  0.00147506220849090  0.00164792712653838
  0.00185516725779269  0.00209845837341883  0.00235461850525221  0.00264235391925240
  0.00298888651644747  0.00337237089172661  0.00375913954182920  0.00412895846102541
  0.00447636713140066  0.00483668712534545  0.00516967824998376  0.00552471191739255
  0.00589715995370514  0.00630666832070509  0.00675895037870081  0.00726572552562542
  0.00783666776170019  0.00843480296059541  0.00902914019638235  0.00965796378717836
  0.01028269023670529  0.01097890740771403  0.01172777293773753  0.01246362162358866
  0.01320527668885764  0.01395713434306075  0.01470188247661224  0.01546541795257329
  0.01632576908907124  0.01734096910125615  0.01820307264177502  0.01898149014687417
  0.01975359688801850  0.02054652783233286  0.02158379081394371  0.02258076013678830
  0.02344252647558090  0.02422481258660985  0.02505235332287333  0.02598923635818501
  0.02707015997364896  0.02804006696738396  0.02895820181619551  0.02993119135074937
  0.03100783551790299  0.03230460082133963  0.03380963329613443  0.03545630684931223
  0.03810265714600154  0.04038139481874446  0.04209390015441354  0.04363723855133680
  0.04510429610989118  0.04752680832520847  0.05129225285647657  0.05427852141898495
  0.05554004071604055  0.05682909759941000  0.05858975550811720  0.06051564636732150
  0.06205483105275577  0.06340940090664338  0.06487367806305130  0.06637688218180481
  0.06847459063776920  0.07062790503695539  0.07278121943614158  0.07535161389135370
  0.07792810354907431  0.08050100696714567  0.08300946319565833  0.08551791942417099
  0.08802637565268363  0.11737521272344124  0.26706448350717726  1.00000000000000000
  0.00011951199219517  0.00018040204024474  0.00021420734595018  0.00023330482430894
  0.00024514126205886  0.00025784727403440  0.00026951546265524  0.00028438423020600
  0.00029933381115223  0.00031367478760133  0.00032651158537365  0.00033838198132689
  0.00034934855809146  0.00036291818810873  0.00037559166741937  0.00039070258014531
  0.00041530389099559  0.00044147718885238  0.00046961597417823  0.00049889704569022
  0.00052103035857005  0.00054656451927373  0.00057829979453216  0.00061034391934051
  0.00066063024695784  0.00071069245229867  0.00076944155446256  0.00084810238795642
  0.00094903951779375  0.00108748113305156  0.00127164137365612  0.00149379364039001
  0.00174292936023848  0.00203045280185736  0.00234282086808640  0.00270639282211776
  0.00308888052798686  0.00348193710878192  0.00387571478367115  0.00427026082908998
  0.00470035474992745  0.00517775692076908  0.00569470507330813  0.00622550015853603
  0.00676447851341480  0.00730082037609403  0.00788089830607822  0.00844389585722447
  0.00899508325471313  0.00955022564319319  0.01019292413526040  0.01086713731938208
  0.01150729615651181  0.01210502393913564  0.01269827040881149  0.01330707375092764
  0.01393787676130065  0.01461177329697709  0.01529456468870168  0.01607345796200091
  0.01693207949303672  0.01790072912775724  0.01897088728961128  0.02010795767773922
  0.02126262120850557  0.02259818552301930  0.02402081346003063  0.02527435516293172
  0.02656656127900556  0.02776522988635217  0.02895468592726339  0.03046497350452518
  0.03204373361331438  0.03361407730421045  0.03522345187361148  0.03692202725740715
  0.03872036378357686  0.04099066958879179  0.04336640412217328  0.04583537096721937
  0.04849003399848554  0.05132923403440289  0.05441220641996903  0.05857047466784061
  0.06352433873989688  0.07049838350579928  0.07917761199916627  0.08718920907546586
  0.09430728561819013  0.09816403377550068  0.10210305485629025  0.10713010158188538
  0.11404764804449322  0.12476847057112246  0.15395557504649560  1.00000000000000000
 -0.00224225073869314  0.01107175121867914  0.02243032708150706  0.03431422304281739
  0.04489576319398976  0.05437172166029375  0.06441803108186472  0.07642254379710875
  0.08768245524602647  0.09790637791261962  0.10961545983894333  0.11961592041415189
  0.12804573403028838  0.13585210296552647  0.14326292411285863  0.15416129261168965
  0.16204447031533914  0.17009422250026304  0.17742550355247663  0.18453562528763706
  0.19067712954394822  0.20014968020542365  0.21027937790343654  0.22174955484901129
  0.23354036562203648  0.24419609135407924  0.25477178001171713  0.26714946130053813
  0.27987355656534435  0.29401891005044067  0.30908350430305070  0.32349975328851693
  0.33693524356586813  0.34960651260169806  0.36036828286129868  0.37053604112815891
  0.38135885988823870  0.39311386469504905  0.40289520361903181  0.41084144448681997
  0.41924485910669762  0.42835089880279198  0.43730906807136677  0.44555494609142782
  0.45333735779406126  0.46183761000697027  0.47373290768968485  0.48602426821622180
  0.49929861896479494  0.51322985934391707  0.52813653909794511  0.54265359039761307
  0.55673788599830420  0.57014718816824272  0.58166271695034633  0.59234438462182881
  0.60254601422823661  0.61329945787816476  0.62292872365068541  0.63139604575023944
  0.63971030498625703  0.64905362005447487  0.65691399907669301  0.66432392989830358
  0.67090614092306611  0.67826752172188309  0.68755182046168728  0.69684043506687443
  0.70604253490608904  0.71518604529270657  0.72508837691184524  0.73693044523823192
  0.74840972103235737  0.75824334137852811  0.76765126190958954  0.77745584764329712
  0.78718674446719805  0.79660013448384381  0.80633903061348911  0.81774618070984628
  0.82955883801512487  0.84014669892204241  0.85018282982384574  0.86018599279133434
  0.87072454645030983  0.88329045204737500  0.89604155155285237  0.91141712221157378
  0.92499376096125607  0.93551057149804362  0.94674294187440255  0.95593067245358621
  0.96581384733209297  0.97589026481804853  0.98580464994464823  1.00000000000000000
  0.00444010897040239  0.02105454944998070  0.03153640108687827  0.03910837505469571
  0.04484563462029674  0.04940240583230758  0.05345596209296959  0.05755980024018335
  0.06147417416132785  0.06505286796798024  0.06866072133019140  0.07235481588455354
  0.07625807428806163  0.08000806388526596  0.08347799092511328  0.08658219251486188
  0.08976621504475440  0.09284699865238731  0.09568435565491719  0.09839737798344531
  0.10110737488235307  0.10431567243025912  0.10745373014473487  0.11057851137571220
  0.11376381108099191  0.11660663435194589  0.11908130212662356  0.12141329282519331
  0.12367571201296119  0.12606388737201926  0.12828934544292114  0.13038536983180715
  0.13255204033862603  0.13498716391162152  0.13725395826421033  0.13928817459191015
  0.14127096602139269  0.14336849763411241  0.14586520483447743  0.14870449498701915
  0.15153991404355444  0.15410456556137950  0.15657353630708590  0.15887498114003293
  0.16117997289307967  0.16374348351278056  0.16637646467512346  0.16944811660808076
  0.17262071017107014  0.17609981578867373  0.17968758493276007  0.18313529830641195
  0.18596044863758501  0.18844530226920722  0.19095426879756533  0.19356011669137752
  0.19573935384717994  0.19784302499029136  0.20016063079343957  0.20304133502415564
  0.20561657205161243  0.20794355873487913  0.21066309995918858  0.21411874836380301
  0.21760072230154381  0.22050679721579369  0.22296689226972316  0.22572612761793381
  0.22802439236867658  0.23008542577137603  0.23248786797479809  0.23491888900900953
  0.23740892059299321  0.23981310773349435  0.24182326445409999  0.24375034584087468
  0.24570113895952250  0.24762131218036118  0.24947224715053740  0.25132318212071358
  0.25437146647639586  0.25831700943449787  0.26226255239259982  0.26675102306236326
  0.27412656627023335  0.28150210947810345  0.28887765268597354  0.29713226845747814
  0.30555062469987754  0.31925101232040870  0.34075830874449137  0.35113250022142700
  0.35882056486131209  0.37887472600102368  0.45155382031981001  1.00000000000000000
 -0.00158245893749465  0.00825863307879821  0.01833947188762995  0.03004960413657860
  0.04495739558242097  0.05747597526131613  0.06820782756995977  0.07849243583545998
  0.08923801402484519  0.10123386603161862  0.11426773540187658  0.12773695528142698
  0.14131890549476142  0.15430648730572943  0.16566104025495421  0.17489420541355227
  0.18243235486978029  0.19004160794213468  0.19731134748130372  0.20447729786952712
  0.21197460625992864  0.22000766515506992  0.22843576417060560  0.23892276481863498
  0.25104152977999911  0.26400977153169336  0.27755762497366709  0.28999659596593452
  0.29932284224080424  0.30854552052201978  0.31730167838479717  0.32587859595725177
  0.33489018202436865  0.34497529832821650  0.35312651631137909  0.36545061238322429
  0.37800780787844152  0.39090962576183530  0.40284151273076102  0.41282757433549971
  0.42229048094111787  0.43308119207222884  0.44587896877348360  0.45767749218276471
  0.46752042083124612  0.47624131613988407  0.48605474744247973  0.49616199794354043
  0.50538673701789416  0.51368685350433418  0.52215367438868165  0.53155732777396303
  0.54151227189042384  0.55208503682529975  0.56371853979973408  0.57381224850647428
  0.58436277167742778  0.59454977537496079  0.60490971848807362  0.61601326042209104
  0.62848974351369147  0.64153186840505849  0.65342027106792555  0.66419880577742985
  0.67542634085674647  0.68766879935313419  0.69770671670906859  0.70600339684035807
  0.71477752989939802  0.72406666047905699  0.73570415389480792  0.74857977360421990
  0.76098092928121808  0.77251638221655328  0.78381138251932758  0.79444199579657038
  0.80467146628890684  0.81486115819186578  0.82544810826979842  0.83588111357128558
  0.84545115102742641  0.85302808542489272  0.86049792079247522  0.86846838183436792
  0.87702266308465648  0.88745190158513210  0.89855954783733261  0.91136827448429547
  0.92319769089410109  0.93383488219813049  0.94416995862343789  0.95462859845909898
  0.96536407882011077  0.97681255870353978  0.98838048340075779  1.00000000000000000
  0.00160050924506293  0.00450394403229882  0.00797215599468397  0.01068767536271039
  0.01302505251118158  0.01526872549450814  0.01737105034806397  0.01934036425993952
  0.02124185828544950  0.02317379369963674  0.02492292053945508  0.02682529955449427
  0.02878748492096148  0.03070361115940971  0.03265696191946528  0.03443051133892826
  0.03629596362133912  0.03822689906832816  0.04008841205237385  0.04190239833442897
  0.04345531161941235  0.04468293695662631  0.04585862068746567  0.04709279284442189
  0.04841287448350026  0.05004649657612884  0.05188629663784485  0.05359180547967556
  0.05528161596986174  0.05671707804659128  0.05818773608663164  0.05989049416705753
  0.06194435919149746  0.06386570731478920  0.06551628534349656  0.06708848884855599
  0.06857144336359298  0.06994557153908026  0.07110401360310113  0.07235305744099846
  0.07337049130511782  0.07429596911697199  0.07545571287870310  0.07703474134332888
  0.07870365850101901  0.08043405576760390  0.08220531695910073  0.08422553397644245
  0.08598975887569295  0.08780499492481941  0.08952367134384590  0.09154675837082997
  0.09357969530386276  0.09584441764000427  0.09810821082977692  0.09974592232164288
  0.10113867706138310  0.10249579003505728  0.10415638397991363  0.10678218361776934
  0.10933854477707550  0.11059434024362433  0.11164897228878787  0.11254929960345994
  0.11384626135068278  0.11518759843204494  0.11616436261763446  0.11721957393153627
  0.11834993523190415  0.12032068203298915  0.12222147981776045  0.12302326281230760
  0.12364340603871041  0.12423007771629641  0.12480240291203928  0.12535829538635834
  0.12640106438584259  0.12757911394235494  0.12955291745807429  0.13264523138561979
  0.13464775082130384  0.13643021203389505  0.13784963970379138  0.13908962261794117
  0.14076668649238996  0.14231191735181770  0.14367428947172872  0.14680611301322716
  0.15480571950121200  0.16591628088105689  0.16796739419629869  0.16966888006978847
  0.17137675971748315  0.17328291796874951  0.18014231425791893  1.00000000000000000
 -0.00221214669886518  0.00965079398522990  0.01815217473852240  0.02594656303244103
  0.03387910703280964  0.04213835980720376  0.05137315122997016  0.06051115990822457
  0.07036181636994303  0.08016969073962063  0.08958147615458800  0.09855030590166645
  0.10748457612361194  0.11689430102203530  0.12632413786629354  0.13522880625016864
  0.14428573748980833  0.15379725360495730  0.16362186169899873  0.17407988111073003
  0.18521045741444181  0.19566269320502813  0.20596469119134272  0.21630756982168337
  0.22710775157567747  0.23890335409859551  0.25151591505731630  0.26433019742127140
  0.27665756031147160  0.28861461247242620  0.30107305419266212  0.31362798570018502
  0.32610641301664306  0.33786459795369600  0.34990653787392922  0.36197212850104682
  0.37422314552679414  0.38892149160407241  0.40412917758230715  0.41784490835728444
  0.43191145919146628  0.44493616088613575  0.45493081662949758  0.46244672312832735
  0.46962939821103616  0.47665851087286015  0.48526539854874740  0.49533941255800701
  0.50591226205627848  0.51726161015949834  0.53116704494749811  0.54481476911787030
  0.55844219173766363  0.57219399696328455  0.58330260684037816  0.59508181716690645
  0.60571598429759277  0.61396424082983547  0.62389307113553472  0.63270345079293999
  0.64225003453419038  0.65163900508574801  0.66062963581127820  0.66995723975958310
  0.67960430548899475  0.68789493573359972  0.69748610766777253  0.70840496569508815
  0.72019715266656348  0.73242682555896854  0.74360640776727938  0.75616023444199121
  0.76976522223615385  0.78115573883635814  0.79254081389015452  0.80339602455643022
  0.81445631736219926  0.82359122130373841  0.83210791787696170  0.84132756756268434
  0.85111104386041914  0.86112972750583838  0.87093103631652846  0.88272780288287211
  0.89693781827094066  0.90759915208837738  0.91853717038730520  0.92892518847660743
  0.93864873310094976  0.94728653263065532  0.95571813025627761  0.96384377908605312
  0.97215754652709163  0.98091139349493084  0.98978402642389529  1.00000000000000000
  0.01972442243602712  0.25276496312082586  0.38431955347535574  0.45657550298338934
  0.50986162879119568  0.54843630607244098  0.57888818334112446  0.60681591541101421
  0.63073385504245327  0.65274819937347550  0.67003120626734392  0.68500820208561009
  0.69959238637178389  0.71238086871006023  0.72435862896806191  0.73510747407022037
  0.74517778011967495  0.75461003900477874  0.76380604898469617  0.77239605436605785
  0.78061723024741470  0.78859159789506672  0.79683074232921924  0.80506895051118810
  0.81287167599060639  0.81996289501859687  0.82732212308940367  0.83377223085848662
  0.83910811023525111  0.84406946881838274  0.84903549838191950  0.85394982082920667
  0.85859742786067661  0.86268591766761349  0.86663508311632365  0.87023532585341601
  0.87345067467518955  0.87642715873098143  0.87930139780603678  0.88234144814678550
  0.88570754227064952  0.88919657529520835  0.89257492455956189  0.89574821634410684
  0.89831693758996078  0.90095121578863835  0.90315306491586933  0.90525012478496647
  0.90735605373325168  0.91005750095445614  0.91316776339013361  0.91613789226676690
  0.91869654882482987  0.92094839044163923  0.92318655356844193  0.92551962765507112
  0.92780753694463947  0.93001923693462929  0.93217579841142439  0.93432200033635759
  0.93628389248315169  0.93780486582462541  0.93925630594549503  0.94079024311791304
  0.94265029938070255  0.94489396333906372  0.94706089513742675  0.94897431927869214
  0.95080878392833856  0.95257068176165194  0.95407068875400225  0.95546926807366528
  0.95683211910931754  0.95819882769601628  0.95958901793858797  0.96106094844609646
  0.96263892225462222  0.96447642566669944  0.96636654171471725  0.96810390018573544
  0.96968054244560509  0.97115951010859669  0.97262257151946108  0.97412250695434288
  0.97568581720769709  0.97735783285712907  0.97901246698759903  0.98053313300784395
  0.98191832525736145  0.98304968334932474  0.98423803071741622  0.98550260810417045
  0.98709271437743273  0.98944125363794622  0.99310997544687385  1.00000000000000000
   3.2635417659359221E-018  -1.0000000000000000     
 F F F F F F F F F F F F F F F F F F F F F F F F F F F F F F F F
  <DiscreteSampler_grid>
  grouped_processes
  1 # 1 for a reference and 2 for a running grid.
  10 # Attribute 'min_bin_probing_points' of the grid.
  1 # Attribute 'grid_mode' of the grid. 1=='default',2=='initialization'
  0.0000000000000000 # Attribute 'small_contrib_threshold' of the grid.
  0.5000000000000000 # Attribute 'damping_power' of the grid.
 # binID   n_entries weight   weight_sqr   abs_weight
    10   10   1.412866930639201E-008   1.829926600271938E-015   1.412866930639201E-008
  </DiscreteSampler_grid>
