  0.00214935124452005  0.00215794014281915  0.00216593075429928  0.00217253988241594
  0.00217926614552397  0.00218609748360026  0.00219402177144179  0.00220259211221884
  0.00221241579421008  0.00222214431013913  0.00223235193985350  0.00224308566170551
  0.00225425379170715  0.00226666031652989  0.00228032904431419  0.00229748835746055
  0.00231433374332641  0.00233098995307715  0.00234793189535337  0.00236416023972978
  0.00237957516099402  0.00239422876234756  0.00240882236931485  0.00242476401891124
  0.00244089917619431  0.00245730195179109  0.00247675728237781  0.00249821891140014
  0.00252056612544155  0.00254319397259027  0.00257205718074990  0.00260218328131397
  0.00263326538439578  0.00266932008028447  0.00270678233430603  0.00274558752031392
  0.00278680845917927  0.00283032571529651  0.00287564877118766  0.00292295768336642
  0.00297306610253950  0.00302577938696689  0.00308201406148744  0.00314011921549230
  0.00319937482540619  0.00326435845545338  0.00333276675529468  0.00340661698468464
  0.00348475097716002  0.00357587420918802  0.00368064327848208  0.00378958521803396
  0.00390487768459999  0.00401004934997743  0.00411556985935789  0.00421920736004412
  0.00432274923410053  0.00443665995420271  0.00456297148589398  0.00472010184006278
  0.00491914450129956  0.00511653392624587  0.00529147412187105  0.00546646406752807
  0.00566532219472337  0.00587666931014624  0.00614378492018832  0.00649626068915997
  0.00686714099640287  0.00724687981192293  0.00771074014806879  0.00830758476603556
  0.00905056890679656  0.00972199465573212  0.01031112716910427  0.01092181507542015
  0.01163204027803843  0.01250245034565174  0.01366634768564785  0.01481677541045758
  0.01610292351945994  0.01759873350077093  0.01979037824636207  0.02285403146409186
  0.02656662416800707  0.03088756805745630  0.03678685465747384  0.04393231159554682
  0.04879193315082551  0.05338832288006105  0.06422287677867601  0.08581558885200191
  0.11077723822038378  0.13862946320517583  0.36308734435103740  1.00000000000000000
  0.00641895082634299  0.00740198231498585  0.00824364197252003  0.00897901937042039
  0.00973389725746492  0.01054617640372557  0.01135881028330328  0.01216112615639607
  0.01297892644455695  0.01384573657186910  0.01480985579838465  0.01581971269860196
  0.01685986272090572  0.01780803530267751  0.01868157711591017  0.01947795482666693
  0.02027899440257544  0.02107309611150620  0.02193633074058546  0.02286394636884214
  0.02372953855957273  0.02464032064613394  0.02560208346800677  0.02649175150054645
  0.02741907408040428  0.02842827575439030  0.02954341229507041  0.03065657724745465
  0.03172954522968143  0.03277718045250262  0.03378627820595467  0.03476056791321509
  0.03580470894777758  0.03690961426366869  0.03797290288277012  0.03890847615609719
  0.03988203036690606  0.04102933191380750  0.04227603992383158  0.04368402674792501
  0.04499046045205142  0.04628782333463372  0.04771729762951845  0.04924694505407985
  0.05079461118951061  0.05222770637480759  0.05359406354159555  0.05503006439974274
  0.05671708730853571  0.05856517838975571  0.06075526600173092  0.06326075613631391
  0.06583438071658579  0.06822416486672063  0.07031281781260412  0.07228637912545618
  0.07414512991963018  0.07645069838727708  0.07850213796517999  0.08056565361945263
  0.08273484702497490  0.08556816506543036  0.08943495799509484  0.09265490563312695
  0.09580518775792854  0.09884362539061414  0.10181610707248165  0.10466823887542100
  0.10888162134457550  0.11519397702064810  0.11889582956749395  0.12258807073049681
  0.12667577775061761  0.13044312431462160  0.13487135786880258  0.13752722954835639
  0.14032418063351154  0.14368932038163545  0.14803344117656711  0.15376814789301679
  0.15904680904034882  0.16611048068143064  0.17318704622855921  0.18086960508319841
  0.18982745024184239  0.20070614780195561  0.21552226833234311  0.22675791984262939
  0.23653654547230146  0.24731669307772153  0.26757233918406464  0.28388156076581905
  0.29368060848811983  0.35162208090979391  0.44068487416877600  1.00000000000000000
  0.00000255418842218  0.00000267112433123  0.00000277526320122  0.00000293566106326
  0.00000312815154931  0.00000333300295892  0.00000355827526973  0.00000386595955266
  0.00000420119588245  0.00000455121944933  0.00000491287485770  0.00000528518275729
  0.00000566662566979  0.00000609463896379  0.00000652353348929  0.00000695412020412
  0.00000746349059695  0.00000805441255845  0.00000874551935680  0.00000950731544182
  0.00001033952964030  0.00001124281105136  0.00001214575092404  0.00001314113426114
  0.00001417465321397  0.00001503328800656  0.00001580377088668  0.00001658434294170
  0.00001739647516880  0.00001822295467169  0.00001934440649383  0.00002063363785594
  0.00002192782558756  0.00002349422287552  0.00002503173672296  0.00002670706917472
  0.00002857393612200  0.00003076855038835  0.00003331995490540  0.00003583036489131
  0.00003831374184896  0.00004089215936863  0.00004367399302042  0.00004689356351109
  0.00005092094365023  0.00005558724231355  0.00006097662760364  0.00006680882407879
  0.00007276407290622  0.00007848927696143  0.00008439142091243  0.00009042353352840
  0.00009737074778609  0.00010568264422167  0.00011363015516083  0.00012377974700793
  0.00013608077231532  0.00014924726467210  0.00016231632946774  0.00017481859478082
  0.00018705947783295  0.00020081633503726  0.00021711789590390  0.00023490229417515
  0.00025810358401283  0.00028641913534139  0.00031792190720192  0.00035311134700220
  0.00039258022757876  0.00043692116097434  0.00048176686491675  0.00052830785173255
  0.00058307592422694  0.00064576889537799  0.00071888781290043  0.00081847338447321
  0.00094613523690161  0.00110428993228564  0.00128380516600744  0.00149355753285661
  0.00175983703678045  0.00217116222767584  0.00274912633927999  0.00351248802248452
  0.00463861433108633  0.00596221253702583  0.00735525368320255  0.00916355347928086
  0.01172318128974429  0.01494858090960675  0.01868786712454469  0.02367416707740484
  0.03395140927595137  0.04805937741141962  0.10156444849681366  1.00000000000000000
 -0.00390005320231802  0.01886141416693641  0.03649289235785099  0.05284298941531966
  0.06823866737131706  0.08411843915343965  0.10084780623812861  0.11723893732678237
  0.13329787559360323  0.14986505746528528  0.16486884974668087  0.17989737066868838
  0.19216617857475130  0.20307021206365539  0.21282304647993153  0.22313264842273794
  0.23520072203392786  0.24733760370640678  0.25915417559837700  0.26982967300875238
  0.27967217564244756  0.28876351572567932  0.29817460462887080  0.30891206734998944
  0.32140692602950810  0.33442665798968851  0.34658978453710193  0.35807121761671784
  0.37182491302069037  0.38348951985196195  0.39464527978574443  0.40295800022874356
  0.41135063213720985  0.42079201749728473  0.43082816891833098  0.43991825398024159
  0.44936885444611163  0.45874759642501856  0.46863604052943397  0.48089122388977590
  0.49567161135119797  0.50891129089532594  0.52096835050708079  0.53310719950797691
  0.54361840848147891  0.55149605304978833  0.55880419532812109  0.56672072473434865
  0.57454283812097529  0.58241122896858011  0.59175240408050811  0.60287567623608085
  0.61363392352220769  0.62327138352601430  0.63363620697137857  0.64409731292432848
  0.65400518286949327  0.66348625534234085  0.67258725051129398  0.68204318964712629
  0.69213291852270065  0.70404083257386763  0.71718238179061666  0.72845214170443295
  0.73848401810644360  0.74808060565716517  0.75699911745192083  0.76520369802275723
  0.77332062401343316  0.78178408416498624  0.79070423188661498  0.79942044396547207
  0.80709305027574352  0.81409926753381900  0.82167208710675543  0.82855091500514388
  0.83715852912215949  0.84509194811408350  0.85344178283382344  0.86132449229585561
  0.86871845098482003  0.87658581055866902  0.88482824541719451  0.89296446965781950
  0.90078850300059110  0.90838649083910838  0.91670770999146378  0.92485184553082767
  0.93342360899146892  0.94276615258501983  0.95134149770255072  0.96000974253960503
  0.96912315074102173  0.97817827089722398  0.98804833309859119  1.00000000000000000
 -0.00050443734411215  0.00668580218062329  0.01442582310052034  0.02220653340008458
  0.03036589925875178  0.03915862831343693  0.04971469690561767  0.06074551728966642
  0.07110809958223531  0.08189580351477212  0.09201531095995334  0.10297984377066695
  0.11388980595838212  0.12487575607998971  0.13408824957726473  0.14383242367690738
  0.15246351464234459  0.16304736722846336  0.17390749032424688  0.18589298727803763
  0.19708716830840334  0.20893541364678470  0.22166807571722430  0.23341971386864344
  0.24178613057594869  0.24921034716870843  0.25731186831307173  0.26508222093321915
  0.27416569049768863  0.28422008569208207  0.29445390710203551  0.30469603247868687
  0.31538351734889525  0.32645570952192471  0.33904970889660618  0.35110445610396024
  0.36332295404722337  0.37591233574192057  0.38721794473042154  0.39798049770456950
  0.40769980058974575  0.41757411497470481  0.42921195721235866  0.44159217609040124
  0.45415907488970114  0.46469662255167482  0.47665483506456069  0.48897497550712132
  0.50076700526351303  0.51247630609633898  0.52348089278700927  0.53410178613674275
  0.54560788213601941  0.55706555757541520  0.56972399515540906  0.58242476909542795
  0.59340151182570910  0.60273159894941375  0.61219370681363661  0.62174295666307788
  0.63102338687146453  0.64033455582111221  0.65034832343955140  0.66305978202278548
  0.67678518573707924  0.69298777398111133  0.70761525352165577  0.71897527597689348
  0.72797366884826675  0.73649140193187657  0.74546436536826655  0.75565360628249478
  0.76580198260494181  0.77574596152415898  0.78629822103507407  0.79779362390340303
  0.81027001594302550  0.82351010102121036  0.83548554344654524  0.84709998774872630
  0.85860039089597417  0.86739412899705404  0.87329333605058856  0.87958449477139311
  0.88571756790781520  0.89171641574176574  0.89980611839612457  0.91038170867860235
  0.92210706479612281  0.93499785443173278  0.94691477652541012  0.95731183058880565
  0.96731708250275816  0.97889975807402430  0.98987770394861252  1.00000000000000000
 -0.00283396015751026  0.01536850870943017  0.02798872418572668  0.04040638025101296
  0.05534670165533717  0.07257782931332882  0.09027187543515462  0.10587372488940755
  0.12051791555775863  0.13501198694302866  0.14781114313241195  0.16211090337872811
  0.17648706184157384  0.19307173014726714  0.21073196210832079  0.22728657624019380
  0.24184423035894709  0.25281854410800453  0.26434406749266087  0.27671116431416670
  0.29022170195874053  0.30288959500173251  0.31385770697996479  0.32281714961682595
  0.33192564576622263  0.34106905154796935  0.35101639749926306  0.36100735414308688
  0.37051853681469277  0.38008160003358521  0.39053176750633689  0.40130157003992956
  0.41218212199143006  0.42281270387373510  0.43474683157709293  0.44903762160412514
  0.46557663026337393  0.47968007758422559  0.49100748188547616  0.50276276259860264
  0.51431793364592315  0.52471667682488088  0.53289233117357504  0.54030475114770726
  0.54742110643990349  0.55574161683826973  0.56668799477048626  0.57694400638205523
  0.58636442861927685  0.59550409905299095  0.60536874216207437  0.61686841585354280
  0.62649471534471934  0.63560978652414590  0.64466381060486821  0.65452293777986614
  0.66522240353636908  0.67507959241032678  0.68309347691464783  0.69062218296832001
  0.69829580842627792  0.70604459852055168  0.71323791538711534  0.72020634365395575
  0.72704193945246465  0.73436180311411869  0.74242501074891121  0.75012247316525327
  0.75695192480795581  0.76369175324461014  0.77076518227581825  0.77851066534711089
  0.78623970422710932  0.79403008867568892  0.80252134421674426  0.81161926071744317
  0.82028504703754557  0.82902008203645272  0.83765205550037602  0.84651629430286934
  0.85489934243573817  0.86303411606646263  0.87132750296045280  0.88048563522590195
  0.89010387858645690  0.89881984126489012  0.90639333776595843  0.91327365088276591
  0.92023522222467768  0.92740156108262062  0.93405661988510336  0.94193379963231361
  0.95281006015645109  0.96614486554586776  0.98179991634799235  1.00000000000000000
 -0.00233125188718329  0.00866550356970325  0.01881984082628996  0.02929855608092418
  0.03847489755111509  0.04774144978740823  0.05791779023840754  0.06942743673078677
  0.08116436904438315  0.09332002404346607  0.10536053440137921  0.11643969446330213
  0.12812717651430883  0.13956751119432592  0.15038549570169141  0.15943475949454133
  0.16877412076527656  0.17785939003427487  0.18689417724213447  0.19566434348006231
  0.20388871017063370  0.21372359222910203  0.22509153292627676  0.23789764631227706
  0.25018093279432319  0.26104780999356575  0.27126618202494251  0.27910284152824821
  0.28661191676093362  0.29454162227701419  0.30352519230985003  0.31339921413845756
  0.32327191694452417  0.33436949984703002  0.34568079499004900  0.35779343804921959
  0.37011801440886360  0.38307833273888053  0.39652834547320615  0.40849561204167723
  0.42071879192019784  0.43227019256530835  0.44436548818050431  0.45634230815592003
  0.46909015612536081  0.48146401002995848  0.49322296194856191  0.50427275867447097
  0.51548289544002979  0.52673331083593655  0.53743523025724849  0.54720984872708633
  0.55643175648626864  0.56538313460876699  0.57399589319045907  0.58246381987410334
  0.59171760861695610  0.60268291272887942  0.61424130151867207  0.62548512646469501
  0.63440578125333213  0.64352107460322583  0.65399705683068465  0.66876572858473615
  0.68357356229030264  0.69768184071003569  0.71112714329936244  0.72265258751709882
  0.73319507647123927  0.74350939535668226  0.75466024897097739  0.76543092598495921
  0.77456279977736708  0.78320929956634722  0.79218753441579259  0.80258118940209833
  0.81395834946991830  0.82385186442288472  0.83250175439338026  0.84203127910090270
  0.85215818805477783  0.86231390589868140  0.87193060082859897  0.88340596663944071
  0.89560379575594384  0.90768011156148787  0.91992110176700470  0.93227964545571351
  0.94494027537899394  0.95703701324641266  0.96629846776945350  0.97296906577483255
  0.98036649048833835  0.98766497894010330  0.99409788568294777  1.00000000000000000
 -0.00284245320192199  0.01475642997648460  0.02580498734975944  0.03531818185317817
  0.04291789297828302  0.05054271283907427  0.05867257413609493  0.06681690749814016
  0.07596243322676412  0.08511132854415183  0.09474601106017985  0.10457140270672347
  0.11429346636555927  0.12431210834500160  0.13534842231830443  0.14715357676092253
  0.15929075041317375  0.17231664653794795  0.18742870803285730  0.20245685659375412
  0.21476613335494871  0.22516790290583119  0.23529115585974958  0.24586480173682515
  0.25688818288896670  0.26803102483984997  0.27733969470036685  0.28643143868696913
  0.29641464129384731  0.30684361724596765  0.31687746865958266  0.32651829702638646
  0.33432633688394514  0.34346835923618102  0.35277493173233826  0.36537893383023762
  0.37959646733948510  0.39200935544712606  0.40522833641580597  0.41779969830446967
  0.42952836663232130  0.44028490480671373  0.45024365945987144  0.45969701029341220
  0.46867175471648165  0.47722740245593015  0.48896360064554650  0.49855657763968314
  0.51071954879956349  0.52324623877638188  0.53573966732289058  0.54850620639540770
  0.56064466959046932  0.57020479768877208  0.57892662938187989  0.58871779199800589
  0.60044169704660855  0.61276267519897387  0.62443315893001328  0.63643924061717194
  0.64909053809436301  0.66165013033871134  0.67265628814956901  0.68208532871871119
  0.69148163358113901  0.70113718634479039  0.71150742471274175  0.72314003431105878
  0.73477424280367598  0.74354869161291304  0.75089547091550135  0.75730908285484666
  0.76315898835884333  0.76919507934215248  0.77826660836660599  0.78861418718665477
  0.79970249942859839  0.80968368690779147  0.82218511330085353  0.83461939496902482
  0.84405670318552828  0.85317392960625749  0.86198018556445100  0.87166496325348675
  0.88211977799586783  0.89304584120621555  0.90378594676642610  0.91476176950892940
  0.92640112170926303  0.93794486732230054  0.94801577240849844  0.95924397670179196
  0.97089756193793120  0.98120512782082392  0.99020676388401574  1.00000000000000000
  0.00929630822384519  0.24715115594367404  0.33231217940369800  0.38377986055101765
  0.42638100759266856  0.46350585042458597  0.49184500784315205  0.51735838819647173
  0.54179382033044887  0.56341711185135168  0.58302905544416472  0.60068894381760973
  0.61768964193237519  0.63513827007635015  0.65141838902660698  0.66464997348132548
  0.67616152792335726  0.68768774126744703  0.69927002309691855  0.70959583746578936
  0.71872954680408130  0.72747236598451825  0.73578508897821426  0.74371168213754635
  0.75145375353392774  0.75854304952305807  0.76478255705441123  0.77077201320572752
  0.77624841776711639  0.78198091077464449  0.78810952132461209  0.79421117605874059
  0.79998814739228641  0.80537587338356331  0.81071083440491931  0.81558804306089339
  0.82009586231996667  0.82457025445613774  0.82928639939559179  0.83447185371615340
  0.83945486508674383  0.84396740087398947  0.84836948429426684  0.85273565417878483
  0.85680661602169483  0.86058384233369489  0.86435750539689238  0.86820584148926983
  0.87210482479715756  0.87604612784878166  0.87977817105722000  0.88330845253099788
  0.88657240811847637  0.88958442033511287  0.89244504059965390  0.89526473489611269
  0.89809526998486178  0.90097718894023138  0.90385374925037387  0.90657360848818935
  0.90915545658456642  0.91182727032475874  0.91466951002271757  0.91750034872239361
  0.92016832821882677  0.92270356334590864  0.92535622873273882  0.92811268702837690
  0.93108216414454092  0.93402469531164412  0.93652474265620500  0.93867702791109153
  0.94071417739910967  0.94271645257661485  0.94465274110062780  0.94647978793868082
  0.94852136370406392  0.95082984561020378  0.95319239482495377  0.95567064964733484
  0.95834926973021961  0.96125593286533950  0.96453189013768925  0.96768120482028563
  0.97043839558301292  0.97261309447113975  0.97449689385535521  0.97641663108906374
  0.97840099207126507  0.98042749190969258  0.98245491923925987  0.98446893414878711
  0.98658064123179312  0.98981462237068130  0.99446006597951320  1.00000000000000000
   1.4818967219352477E-012  -1.0000000000000000     
 F F F F F F F F F F F F F F F F F F F F F F F F F F F F F F F F
  <DiscreteSampler_grid>
  grouped_processes
  1 # 1 for a reference and 2 for a running grid.
  10 # Attribute 'min_bin_probing_points' of the grid.
  1 # Attribute 'grid_mode' of the grid. 1=='default',2=='initialization'
  0.0000000000000000 # Attribute 'small_contrib_threshold' of the grid.
  0.5000000000000000 # Attribute 'damping_power' of the grid.
 # binID   n_entries weight   weight_sqr   abs_weight
    10   10   2.834849939294802E-003   6.972308585689555E-005   2.834849939294802E-003
  </DiscreteSampler_grid>
