 -0.00416174078626175  0.00181353084394633  0.00362706168789265  0.00544059253183898
  0.00725412337578530  0.00906765421973163  0.01088118506367796  0.01269471590762428
  0.01450824675157061  0.01632177759551694  0.01813530843946326  0.01994883928340959
  0.02198039064968505  0.02421950952674381  0.02645862840380257  0.02869774728086132
  0.03093686615792008  0.03317598503497884  0.03541510391203759  0.03765422278909634
  0.03989334166615510  0.06402636616885890  0.17151173203896017  0.21342761656636758
  0.22117643805127180  0.22892525953617601  0.23667408102108015  0.24442290250598428
  0.25130748778659617  0.25597267060657380  0.26063785342655149  0.26530303624652918
  0.26996821906650686  0.27492106646113612  0.27993940286579522  0.28495773927045437
  0.28997607567511352  0.29499441207977262  0.30001274848443171  0.30503108488909075
  0.31004942129374985  0.36749758354641493  0.41823418787637973  0.42112335678067830
  0.42401252568497683  0.42690169458927540  0.42979086349357393  0.43268003239787245
  0.43556920130217103  0.43845837020646955  0.44134753911076813  0.44423670801506665
  0.44712587691936517  0.45001504582366375  0.45290421472796227  0.45579338363226085
  0.45868255253655937  0.46157172144085795  0.46446089034515653  0.46735005924945511
  0.47023922815375369  0.47312839705805226  0.47601756596235084  0.47890673486664942
  0.57698182440716705  0.66696128155300327  0.66874026230331129  0.67051924305361921
  0.67229822380392723  0.67407720455423525  0.67585618530454317  0.67763516605485119
  0.67941414680515910  0.68119312755546713  0.68297210830577504  0.68475108905608306
  0.68653006980639109  0.68814273106396540  0.68955600021130359  0.69096926935864178
  0.69238253850597986  0.69379580765331805  0.69520907680065624  0.69662234594799433
  0.69803561509533252  0.69944888424267071  0.70086215339000879  0.70227542253734698
  0.70368869168468517  0.70510196083202326  0.70651522997936145  0.70792849912669964
  0.71847039858500161  0.71847039858501160  0.71847039858502160  1.00000000000000000
  0.07875173886617019  0.08018733255702878  0.08162292624788738  0.08305851993874597
  0.08927692088724040  0.09662764593044061  0.10397837097364081  0.20889640141719718
  0.21787722016410216  0.22685803891100717  0.23583885765791210  0.24481967640481700
  0.25380049515172187  0.26278131389862680  0.28264983185471099  0.33445590451224905
  0.33647343713275846  0.33849096975326787  0.34050850237377728  0.34252603499428669
  0.34454356761479610  0.34656110023530551  0.34857863285581492  0.35059616547632433
  0.35261369809683374  0.35463123071734315  0.35664876333785256  0.35866629595836197
  0.36068382857887132  0.36270136119938073  0.36471889381989009  0.36673642644039950
  0.36875395906090891  0.37077149168141826  0.37278902430192767  0.37480655692243708
  0.37682408954294644  0.37884162216345585  0.38085915478396526  0.38287668740447461
  0.38489422002498402  0.38691175264549338  0.38892928526600279  0.39094681788651220
  0.39296435050702155  0.39498188312753096  0.46187097142952305  0.57612798050544112
  0.58891752871369640  0.59487758094098386  0.60083763316827121  0.60679768539555867
  0.61275773762284602  0.61871778985013337  0.62467784207742072  0.63063789430470807
  0.63659794653199542  0.64255799875928277  0.69730063556061117  0.81155764463652935
  0.81602353264056937  0.81957636793329736  0.82312920322602534  0.82668203851875333
  0.83023487381148131  0.83378770910420930  0.83734054439693728  0.84089337968966527
  0.84444621498239325  0.84799905027512124  0.85155188556784933  0.85467082045277876
  0.85658027875048537  0.85848973704819198  0.86039919534589870  0.86230865364360532
  0.86421811194131193  0.86612757023901854  0.86803702853672526  0.86994648683443188
  0.87185594513213849  0.87376540342984521  0.87530110963255514  0.87615307124621433
  0.87700503285987352  0.87785699447353271  0.87870895608719191  0.87956091770085110
  0.88041287931451029  0.88126484092816948  0.88211680254182867  0.88296876415548786
  0.88382072576914705  0.88467268738280624  0.88474792639414468  1.00000000000000000
  0.03499072392781590  0.03532914580051648  0.03566756767321706  0.03600598954591764
  0.03634441141861822  0.03668283329131879  0.03702125516401937  0.03735967703671995
  0.03769809890942053  0.03803652078212111  0.03837494265482169  0.03871336452752227
  0.03905178640022285  0.03939020827292342  0.03972863014562400  0.04006705201832458
  0.04040547389102516  0.04074389576372574  0.04108231763642631  0.04142073950912689
  0.04203721419882298  0.04339298235853861  0.04474875051825423  0.04610451867796987
  0.04746028683768551  0.04881605499740114  0.05017182315711677  0.05152759131683241
  0.05288335947654803  0.05423912763626366  0.05559489579597930  0.05695066395569493
  0.05830643211541056  0.05966220027512620  0.06101796843484183  0.06237373659455746
  0.06441281158661183  0.06652205844852957  0.06863130531044731  0.07074055217236505
  0.07284979903428278  0.07495904589620052  0.07706829275811826  0.07917753962003600
  0.08128678648195373  0.08642805521686520  0.16742414972168237  0.17072803333071868
  0.17403191693975500  0.17733580054879131  0.18063968415782761  0.18394356776686391
  0.18724745137590024  0.19055133498493654  0.19385521859397284  0.19715910220300914
  0.20046298581204547  0.20376686942108177  0.20707075303011807  0.21037463663915440
  0.21367852024819076  0.21698240385722709  0.22028628746626344  0.22359017107529977
  0.22689405468433613  0.26166265525879473  0.36577001290221445  0.46987737054563405
  0.54337893495304634  0.54889472762359770  0.55441052029414906  0.55992631296470052
  0.56544210563525188  0.57095789830580324  0.57647369097635459  0.58198948364690595
  0.58698669867673581  0.59181687153879803  0.59664704440086014  0.60147721726292225
  0.60717627461333068  0.61396693529999713  0.62075759598666369  0.62754825667333014
  0.63433891735999659  0.64112957804666304  0.67782759970449757  0.78193495734791718
  0.87587859572395144  0.88416202898311380  0.89244546224227628  0.90024559280615435
  0.90771126387930201  0.91517693495244967  0.97963202397028604  1.00000000000000000
   4.8317848686249544E-015  -1.0000000000000000     
 F F F F F F F F
  <DiscreteSampler_grid>
  grouped_processes
  1 # 1 for a reference and 2 for a running grid.
  10 # Attribute 'min_bin_probing_points' of the grid.
  1 # Attribute 'grid_mode' of the grid. 1=='default',2=='initialization'
  0.0000000000000000 # Attribute 'small_contrib_threshold' of the grid.
  0.5000000000000000 # Attribute 'damping_power' of the grid.
 # binID   n_entries weight   weight_sqr   abs_weight
    10   10   1.338332667742823E+001   6.727700788737772E+002   1.338332667742823E+001
  </DiscreteSampler_grid>
