  0.00008505880731577  0.00021073352238737  0.00028957470219784  0.00037940712964759
  0.00049003146735167  0.00059798520785168  0.00073781871962355  0.00091659191459162
  0.00111204717057529  0.00132443704939773  0.00154814153081068  0.00180630539322729
  0.00211339435722407  0.00247027699270229  0.00283047607558975  0.00316893055077660
  0.00349757153948526  0.00384687232498997  0.00419068485470391  0.00455027042055081
  0.00493095026377596  0.00532198739881335  0.00571589433573489  0.00611250144663066
  0.00652073148939062  0.00694132141356017  0.00739080968100932  0.00788766225689261
  0.00841802590491466  0.00896709679740665  0.00951939318488053  0.01007162336607063
  0.01065206285649882  0.01123324301726977  0.01187369527744077  0.01249837750918381
  0.01311006717805585  0.01377615546177453  0.01452641579024500  0.01524470263573314
  0.01616741172157587  0.01715173290827841  0.01814890983747676  0.01913624906476301
  0.02009685441080187  0.02105749164035805  0.02210233695618440  0.02314766883630973
  0.02416747346441153  0.02515383046588485  0.02611222415529913  0.02708813317600351
  0.02811178005250699  0.02941351787813958  0.03068479321207440  0.03192389161909098
  0.03314149822411375  0.03436904506884852  0.03585653887980390  0.03738077453962199
  0.03904594549962005  0.04084874863052433  0.04261392547389468  0.04450723203050731
  0.04644854774331388  0.04845312878687398  0.05037737409604113  0.05245151444762802
  0.05464268771558727  0.05700861053856741  0.05969156251764814  0.06292831029632211
  0.06722632875827507  0.07219832430745975  0.07561612461842972  0.07845069691601264
  0.08152268307488444  0.08412674876179992  0.08653039072918819  0.08884396330981086
  0.09222127875015720  0.09567485423079629  0.09924650594439335  0.10288703490824706
  0.10624307944802300  0.10959745459080146  0.11292290750477210  0.12218544807803226
  0.13622779591344794  0.14736055846424223  0.15686912623315355  0.16864690002615970
  0.19551439988791508  0.25246682427852440  0.35129668662416697  1.00000000000000000
  0.00000292383291799  0.00000351648546776  0.00000389685013642  0.00000426650170325
  0.00000469073071637  0.00000515431489714  0.00000565479722456  0.00000620978384147
  0.00000685579707466  0.00000758162941065  0.00000846552281208  0.00000964632491218
  0.00001104319729553  0.00001246831539235  0.00001396510666361  0.00001560344678317
  0.00001721407713356  0.00001889309392381  0.00002076353251886  0.00002285831612277
  0.00002521278364607  0.00002788024229893  0.00003092231376530  0.00003425155224688
  0.00003792584586358  0.00004219932982506  0.00004686977715802  0.00005173256876495
  0.00005712195651307  0.00006303043680979  0.00006920277566156  0.00007536700594950
  0.00008137403135679  0.00008749500908705  0.00009406116252809  0.00010053452327952
  0.00010923072083502  0.00011881906875800  0.00012929569134196  0.00014284927724349
  0.00015769586865268  0.00017055036553862  0.00018424428009213  0.00019884256597026
  0.00021442529516184  0.00023120968555763  0.00025112303293637  0.00027265032693861
  0.00029532865522318  0.00031894964193218  0.00034139194204842  0.00036164744370412
  0.00038197593508784  0.00040556341890114  0.00043515327195731  0.00046877267349575
  0.00050440236296323  0.00054439730214474  0.00058842309830299  0.00063758000594580
  0.00069173089999537  0.00075051820427484  0.00081120509303266  0.00087246223475885
  0.00093921261898653  0.00101094324765572  0.00109314026266114  0.00119280355002502
  0.00131736305732843  0.00147328726324071  0.00164984973713284  0.00183298624860991
  0.00199381805813722  0.00216909279210186  0.00236368808003879  0.00257673433192568
  0.00279690006725287  0.00308727308632868  0.00343458992126359  0.00379000965458720
  0.00415269219319601  0.00455225914351478  0.00504073666570651  0.00566889567444110
  0.00646231983349134  0.00737016985564273  0.00853008488990110  0.00992209482583108
  0.01176356648128663  0.01413057517084448  0.01763119842412780  0.02386291945169616
  0.03541869411827955  0.05102146018069081  0.26113920844919214  1.00000000000000000
  0.00008462883338644  0.00052884887747439  0.00078411397514987  0.00101564819216007
  0.00121644254532639  0.00142694661947427  0.00167184830702666  0.00194952387544173
  0.00227919707180823  0.00264403388679315  0.00302413987332747  0.00346798613302819
  0.00400062914709922  0.00459612146135819  0.00519172201895985  0.00582007977565615
  0.00651506202475784  0.00724579975832171  0.00799021715478846  0.00874627235235113
  0.00945543039293679  0.01015588997018525  0.01089130407563578  0.01169406182123251
  0.01254775346027387  0.01346275422515121  0.01442445606745129  0.01546156813908205
  0.01643740658011986  0.01721292410072821  0.01803307695904841  0.01896830827089473
  0.01991769217246527  0.02094990812340653  0.02239863308331398  0.02384099771095585
  0.02501873329510069  0.02617625071437664  0.02730068184561293  0.02832162404277007
  0.02932242769274325  0.03033700904200970  0.03138647168635148  0.03246966050439899
  0.03363086427952565  0.03482000815034220  0.03594379293131319  0.03695219290072405
  0.03794945734909842  0.03904053118602954  0.04005533824404963  0.04103898874751221
  0.04205132589537425  0.04310075864219566  0.04451312188241286  0.04602069691581388
  0.04784404477096124  0.04993569811326369  0.05221403976006340  0.05418540240487350
  0.05576332565960387  0.05716693599465229  0.05849992308343131  0.05993582398238966
  0.06142598918907181  0.06294318984219271  0.06506717639931719  0.06712165765626758
  0.06928508709491413  0.07145103011128812  0.07371451716426393  0.07614444264424378
  0.07858793390577118  0.08088730195632796  0.08352169796191396  0.08608129835690295
  0.08855616854616787  0.09092356753577034  0.09350889052683954  0.09630176789269644
  0.09940379833766740  0.10284912232300397  0.11018662090898371  0.12964114284609987
  0.14151934359166210  0.15198636754877182  0.15311289673131057  0.15443798537944511
  0.15719840683392383  0.16018956851982744  0.16464811035553364  0.16950378407201622
  0.17468559304101935  0.17996251839106775  0.23683205900886309  1.00000000000000000
 -0.00227263499942437  0.00993608382435367  0.01689912758541672  0.02452072093811682
  0.03247077154397052  0.04267912536000067  0.05518903226821696  0.06775632704487786
  0.07995643637605175  0.09223222699629061  0.10597476584011041  0.12099080041562267
  0.13327696816265142  0.14326581038580680  0.15221854428633916  0.16090404927352095
  0.17013990948855762  0.18028690149528587  0.18869714625307027  0.19778774045773281
  0.20665836556357664  0.21559584207805041  0.22531345717573620  0.23488030686751671
  0.24437098414058805  0.25405380954031004  0.26323798377147833  0.27150011782160832
  0.27971084148675351  0.28779713653076150  0.29944867240374740  0.31232421326603976
  0.32391949023130340  0.33449792613613777  0.34351195992909123  0.35258843888444902
  0.36184965456203755  0.37059943478189261  0.37879773579557552  0.38661951728498428
  0.39513815832520105  0.40482326669053370  0.41526410158635396  0.42397954965959150
  0.43300538190062449  0.44342071806275851  0.45432901209512955  0.46504232589718258
  0.47393139292963854  0.48275056262765675  0.49267964957272292  0.50341999957222106
  0.51326679219618399  0.52288616783866249  0.53459476764942393  0.54655835969702671
  0.55752014427693330  0.56784959437146987  0.57793038579956513  0.58793420235124216
  0.59818396769594728  0.61024489882613320  0.62511065127206156  0.63857159173139399
  0.65082620657046586  0.66151030916452214  0.67238531905189713  0.68145143158474974
  0.69212285179865052  0.70224937370844887  0.71267540836662002  0.72249596980109465
  0.73268828169358202  0.74352775981740671  0.75518209031561812  0.76720319148841654
  0.77894981186204304  0.79071832394380492  0.80309628333949457  0.81579113621869659
  0.82877844806336853  0.83988328227271125  0.85030025076075111  0.86104246821143970
  0.87175226784790172  0.88239245905565378  0.89205185109382346  0.90268251507368014
  0.91485182004876886  0.92735916282619513  0.93986597696875129  0.95207478408185875
  0.96456393416363140  0.97703546271239194  0.98869244423201552  1.00000000000000000
 -0.00011419884751540  0.01614047449963182  0.02676490374784956  0.03467553775271665
  0.04131874335302702  0.04683114556553632  0.05186598741257109  0.05671319641159217
  0.06120934261840533  0.06508421060369965  0.06873225930670664  0.07209788968028269
  0.07549805440988402  0.07887758586012376  0.08230076096043504  0.08580156157159795
  0.08894582287887312  0.09172437954733362  0.09454943178095607  0.09743251317242702
  0.10054776911725466  0.10356278574002198  0.10642107470094257  0.10916623965036744
  0.11192034902876163  0.11472409269006444  0.11766508488691574  0.12076146957771143
  0.12392677630054479  0.12697935695183821  0.12976176375844745  0.13207797396021509
  0.13433482956789147  0.13663488478731139  0.13845152395094604  0.14091376228720046
  0.14327675445298460  0.14560175758028360  0.14795108361325957  0.15027093338690869
  0.15243913070291548  0.15460875788780495  0.15662503924125531  0.15866952098585244
  0.16071922263525598  0.16250699957199050  0.16410306116870951  0.16564669595481929
  0.16716538596779618  0.16869192322333507  0.17070098039850715  0.17262086033390242
  0.17449902259760308  0.17698759722806423  0.17920598802885507  0.18121024726892132
  0.18321966632132572  0.18563607961811932  0.18879270541202364  0.19212149524712321
  0.19477974749600341  0.19671055899774187  0.19881424459438637  0.20022093979674002
  0.20121137218528887  0.20251308003283408  0.20388398859601042  0.20540050667910426
  0.20692919811912985  0.21041763106901412  0.21368927546553698  0.21695459545742249
  0.22028664926862909  0.22408010677659410  0.22907714952994052  0.23653334133001902
  0.24467877140506944  0.25255647428493527  0.26077566866275076  0.26839189784258349
  0.27483889112339877  0.28196195570199883  0.28943038217762368  0.29573215447889817
  0.30163844216948188  0.30840002180321557  0.31680186317945486  0.32870201370440394
  0.34595826885188746  0.36349907371912754  0.37623794439580915  0.39163940581848078
  0.42485580422629859  0.49053936827469696  0.73189574445668359  1.00000000000000000
 -0.00245051194162657  0.01021448098911358  0.01995507454186195  0.03063627054988095
  0.04239989865508095  0.05562221975511301  0.06814171605680461  0.08097751900320978
  0.09257944339038555  0.10359671711305297  0.11429675438079341  0.12434938381911050
  0.13398203928220839  0.14269239116886320  0.15133975329657293  0.15970748327168474
  0.16933480967338227  0.17970664000990594  0.18937160961518040  0.20129285912077666
  0.21442800980563614  0.22917542940865612  0.24306453916944198  0.25455741206958205
  0.26483055788417736  0.27500038275836819  0.28691727172457004  0.29828611024301344
  0.30836749459394985  0.31999677636939222  0.33111941465848099  0.34159960507010090
  0.35185178655197608  0.36230969276415043  0.37415243091094730  0.38517785794412313
  0.39685625695006155  0.40682486447147037  0.41777539169905559  0.42880640613940507
  0.43931901121397582  0.44932496107850117  0.46011695842281392  0.47106927293378564
  0.48233704271404743  0.49281802993586671  0.50295487974056874  0.51365613272622623
  0.52522708966452603  0.53706182570756045  0.54763523762883559  0.55690024264859805
  0.56533736418464797  0.57311676225622110  0.58117551240900023  0.58999414934064254
  0.59826157152740467  0.60600067376190758  0.61470064221031584  0.62378022241236686
  0.63446055473536456  0.64631845257328446  0.65772133493300033  0.67021550070058800
  0.68155864808778788  0.69331833248630925  0.70526260558392606  0.71578458129908540
  0.72541860329855701  0.73471386989403697  0.74396374773903950  0.75343138326937542
  0.76286317712900054  0.77307672042560738  0.78491545136068797  0.79669754876779764
  0.80736923084206069  0.81711820989377970  0.82537934598014984  0.83246401485565846
  0.83904373310695601  0.84597926324583761  0.85331357496800664  0.86307585400086495
  0.87289208796663931  0.88252514574456431  0.89202909821633802  0.90180630654483940
  0.91320296865786021  0.92417634409079596  0.93530511897631519  0.94712712620410699
  0.95995700514711801  0.97268867398799097  0.98584333938017754  1.00000000000000000
  0.00142105785504391  0.00543296016637093  0.00951838126848855  0.01289150976856058
  0.01597152907547034  0.01876287451843421  0.02125901565955779  0.02347287290001194
  0.02539488757532333  0.02723905550080723  0.02896853729070205  0.03070459973723041
  0.03248843620065588  0.03434386562813143  0.03623124798644095  0.03811558981010305
  0.04003721963148386  0.04169387653413920  0.04318244464620668  0.04453318675285940
  0.04589958150097797  0.04724617683312460  0.04864153717167195  0.04999693329456120
  0.05133939572909266  0.05274471521579110  0.05413400158764736  0.05538804760630259
  0.05653584100764449  0.05770921883857256  0.05896024855849262  0.06021611155254723
  0.06145980065100415  0.06254954723400991  0.06349536116273735  0.06440501674985245
  0.06538195524589535  0.06659391057122489  0.06802356608884659  0.06957038388037079
  0.07124785070391716  0.07280087198149635  0.07424597153653427  0.07559378208494832
  0.07682893473908142  0.07800760845183488  0.07919989512843183  0.08053723378040667
  0.08206715272372904  0.08361139828626860  0.08503622626153594  0.08651141211387577
  0.08811527933281955  0.08983315085258686  0.09140635312193224  0.09289227090353770
  0.09444383031986228  0.09636715082548038  0.09841678130126277  0.10002410894916147
  0.10127678531512097  0.10248670126308658  0.10372367820773082  0.10509760916419059
  0.10674161166782258  0.10835903651745631  0.11013715661126523  0.11268468294656621
  0.11516268882249311  0.11711306767906340  0.11922002176401313  0.12113910892248160
  0.12281821281030236  0.12436339225078374  0.12749772257324196  0.13080641318042466
  0.13444643045203755  0.13837881811510017  0.14297639275298984  0.14943271013360840
  0.15467896813874837  0.15890678058638238  0.16321961169234167  0.16777311824611804
  0.17232662479989441  0.17639330300713232  0.18044652077279319  0.18553974090909853
  0.19356723287176003  0.20261411690975142  0.21241267345572046  0.22864486218938576
  0.25354963432645283  0.25740406748970840  0.56390309401830874  1.00000000000000000
 -0.00210974977091020  0.01189177318485548  0.02366204269950752  0.03635693806355353
  0.04962250190021059  0.06021967203418191  0.07059400076844440  0.08066083426078066
  0.09178234768906965  0.10476907449913619  0.11334362071365590  0.12264623558846591
  0.13158607404768519  0.13948475571558533  0.14786090517325254  0.15579933109562510
  0.16413507405581912  0.17289417660686524  0.18208773293794503  0.19153205565941789
  0.20132062772025339  0.21164692438651600  0.22198455655813387  0.23316519111579848
  0.24461466814700278  0.25592902157464192  0.26570621956555585  0.27499437842245339
  0.28452514913367455  0.29481233423870201  0.30686215501858854  0.31993581499885765
  0.33198301275714232  0.34276451673912195  0.35298359262062146  0.36354083348047284
  0.37411623786045761  0.38431702896554304  0.39465868756314737  0.40617179229724870
  0.41786978503276162  0.42842240465889986  0.43853151738290475  0.44923279503870422
  0.45939227782888747  0.46944658009976364  0.48071218864501020  0.49496659831532835
  0.50751529622657798  0.51859541479246152  0.52964583686534794  0.54065859270936667
  0.55166154285961166  0.56228354381196066  0.57681889448043611  0.59028403183282041
  0.60270483328707580  0.61385706278763763  0.62598714746690642  0.63622869969554596
  0.64552468915169592  0.65450296877389202  0.66323422109166830  0.67229624882922090
  0.68359654976215212  0.69529165855722408  0.70704049111560008  0.71796168002179472
  0.72914143462624104  0.73997480841950136  0.75049764297676513  0.76039028323459146
  0.76998605273251519  0.77971490556090250  0.78881557707621675  0.79729059140583536
  0.80475926966996658  0.81296883179990098  0.82158500716451777  0.83174095821781557
  0.84105570314977762  0.85057306693717305  0.86138765293356956  0.87286756024649603
  0.88193829846477156  0.89002628145814200  0.89878013021355130  0.90759285632508047
  0.91624769817160245  0.92490597688285392  0.93460202540760895  0.94558563659786576
  0.95768050124404325  0.97199873764498468  0.98601080485816017  1.00000000000000000
  0.02104761634038665  0.35976090105406638  0.47527157368686851  0.53734693904389730
  0.58249623038765685  0.62051130088285178  0.65293033750951290  0.67789308518556457
  0.69922501676041371  0.71828938295851741  0.73432798111813880  0.74778708129007154
  0.76042908831564371  0.77334160273496577  0.78534507966022460  0.79630787111988555
  0.80614921866078348  0.81535401791515461  0.82378681514814833  0.83210838585676872
  0.84004607603538461  0.84764625506536573  0.85442388508150280  0.86046321545203686
  0.86621836119629025  0.87184850753744980  0.87718304559239402  0.88216900135122167
  0.88711669258101289  0.89192964417995457  0.89631043534415156  0.90044189001860975
  0.90426303150187648  0.90802654281897410  0.91176947493876737  0.91534459712615968
  0.91860274673647513  0.92155192841020750  0.92449116764909212  0.92735497654941756
  0.93026328719337892  0.93306306161770258  0.93575950772716787  0.93798707261312952
  0.93990201647392579  0.94171533710994182  0.94353169761873623  0.94537485164157253
  0.94719062442724611  0.94896584228882408  0.95076378760472091  0.95254827569202516
  0.95432607783148682  0.95593433249258797  0.95739997551281253  0.95877535297568617
  0.96003394471733572  0.96114647885649396  0.96224045619810805  0.96330611380726638
  0.96438450654532215  0.96545716547747418  0.96649483737197450  0.96753535758493958
  0.96859108555794660  0.96962595800245543  0.97060326208076331  0.97157661660775219
  0.97256778876348504  0.97357632152311924  0.97459444676903417  0.97559673561811111
  0.97649195271220346  0.97737442900357041  0.97821085776447581  0.97899260030636992
  0.97978080070525531  0.98047184262998266  0.98114347997399143  0.98181932497142077
  0.98250862766109082  0.98319291001851938  0.98391330466266735  0.98463415895187456
  0.98532340030511967  0.98609828965396540  0.98686739080340247  0.98762724700341398
  0.98851067993558617  0.98938361711678025  0.99025790795253488  0.99125876794325296
  0.99238224761549387  0.99373994962627721  0.99570099578309124  1.00000000000000000
   5.5244017041329248E-017  -1.0000000000000000     
 F F F F F F F F F F F F F F F F F F F F F F F F F F F F F F F F
  <DiscreteSampler_grid>
  grouped_processes
  1 # 1 for a reference and 2 for a running grid.
  10 # Attribute 'min_bin_probing_points' of the grid.
  1 # Attribute 'grid_mode' of the grid. 1=='default',2=='initialization'
  0.0000000000000000 # Attribute 'small_contrib_threshold' of the grid.
  0.5000000000000000 # Attribute 'damping_power' of the grid.
 # binID   n_entries weight   weight_sqr   abs_weight
    10   10   1.379840239851092E-007   1.515318965645096E-013   1.379840239851092E-007
  </DiscreteSampler_grid>
