  0.00105999804917983  0.00166486149493138  0.00207602575005101  0.00235420879362803
  0.00260710130014122  0.00292175125819003  0.00326261702889180  0.00357951308585585
  0.00384455422108577  0.00411302160223177  0.00443648766451338  0.00475363528044315
  0.00502993115598163  0.00533705441755809  0.00569172129107556  0.00605345533700296
  0.00641302979853376  0.00682926958125249  0.00721765905832153  0.00774980421016548
  0.00831656694563404  0.00882587757025884  0.00936606750756807  0.00988816113671039
  0.01044955458270376  0.01102606073929825  0.01165173435262142  0.01235385594456687
  0.01311317143200704  0.01386082122760676  0.01460302008010770  0.01537977427451123
  0.01634913557764890  0.01729269425474690  0.01820050974121062  0.01915500026656503
  0.02010487301368950  0.02095425666992276  0.02178148321726067  0.02265512660074737
  0.02411244172639943  0.02553878109650152  0.02658277341725907  0.02749879711494918
  0.02836256875879813  0.02915067213727296  0.02996978928508692  0.03080864853218168
  0.03140434457816411  0.03192281360057448  0.03250658234422480  0.03321575332932614
  0.03392314003124829  0.03448732436587566  0.03499984309176815  0.03561693503986808
  0.03625659556407787  0.03686105360900036  0.03756306960871888  0.03832857004439998
  0.03912383517786205  0.04043960071441815  0.04229089405302190  0.04422587092691103
  0.04607883701092994  0.04817569914309567  0.05087030886262810  0.05473250640223158
  0.05904320213874827  0.06274034909589833  0.06633751388754217  0.07029638797022845
  0.07494028422763627  0.08027498262089401  0.08526583958046467  0.08982538655199079
  0.09517162935340316  0.09998813280786389  0.10419762959947665  0.10804893743117645
  0.11202614115855590  0.11680303084651426  0.12334825784260658  0.13145205967645648
  0.13950075647951840  0.14795961564725624  0.15634567714488878  0.17563367234880373
  0.19485101460312765  0.20857352622944950  0.25697977972242025  0.32551885482731985
  0.37248587295713892  0.45498615506193363  0.60675148836401149  1.00000000000000000
 -0.00001833714064577  0.00127268636826226  0.00369972102569818  0.00598626389303732
  0.00826557608071887  0.01049759498329467  0.01305973646972399  0.01570557174423825
  0.01795091595626905  0.02021033915416137  0.02242434769529748  0.02446451076645699
  0.02645292253436846  0.02846027703114791  0.03017136888045841  0.03181394755972734
  0.03371852741688652  0.03587998695571034  0.03802292598039395  0.04005367831446052
  0.04210293425929698  0.04435451146895612  0.04694415325934410  0.05009103194520986
  0.05341239097652423  0.05622938959728072  0.05864487992940023  0.06087595250470539
  0.06309756508739228  0.06563257432720924  0.06848814377326973  0.07129665356706741
  0.07403955157605119  0.07678094482629511  0.07949504253990045  0.08188099878422947
  0.08441016802922013  0.08671661177712330  0.08907884696332430  0.09153296287377866
  0.09410755001314364  0.09690579715388033  0.10261245856389691  0.10967794132858041
  0.11761023278359538  0.12159776389540872  0.12529673695399077  0.12863755933435297
  0.13214020657298542  0.13628577944162976  0.14073593817712671  0.14568733067757594
  0.15090535260217092  0.15597348576853029  0.15956886126958894  0.16244383201859472
  0.16504276714302318  0.16744104596376000  0.16987889943774748  0.17247683553815088
  0.17512816641988507  0.17782939021735628  0.18068692175559614  0.18401627088368055
  0.18811196603116342  0.19341169309662681  0.19750008704787869  0.20144431702177956
  0.20533421945629385  0.20973131334414682  0.21456738834216110  0.21854157907787930
  0.22199001613060304  0.22520094185325590  0.22882417125960797  0.23278838197534865
  0.23715020497739708  0.24123244171165148  0.24549979698143307  0.25167020016364910
  0.26490350884347180  0.27942661726618162  0.29053456062014255  0.30005723461524419
  0.31147963582669119  0.32233517271959866  0.33678879466717904  0.35303739676249896
  0.36424460910103185  0.37594493560670628  0.38821803122374249  0.39785569519431685
  0.40563006181978467  0.41511299294811965  0.42716757352913398  1.00000000000000000
  0.00027860471681542  0.00032617647884415  0.00037374824087289  0.00043881224351898
  0.00051651094721950  0.00067931782100172  0.00087312299767411  0.00102406285859498
  0.00115505240812202  0.00132763519539591  0.00154467634822017  0.00177643418149429
  0.00211083411976401  0.00247748193389377  0.00290967138636892  0.00337685417088992
  0.00402834602152720  0.00481542375896523  0.00540859925684222  0.00601752067042366
  0.00676039720955615  0.00778325510293864  0.00889897847445487  0.01025466265467806
  0.01125271609538575  0.01231275776452827  0.01340629066450106  0.01486403645995007
  0.01649783463935565  0.01821153333023726  0.01986524422865486  0.02146783937508766
  0.02306445640054012  0.02483748392035456  0.02658367992927563  0.02802206574116558
  0.02941237860733793  0.03098000192069147  0.03283795392863627  0.03513584162523841
  0.03616648844478700  0.03731131819220257  0.03845879466697455  0.03963771174789655
  0.04081983936923656  0.04194888380497256  0.04300903591752151  0.04422341852853447
  0.04618485042519119  0.04807769821625022  0.04996149206065474  0.05163786027889294
  0.05322401546742454  0.05476687931514521  0.05659878479417858  0.05861193708176648
  0.06155231783843074  0.06509253261954479  0.06965811051341354  0.07224753681936401
  0.07419321866442295  0.07641040408882496  0.07895409216868418  0.08187371915049944
  0.08487895740821820  0.08939026737195305  0.09527279642703197  0.09988435349734165
  0.10232104316204560  0.10472397373798047  0.10730347284409039  0.11020157736019627
  0.11351583981253678  0.11661376653664003  0.11965362801332891  0.12281762313900167
  0.12655102031331186  0.13042580979897797  0.13438885886465007  0.13983321224693643
  0.14894653954215292  0.16551967622242925  0.18637336739502616  0.20848168874482553
  0.21312815779921054  0.21707320797985252  0.22125499615537550  0.22566719250528297
  0.22949580767814845  0.23364712667476653  0.23796659539959905  0.24168013610514130
  0.24286350228774839  0.28754409912833467  0.37663365226739010  1.00000000000000000
 -0.00243368085131051  0.00990987458901066  0.01985365573097484  0.02856485630545930
  0.03672482944910226  0.04449017282043061  0.05200217130586411  0.05967657760407304
  0.06783997163102196  0.07684037798528900  0.08661780935011655  0.09673442817154695
  0.10484250944384020  0.11013862642246408  0.11495454091003209  0.11957901997386414
  0.12409346049138292  0.12904261864399821  0.13381450081348603  0.13921257183833116
  0.14387116769951841  0.14816285867689541  0.15125724404509691  0.15421612498486864
  0.15729199764826687  0.16120858070295724  0.16587163839186628  0.17318828333426434
  0.18186036092405186  0.18909260273059569  0.19494048728785271  0.20074513107528053
  0.20756462911518034  0.21447681519330430  0.22076607491738359  0.22619936407484570
  0.23230325068693769  0.23883607253312689  0.24597963481435325  0.26012367992145957
  0.27250366837806572  0.28114225708629370  0.28797380905708947  0.29452696560495634
  0.30100493754962299  0.30802083666318075  0.31636369436302270  0.32436817226422665
  0.33070470537804919  0.33718488371141458  0.34397098737743603  0.35038133547553990
  0.35649582707595978  0.36347129953444768  0.37251530215561340  0.38087808580175403
  0.38852136234960022  0.39635253565282497  0.40468813129065073  0.41209821734346319
  0.42019607217469740  0.43172893898085124  0.44070240639971514  0.44772466780272663
  0.45500601124683876  0.46285206811490620  0.47375877634328240  0.48598800215051169
  0.49748209127944765  0.51355423814473944  0.52901346383353620  0.53859905175962386
  0.55036141191867449  0.56005452133679601  0.56874751425445202  0.57774112828931534
  0.58918352842317301  0.60603658925630655  0.62186360466119117  0.63703365072134155
  0.64961953047953869  0.66106728271401782  0.67374558499008730  0.68719275133927638
  0.69985596692451102  0.71349352939496591  0.72948192857873606  0.75446231407707043
  0.78648068862437637  0.82643047888447085  0.86163004273174171  0.88519900655822148
  0.90587520637114372  0.92632847619081138  0.95295636831930375  1.00000000000000000
 -0.00204763132980192  0.00954586362543010  0.01799735766467376  0.02723944045054894
  0.03734586690482883  0.04665738688109498  0.05397649057016828  0.06133507723715487
  0.07017701565023060  0.08084358840147850  0.09218199377640647  0.10472625353939916
  0.11866736305666392  0.12823945226696501  0.13706354667316234  0.14623913086359519
  0.15770273928020770  0.17268977061626550  0.19376349633313106  0.21134090705897476
  0.21760357422302323  0.22440882903669254  0.23011977526586555  0.23672395011719785
  0.24302412205760315  0.24859341611965291  0.25505652767647763  0.26232478034015166
  0.26811423158004194  0.28347871249300161  0.29833869895036330  0.31053853241881368
  0.32182561855226427  0.33340438799444322  0.34343068462789211  0.35206635610112741
  0.36498107061706492  0.37599015118190104  0.38632549198100302  0.39662036095209169
  0.40663262052110755  0.41823945127188783  0.42758646717738130  0.43665275531457654
  0.44588773709625129  0.45516246906358049  0.46430946833708087  0.47274924304897809
  0.48082807252781723  0.48970050365415019  0.50095809167969108  0.51536553298215781
  0.53329199371832103  0.54940683961738213  0.56163877241512228  0.57186307734788622
  0.58028193140843864  0.58987898470432132  0.60088195956072454  0.61454350114465905
  0.62767245669511074  0.64082746761972642  0.65732293224516802  0.66815543166412705
  0.67709199770738149  0.68699297891019229  0.69546761285483283  0.70211593998489696
  0.70874353584001104  0.71658725616031960  0.72608273936748979  0.73592612817070413
  0.74494347977932296  0.75446545479274429  0.76409121942580638  0.77546960481582616
  0.79117021872685556  0.81060354799322754  0.82768610437891432  0.84564301217238758
  0.85788290947830370  0.86490642091891379  0.87202913935189363  0.87867735396248881
  0.88590995891996516  0.89338912100275847  0.90231289169371753  0.91188424633931597
  0.92237241451562413  0.93617298626122136  0.94508749076828957  0.95519273918293934
  0.96605433947859642  0.97718402906552126  0.98871938537039139  1.00000000000000000
 -0.00311510174445043  0.00878017056603576  0.01898219481716942  0.02865641547003670
  0.03854067077629198  0.04784689081155091  0.06004320129558468  0.07383906384102690
  0.08429204320797988  0.09243508609650422  0.10039025273478351  0.10921842754318539
  0.12025280947993461  0.13407313486758748  0.14948592529951205  0.16602573983290003
  0.17370209470958300  0.18134737177084129  0.18954588277415815  0.19948610869855546
  0.20990843008976304  0.21686954132775352  0.22277338032810953  0.22784105013526740
  0.23322441095141755  0.23998177177827085  0.24507776291691513  0.25008760775509603
  0.25615933100333299  0.26288041519810001  0.26867782713536104  0.27637800681943142
  0.28735491551115439  0.29713421941710066  0.30737554446224680  0.31759677326695013
  0.32689998650033258  0.33596561759939259  0.34404716147731584  0.35317938041387476
  0.36456392942504295  0.37873423671784945  0.39289545635998752  0.40439252891126415
  0.41593623206484931  0.42772315085904211  0.43980816076612272  0.45413019120738574
  0.46808915154129860  0.48224419340441854  0.49301262045251559  0.50383875702114567
  0.51372234549237172  0.52433746075368082  0.53653930262686589  0.54938411529697262
  0.56300736484928460  0.57651734708647684  0.58781093189475542  0.59549603867689072
  0.60185390665912764  0.60855748914820673  0.61679026393515790  0.62606021242367038
  0.63500434368795378  0.64454647436743895  0.65904967080257970  0.67780682834423922
  0.69919476084208576  0.71278672612496141  0.72118586089972092  0.73050451761784296
  0.73864360036360843  0.74614658527590838  0.75279802443829191  0.75941435332120244
  0.76585533509143444  0.77700692344561806  0.78868123990128935  0.79865054773340027
  0.80837687047210005  0.81785599658372687  0.82745269827348333  0.84270224063885157
  0.86168950066052807  0.88061856593273824  0.89524884782929370  0.91379841152060903
  0.93036083298877947  0.94121912588408874  0.95074236204651152  0.95977102332742459
  0.96923145660831000  0.98078890765146154  0.99089975836851796  1.00000000000000000
  0.00333924464779920  0.02377298296882398  0.03520961362226533  0.04412572676987979
  0.05254427335356872  0.06069988098980461  0.06625701238039047  0.06998624895066821
  0.07333663682461158  0.07692326612088711  0.08024849216602460  0.08339106268126897
  0.08617648624362736  0.08892907152515167  0.09183349242819654  0.09470203213050922
  0.09764002106500155  0.10051804347473380  0.10322422114477582  0.10609873134035759
  0.10898370497569282  0.11180980639284845  0.11427140417898768  0.11661948380165718
  0.11956121952940699  0.12261309497128753  0.12545217028680541  0.12920676569075576
  0.13314017289799249  0.13702364884006449  0.14118810057102971  0.14552190978356855
  0.14965584656885306  0.15395327589803304  0.15798611959146011  0.16169712894787783
  0.16519324654480261  0.16850036430566520  0.17180472076493303  0.17527333895727884
  0.17882826669219196  0.18258600355340640  0.18559888401335348  0.18818877670786568
  0.19069016577258177  0.19277665444851619  0.19522580345892521  0.19758234385439563
  0.19996760591837764  0.20261028728719041  0.20572212427142766  0.21010359047719038
  0.21555950666753251  0.22052279229097763  0.22600068820453442  0.23118846705951479
  0.23555327304778464  0.23933189395263829  0.24317792345620154  0.24684029504042579
  0.25018381278592589  0.25331021070420584  0.25625001198412778  0.25965609492938357
  0.26298929715822467  0.26743633438097569  0.27216198287182081  0.27757585370593468
  0.28325441594858208  0.28890747458569249  0.29363977006927616  0.30203212344664593
  0.31039869158934374  0.31745193009560924  0.32391082413012712  0.33141317240067192
  0.34065344041714030  0.35023840285045160  0.36013182627762230  0.37041441128713848
  0.39410823375393833  0.40914989576204225  0.41988501945247841  0.42765743277018259
  0.43395679894368733  0.44043415754004422  0.44877606459568403  0.45953762612533122
  0.47445244115329965  0.49502336307995448  0.50884278854695519  0.51882968512289274
  0.52775727535888328  0.53586995056064768  0.70702878098973554  1.00000000000000000
 -0.00227171213363968  0.00668280743344332  0.01501940986411655  0.02310196278198394
  0.03057229660846831  0.03746988013989479  0.04405406375101806  0.05118871206063897
  0.05924850647484910  0.06830214614912615  0.07660867396454536  0.08362682712308979
  0.09010285833698937  0.09711715300012662  0.10590613926400244  0.11580234859236886
  0.12503383428636097  0.13347433122318855  0.14198917950634715  0.15152050758753599
  0.16229826060370656  0.17225371997804734  0.17920791843609651  0.18621386171222337
  0.19359246171547001  0.20188616586066260  0.21309958848883201  0.22522956112655371
  0.23894343113148547  0.25391491091982538  0.26413362688067271  0.27316067418244272
  0.28177863524946484  0.29102521404065890  0.30198544059147664  0.31312382149598161
  0.32479574737208039  0.33759146063279794  0.35311807953184332  0.37256047187004704
  0.39707258580697835  0.41711095887332078  0.42820473403521919  0.43638559256019138
  0.44608060153563345  0.45552918589099667  0.46578829873650429  0.47529724152535796
  0.48676563633668202  0.50259264570011808  0.51946805731544721  0.53380443291143920
  0.54691336346684505  0.55932829958873764  0.57054505035155456  0.58161327583984301
  0.59707396299314508  0.61257740138287942  0.62358034789470540  0.63677731851550434
  0.64957922528729028  0.66015363058009857  0.66879450409413099  0.67991888741950124
  0.68750494474084101  0.69270167969244612  0.69722261012611308  0.70312021881685027
  0.70989981878672537  0.71653573127838099  0.72276346391270274  0.72886981385934202
  0.73420762532688688  0.74089086717041908  0.74702112235854923  0.75961265652550780
  0.78304583023668084  0.80663905370317257  0.82844419377224499  0.84275483130619133
  0.85460388418579591  0.86601264972076120  0.87697687238397093  0.88711864086185255
  0.89633298089256908  0.90497336623532498  0.91375342935702064  0.92250797474719692
  0.93189434310838748  0.94240062202255959  0.95370861543068630  0.96519642632987968
  0.97400914288111184  0.98301085438766478  0.99176756967977264  1.00000000000000000
 -0.00926964441592079  0.64141856896664595  0.75681340290958676  0.81626636693142041
  0.85357161311383845  0.87485734859891762  0.89084034032350812  0.90158316388275694
  0.91098307708522985  0.92012043594184945  0.92806107129173598  0.93288544848014288
  0.93676297145592191  0.93974276273596369  0.94344758169357246  0.94685933888358631
  0.95002863657840664  0.95257496125969776  0.95475152579554012  0.95679031477406762
  0.95850170164251847  0.95992140499803158  0.96091353118384515  0.96182148509062682
  0.96273713632112567  0.96366871071133864  0.96480337932733773  0.96594937177372897
  0.96705317576604188  0.96798758763821846  0.96877239114854630  0.96953963260472720
  0.97037334863724367  0.97120541107707936  0.97204742605586436  0.97277812478537729
  0.97340811725796150  0.97393520862589500  0.97435402887490807  0.97479508853261210
  0.97524612297543978  0.97572104410343263  0.97623441146672041  0.97673595472682417
  0.97723202641978568  0.97775477775946251  0.97828076075048798  0.97884883978880477
  0.97948369609036134  0.98009181883402274  0.98066472265147897  0.98119341697959783
  0.98172114599578297  0.98222976638097437  0.98268075192001103  0.98309204471577538
  0.98350509053604596  0.98392368639865735  0.98435164558943722  0.98478068053020529
  0.98519886414135616  0.98558905695144039  0.98594723633323511  0.98629783380179581
  0.98664294932621277  0.98698242907907785  0.98735851963840993  0.98774870393098602
  0.98813601611371848  0.98848200678882192  0.98882428495065555  0.98916705919835302
  0.98951718661129240  0.98992238674515687  0.99033575203089752  0.99075615392964222
  0.99118042841133558  0.99156084900402686  0.99194385342796332  0.99231118583628353
  0.99266118684623161  0.99301429711935330  0.99334785601392239  0.99367648549632326
  0.99402242155078735  0.99440306853623717  0.99478422723818982  0.99515185092626579
  0.99550700641040102  0.99585241439762162  0.99620728212198340  0.99659856286973170
  0.99708508785606265  0.99765858892976411  0.99855520149847465  1.00000000000000000
   7.7530966232208362E-017  -1.0000000000000000     
 F F F F F F F F F F F F F F F F F F F F F F F F F F F F F F F F
  <DiscreteSampler_grid>
  grouped_processes
  1 # 1 for a reference and 2 for a running grid.
  10 # Attribute 'min_bin_probing_points' of the grid.
  1 # Attribute 'grid_mode' of the grid. 1=='default',2=='initialization'
  0.0000000000000000 # Attribute 'small_contrib_threshold' of the grid.
  0.5000000000000000 # Attribute 'damping_power' of the grid.
 # binID   n_entries weight   weight_sqr   abs_weight
    10   10   6.879690832804450E-013   3.084336246809201E-024   6.879690832804450E-013
  </DiscreteSampler_grid>
