  0.00107536273804681  0.00153380112425995  0.00184730761803650  0.00210042809402079
  0.00232683654017544  0.00254045491532846  0.00276140804128633  0.00299184100236147
  0.00321589214307863  0.00342764119313202  0.00363447699023698  0.00383373019033706
  0.00404975074268501  0.00427621143431941  0.00450906232235162  0.00474993972219542
  0.00499501952926028  0.00523168822838837  0.00546011846596535  0.00570820366007253
  0.00595916984141230  0.00623229807352903  0.00652990001877851  0.00684552898098190
  0.00715307666000741  0.00745203141801210  0.00772752747416608  0.00800550833938213
  0.00830000388063960  0.00862509380497123  0.00901761298901612  0.00947853989409896
  0.00993010366615553  0.01045603312477236  0.01096366717841190  0.01145605192874124
  0.01193230535831459  0.01237676975088783  0.01277103399656124  0.01320077213245606
  0.01366789664078137  0.01414926733538553  0.01466040927667291  0.01522373074385977
  0.01586521137738758  0.01651489716910814  0.01716820345354675  0.01782503265341616
  0.01854214754993143  0.01928486891206336  0.02016056473752131  0.02103626707481748
  0.02198237271550820  0.02296676840631572  0.02392943517060710  0.02491124071976916
  0.02588895196169654  0.02696126160303464  0.02807913190071544  0.02924445778208658
  0.03043513268568943  0.03172773028390634  0.03314774684544373  0.03470993959233946
  0.03675495040149335  0.03915825991180481  0.04106319281170684  0.04309173903295652
  0.04515811376887408  0.04729289265290946  0.04944356136458089  0.05188354052054033
  0.05462965384375194  0.05765256457563495  0.06086490822272873  0.06403567600825455
  0.06719728925513350  0.07024245218819009  0.07301360624312749  0.07576747627399136
  0.07857445331640266  0.08146719249865164  0.08445484302609613  0.08826544950613834
  0.09326380307468227  0.09884335691603578  0.10528223814397564  0.11231498958482421
  0.12185584773520869  0.13911861284147323  0.15184506346904472  0.16590531647056636
  0.18755882974154578  0.23501519937559090  0.37101851607445907  1.00000000000000000
  0.00022570578326891  0.00040635273820538  0.00051332294455996  0.00058542009070610
  0.00066124029135689  0.00077210292575479  0.00092768382805273  0.00110033488480026
  0.00129492466631626  0.00151929642371707  0.00178216814527685  0.00210088678616848
  0.00248587300968139  0.00291630056692220  0.00340488311445018  0.00392492953456875
  0.00446591827989069  0.00504469817642829  0.00569257858847741  0.00639604316048549
  0.00711276342142586  0.00782884446250080  0.00855344658804144  0.00930827962081325
  0.01006860490367461  0.01084013559494107  0.01161616639753621  0.01247064472349282
  0.01331946552120278  0.01425238070432464  0.01521908936680883  0.01617772885451366
  0.01716986111986054  0.01817597266030032  0.01925359970542246  0.02034856478255632
  0.02147558039895377  0.02264560068249596  0.02386443291103357  0.02510456053093253
  0.02643036697991255  0.02778355877244582  0.02912365845916769  0.03046454470331297
  0.03179872282796568  0.03311176988456778  0.03440934151085355  0.03571149337126488
  0.03703737961403242  0.03840182876693805  0.03977321510094001  0.04124624248092512
  0.04273794471342143  0.04424170075513333  0.04576726234414494  0.04731614276879100
  0.04884255194990891  0.05048665985344600  0.05220154220355074  0.05396296162996014
  0.05613030836030307  0.05811053346215379  0.06022261887285843  0.06227200821389032
  0.06433284506256572  0.06645158107199281  0.06862497194083193  0.07071191076568463
  0.07308207963629856  0.07602339360496903  0.07890908765371085  0.08203772168538608
  0.08517272311188717  0.08872607597226298  0.09245244774105135  0.09577243710768954
  0.09882081088903857  0.10354606999775806  0.10764244980873520  0.11099966319170949
  0.11396070122753368  0.11721658093451405  0.12129868388009458  0.12628044050241016
  0.13058571636946448  0.13341404695956485  0.13903652419627247  0.14605373935906049
  0.15089580151369034  0.15842229585413334  0.17162376744734820  0.18189820442034002
  0.19634165501980180  0.21727296059358114  0.24027300527617473  1.00000000000000000
  0.00034670653517449  0.00043466269316867  0.00052176737228735  0.00060217333564460
  0.00068710310311215  0.00077888007890570  0.00088756192743594  0.00099631046038003
  0.00110829030209041  0.00123613016070765  0.00138482444687400  0.00154860155506973
  0.00172372813727090  0.00192216603340229  0.00214358762268588  0.00240207657264164
  0.00270504516677986  0.00304054084451992  0.00336468087909017  0.00370356673459884
  0.00406129457847414  0.00449303059525364  0.00491883467794340  0.00534854968255095
  0.00576472534865568  0.00617259770016903  0.00661839292387416  0.00710043530386574
  0.00762843149108893  0.00813502832415296  0.00862839655595007  0.00912478209349436
  0.00959132236907408  0.01007232158992651  0.01055648204738077  0.01107528543694917
  0.01157426220715940  0.01232100789644287  0.01299211503363112  0.01362388828509031
  0.01424962125086560  0.01487481212544680  0.01551454887433174  0.01619999004465903
  0.01692943449109788  0.01771708780707630  0.01851253572268238  0.01934508150915636
  0.02018969019911613  0.02104724491261680  0.02191837356484662  0.02280429350452012
  0.02367916745480042  0.02462509068897292  0.02560035281698278  0.02674989461122292
  0.02794918839390358  0.02918956213303063  0.03035607089515020  0.03150217553894546
  0.03271961233905548  0.03406980417818042  0.03549848653925724  0.03690917934603882
  0.03829856538707452  0.03968518227884948  0.04111953733410750  0.04271903461429694
  0.04448074445649591  0.04684334446340921  0.04908894527223533  0.05132947264440214
  0.05361144487969033  0.05592505488136791  0.05857348641698113  0.06209988584159259
  0.06590799683439028  0.06994693172838963  0.07561641725750194  0.08326353182319512
  0.08912385295811893  0.09123556501513559  0.09431533699220714  0.09820646043811669
  0.10260747476212453  0.10705541253339743  0.11256617220816553  0.11972457243022867
  0.12644798346780381  0.13276051072969858  0.13988564380850829  0.14686793639874057
  0.15550395948510329  0.19969643636863940  0.31198354082377117  1.00000000000000000
 -0.00134320339242102  0.00458678040375371  0.01021042545876052  0.01590473670780220
  0.02187921149611860  0.02788403373368472  0.03383261269965033  0.03968053175928540
  0.04522664549485003  0.05097391922296666  0.05660309794693247  0.06290213976968508
  0.07011651834369237  0.07709276718276403  0.08404682615719708  0.09103442715865145
  0.09774953805808402  0.10496898868756896  0.11252926905737658  0.12027681725537168
  0.12763984053313215  0.13463517209128095  0.14187633689285964  0.14888012032714246
  0.15547849288095009  0.16226993640467416  0.16914483951021178  0.17608966303408308
  0.18308388812412524  0.19037692436296741  0.19845669797697335  0.20672530123700503
  0.21489034269007640  0.22292141880803854  0.23113138204331476  0.23957865398652839
  0.24828493643965388  0.25658692165067654  0.26500213052476074  0.27355456653320842
  0.28151285766559719  0.28925496945940732  0.29686999847153789  0.30459089340745954
  0.31285854666239643  0.32181483303008385  0.33084249271629301  0.33888584342636913
  0.34656543746697138  0.35530781022222274  0.36397847919921844  0.37240251749554981
  0.38055199852820365  0.38868255016523046  0.39712022724785473  0.40611263558837846
  0.41488239870152532  0.42317197683338104  0.43145620724727962  0.44090368900637072
  0.45085940067038438  0.46087403953263356  0.47114120139383275  0.48216549632216227
  0.49402733863642856  0.50506798530561114  0.51580442674039362  0.52707927265295529
  0.53869069107316547  0.55061434907562956  0.56275285459658220  0.57706532014028422
  0.59104080170432405  0.60427636273508112  0.61721942336963742  0.62958419668091781
  0.64146047031019471  0.65428969411162163  0.66812816956670673  0.68182460690542390
  0.69547759283193722  0.70963734258721800  0.72496550454107866  0.74181529351197928
  0.75900470895681060  0.77555527982030925  0.79169140587781295  0.80829444549559926
  0.82646568581502311  0.84698419734763863  0.86809565348408624  0.88926998911154564
  0.91150581242006656  0.93519673208466048  0.96443771847494431  1.00000000000000000
 -0.00262353112519207  0.01083629865790653  0.02294847470957867  0.03541723860633968
  0.04819027349862221  0.06009250157387011  0.07079566121820999  0.08066417200873603
  0.08994596012982016  0.09901354411169164  0.10803465396774645  0.11740461896322001
  0.12749772147315508  0.13804943534995770  0.14837038764036184  0.15898981095232398
  0.16939147968784574  0.17910884495871454  0.18883502613734732  0.19920183772011368
  0.20975984068713349  0.22006001460057853  0.23096766685363873  0.24297644761979340
  0.25488247401483771  0.26605740194095268  0.27718185639025311  0.28801877740916926
  0.29813601817117663  0.30768029930713925  0.31780887448606487  0.32846602285033683
  0.33963659582658590  0.35045435356234944  0.36121827718256350  0.37226636791512074
  0.38338476045354547  0.39444366151944121  0.40465391562673569  0.41436797451170881
  0.42362000931841431  0.43246253021646908  0.44156698207527934  0.45120595790449436
  0.46102153768898768  0.47146378190494848  0.48159464967235838  0.49125044572235194
  0.50073713804381503  0.51057421501431344  0.52083100842602970  0.53057989403928274
  0.53994074806564218  0.54889954704524679  0.55764703395602888  0.56566181652047187
  0.57364517139179061  0.58203268129206143  0.59147988751218616  0.60222508791491391
  0.61268350398216231  0.62285338068421725  0.63294944375006268  0.64333271884528331
  0.65425256662731579  0.66569146500951437  0.67851718277507156  0.69187933085596198
  0.70571134190432505  0.71949326395364743  0.73172007505134617  0.74235488435715669
  0.75238719707961121  0.76243077271360604  0.77390866615336262  0.78493006809891097
  0.79545883445584475  0.80587242166710427  0.81707367108782347  0.82834320230327196
  0.83934096132649205  0.84965136562230703  0.86026538772885441  0.87100373081906068
  0.88157416873494387  0.89258290650251348  0.90393704403413022  0.91608823979597276
  0.92723010458367083  0.93797492903677548  0.94927213520769638  0.96010840094314265
  0.97016117725331208  0.97968732035408790  0.98953806642875464  1.00000000000000000
 -0.00199294772826608  0.00943032095035466  0.01964398952465145  0.03112781969962118
  0.04125275672779135  0.05194143916454685  0.06313227735365158  0.07524622207074277
  0.08731681724557859  0.09900585340968052  0.11004820425757766  0.12085167696932213
  0.13189890690451034  0.14364877536962364  0.15510987992637515  0.16633083080601907
  0.17756219697965589  0.18941526328873007  0.20161284735429200  0.21317983359283818
  0.22384933137670915  0.23433295162080689  0.24448171434133900  0.25487101765646247
  0.26482944852687990  0.27473357378611024  0.28510008099117073  0.29503163192071991
  0.30464692971397411  0.31430633329439700  0.32740653942895975  0.34025393349932437
  0.35273610011417927  0.36509957863268322  0.37677459551828191  0.38734700861508170
  0.39734301690455726  0.40697349774172092  0.41667732964084675  0.42670908837550342
  0.43735707749566555  0.44783035598209731  0.45811251181985863  0.46825399291679071
  0.47837677045694255  0.48875331952030981  0.49910315923043436  0.50970712438697241
  0.52013824327635783  0.53030241111351295  0.53994828289341412  0.54919594299966079
  0.55873452531744827  0.56913551534121287  0.57996727447211405  0.59019401508707992
  0.59978494692260043  0.60989330054873192  0.61996267019883289  0.62976181418169019
  0.64013432244807178  0.65098786548140930  0.66215845655244088  0.67200683884629453
  0.68099044112347018  0.68996381142044794  0.69970603715868285  0.70955400493344145
  0.71857498300460176  0.72654143754681533  0.73458028091282579  0.74293530555692688
  0.75194265826344076  0.76160242645077458  0.77158590097397539  0.78264061216919290
  0.79472306915651103  0.80724780141088204  0.81899600994279564  0.82983105507663524
  0.84039792582383976  0.85133231978028190  0.86208334498484540  0.87285841763208805
  0.88391478633257725  0.89493762308520131  0.90638470713221198  0.91784708822668448
  0.93085153794166675  0.94262719456222888  0.95296209141443211  0.96298336899257764
  0.97275846570104174  0.98223318985650299  0.99112634327090965  1.00000000000000000
 -0.00066704247570745  0.01142963962748012  0.01960613250442211  0.02546686671170443
  0.03033678871737799  0.03476189316108688  0.03889466530837871  0.04278531006616506
  0.04644490017378462  0.04985568939033382  0.05308051981259496  0.05620088302983936
  0.05938055235452913  0.06237354969611649  0.06524204439030777  0.06808166526279544
  0.07088747143164491  0.07362661004468427  0.07627839525879002  0.07900719283415313
  0.08176707264014041  0.08459409631930689  0.08750212959122618  0.09044944133917317
  0.09344050737323906  0.09637121033946804  0.09915717302784484  0.10185099745127928
  0.10442624353601350  0.10688338238292013  0.10946886001797612  0.11213276629426114
  0.11495539492655832  0.11777428340054480  0.12046292552167230  0.12316532417113531
  0.12591766954955211  0.12887896139373267  0.13181908853287724  0.13452893561543228
  0.13740187120555772  0.14021560599962296  0.14338286703713654  0.14656735643431215
  0.14954146068280069  0.15246870270648574  0.15534434951569842  0.15832177653476381
  0.16129129460830421  0.16386100303210913  0.16636823255374306  0.16882627223997185
  0.17157210936023620  0.17438914438704645  0.17713103232708749  0.17983039022937680
  0.18260137500151694  0.18519487229377077  0.18790649875008666  0.19092831633534005
  0.19460222622422071  0.19842760144084348  0.20217118940823017  0.20532865569776798
  0.20790612754288323  0.21042238172748182  0.21293174339777918  0.21567842342296847
  0.21909796029971929  0.22403581464393513  0.22834267438232866  0.23262546595874822
  0.23674508582882522  0.24119210459586268  0.24583779983248649  0.25066722652739665
  0.25519597083872519  0.26143159911735525  0.26693197800585500  0.27212270984132447
  0.27749105084458114  0.28246973612367143  0.28775498002585359  0.29322987377951759
  0.29877970801112824  0.30516351646511841  0.31128164373826439  0.31846183687658075
  0.32528156048382606  0.33263148842795220  0.34241052195041904  0.36024726949724989
  0.41145712894122821  0.51973991626745764  0.77165641500582549  1.00000000000000000
 -0.00174404616650791  0.00834295547988253  0.01652594052663627  0.02523093326752675
  0.03384936350447171  0.04226480463927149  0.04994278158519937  0.05826009898748812
  0.06751207481157528  0.07732118706602790  0.08630329212174970  0.09467785674365285
  0.10298005583257147  0.11157810286883493  0.12076354986738452  0.13029930631883999
  0.14045746265510395  0.15110490088266010  0.16170373403891858  0.17269010031122339
  0.18440770459911643  0.19637682495088732  0.20803545062024148  0.21875522539419390
  0.22917357170461408  0.23949003633774801  0.25010397287019831  0.26054530855944591
  0.27085695780669350  0.28101554601417394  0.29170618041888596  0.30318902832445899
  0.31387153728306261  0.32293096740292287  0.33161570693062703  0.34071034290228247
  0.35037595042744524  0.36050436074345310  0.37084960577232529  0.38420134571445669
  0.39779322707483389  0.40956828800451667  0.42023263011794243  0.43049796275075392
  0.44056119154963330  0.45074815597835982  0.46203491216478737  0.47484436302149735
  0.48786757491341487  0.50078592615111894  0.51396070165751606  0.52694023899720199
  0.53944844585566631  0.55204265898043303  0.56428835350303674  0.57634230344905257
  0.58871364758975686  0.60116644461249602  0.61355976800959211  0.62440360693151487
  0.63438382155472095  0.64418254986761880  0.65406323520233178  0.66398904754684396
  0.67407965194344344  0.68416747212025186  0.69403678620357045  0.70346731924157979
  0.71279255529666619  0.72220293082655629  0.73199052957674138  0.74246657152541840
  0.75288346952522711  0.76298462488678864  0.77319289430659532  0.78409138657952970
  0.79487579551023291  0.80434194897543898  0.81400651372791577  0.82385824408009423
  0.83316455565227843  0.84231435683019407  0.85122611789836344  0.86125307080148428
  0.87226591045427282  0.88338345235862170  0.89511817159910212  0.90765017413552129
  0.92061501007986735  0.93326874122864467  0.94541589374750812  0.95749579284272268
  0.96874538791696718  0.97931734577684604  0.98985971647223514  1.00000000000000000
 -0.01064897368949767  0.44958461882397599  0.54630513284820836  0.60414482254793500
  0.64628003521256316  0.67632336183958275  0.70083878270312805  0.72308703820733633
  0.74088912372736659  0.75516421438481418  0.76809336292485075  0.78029019846068270
  0.79146491682688702  0.80094053876501425  0.80999984917691692  0.81813960750214187
  0.82531282575072162  0.83193227842208073  0.83801934563626790  0.84362039084437335
  0.84917329450992562  0.85464265286782248  0.85986240963990268  0.86463143435696521
  0.86901905568665061  0.87321141948523417  0.87706036144825605  0.88084043843795345
  0.88446232742623632  0.88797820735018562  0.89148587747037733  0.89486092191997679
  0.89801816794335410  0.90099595425246992  0.90383681235456381  0.90665073102932581
  0.90945278006266850  0.91228130664089091  0.91496963377315699  0.91741119872509325
  0.91958395937207693  0.92161629277278789  0.92366588546820716  0.92566312517066518
  0.92757903564519828  0.92940322153586918  0.93125383161446518  0.93304206832245251
  0.93482461930142935  0.93658442057317726  0.93825172282213309  0.93974970033183536
  0.94130626545305796  0.94286467920899020  0.94432544493003034  0.94572282833178212
  0.94709159098034656  0.94847530474949682  0.94986417131046741  0.95122564865957071
  0.95255158668739948  0.95378206646676200  0.95496756692136597  0.95609051072343387
  0.95722983192786237  0.95838317210288415  0.95955007787494850  0.96079203365035049
  0.96199890208789607  0.96317395826636210  0.96433178197278024  0.96548565130357522
  0.96665390925735573  0.96783882097524399  0.96905681086010809  0.97034687252145246
  0.97158329348457995  0.97281957816210063  0.97404154195048331  0.97521274825791782
  0.97635494263010658  0.97743485296200039  0.97848388562272870  0.97952472090971676
  0.98057590839500774  0.98166345886692008  0.98274883820795278  0.98388316497277695
  0.98506530001654247  0.98628641995566835  0.98762668016420829  0.98907254771420450
  0.99070348198143432  0.99264548002919106  0.99530111620932393  1.00000000000000000
   1.4198285970047781E-018  -1.0000000000000000     
 F F F F F F F F F F F F F F F F F F F F F F F F F F F F F F F F
  <DiscreteSampler_grid>
  grouped_processes
  1 # 1 for a reference and 2 for a running grid.
  10 # Attribute 'min_bin_probing_points' of the grid.
  1 # Attribute 'grid_mode' of the grid. 1=='default',2=='initialization'
  0.0000000000000000 # Attribute 'small_contrib_threshold' of the grid.
  0.5000000000000000 # Attribute 'damping_power' of the grid.
 # binID   n_entries weight   weight_sqr   abs_weight
    10   10   7.990276431575708E-013   1.266585351117357E-024   7.990276431575708E-013
  </DiscreteSampler_grid>
