  0.00622138256365264  0.00649598691258296  0.00675443161639131  0.00698620845846136
  0.00720933755418116  0.00743249137851751  0.00765293030173151  0.00786631744151031
  0.00809874808231823  0.00833853042528684  0.00858409821403720  0.00883392146078126
  0.00908418657832653  0.00932862119432697  0.00957239361771037  0.00981604528987218
  0.01005784954806176  0.01030860290809636  0.01057337995915359  0.01085392600477354
  0.01115378712745378  0.01147789347114536  0.01182784623369101  0.01218655339018877
  0.01254616540385751  0.01291253805512855  0.01330121761231342  0.01370690560268956
  0.01412133461929223  0.01455426591138895  0.01502723097088403  0.01552666073219545
  0.01605832158252646  0.01659024024447035  0.01711518480203984  0.01764625843684723
  0.01815719982851809  0.01863286307327993  0.01911846791967975  0.01964753943236179
  0.02020616540535713  0.02078105360026812  0.02137269213580193  0.02200344909123198
  0.02276262098201694  0.02353472729737505  0.02439571219142833  0.02526704225951019
  0.02618451957008823  0.02709651309575239  0.02811157540182269  0.02908488111539514
  0.03003233721941392  0.03101673204122252  0.03214856605487466  0.03332760140665138
  0.03451385859880780  0.03582808658663047  0.03723418805351400  0.03868987024822722
  0.04025622812160343  0.04187907611929539  0.04346714028741210  0.04509037339390553
  0.04677848295174305  0.04845651137325384  0.05010068641213858  0.05173908666778011
  0.05363962491485718  0.05581260112681631  0.05813561021143948  0.06065920852576069
  0.06341081828758527  0.06619813519590413  0.06911520354886133  0.07191073071788992
  0.07468191901847981  0.07778528485144873  0.08127223053101398  0.08508833535811559
  0.09016175059046141  0.09574713921941619  0.10326495972535624  0.11201964501668354
  0.12068526017046295  0.12785196972574900  0.13524993539538552  0.14318400615655577
  0.15509558244036853  0.17055691521725680  0.18562212589444921  0.21029239661588336
  0.25663455375123551  0.34984756719392707  0.50438710827949429  1.00000000000000000
  0.00000357430211628  0.00000394674911794  0.00000455360452397  0.00000518728806616
  0.00000592114850911  0.00000680382689672  0.00000781495096350  0.00000901337541093
  0.00001041165495457  0.00001193777341145  0.00001357623882389  0.00001550616300399
  0.00001780850174384  0.00002068524293610  0.00002433465208381  0.00002862002135470
  0.00003357732768306  0.00003941369318841  0.00004607932246736  0.00005359979686059
  0.00006245724303340  0.00007277749292607  0.00008432972145845  0.00009781111936739
  0.00011472814657928  0.00013600121159202  0.00016195598633332  0.00019181248070280
  0.00022608405024732  0.00026243893064057  0.00030527268509308  0.00035800907016496
  0.00041778726972947  0.00048138617591643  0.00055120287550885  0.00063436482965450
  0.00073336485317822  0.00084493936845277  0.00096999820225797  0.00111015575954850
  0.00126447375837781  0.00143442764155588  0.00162609387728998  0.00184017891610193
  0.00208011386587247  0.00234235805475137  0.00262594349964413  0.00292953656253045
  0.00325281782453849  0.00360071833101101  0.00397248655209118  0.00437971875097462
  0.00481215744319668  0.00529864819001507  0.00581999928820544  0.00637172641834326
  0.00700988236892384  0.00766493642909137  0.00836457001470751  0.00912739348155963
  0.00992296063113945  0.01074864322464869  0.01160812456030565  0.01249888530031486
  0.01344018472598217  0.01448536027506044  0.01559931665631527  0.01690126776430583
  0.01827158852469392  0.01967780710210615  0.02109002882432907  0.02243857739459625
  0.02372477395816130  0.02507528100835350  0.02641139322288769  0.02781223675543315
  0.02917083985995365  0.03096746016621037  0.03292165794685998  0.03516806806445846
  0.03755466801693422  0.04009597738114117  0.04289868168625563  0.04595588452260439
  0.04902824261615906  0.05219366919596528  0.05646695154005119  0.06076117899343576
  0.06467836282277219  0.06837558118516784  0.07210134833603470  0.07637546513407863
  0.08202092536854805  0.13005549927551111  0.21605900509652223  1.00000000000000000
  0.00000210056949784  0.00000869316555861  0.00002180096192415  0.00004224291111244
  0.00006870821664103  0.00010160123547446  0.00014230460727452  0.00019087027468525
  0.00024780993479713  0.00030900789957557  0.00037558325809363  0.00045008080663852
  0.00053223524809030  0.00061898167941533  0.00070869303370294  0.00080218644323993
  0.00090450870166427  0.00101700236656268  0.00113845753554144  0.00126870361852206
  0.00140595820439011  0.00154949960103550  0.00170458455404904  0.00186961312359214
  0.00203921018507218  0.00221121638731027  0.00238729996226529  0.00257255143696164
  0.00277823686806242  0.00299861777615227  0.00321654597625946  0.00344079710058914
  0.00367266209394003  0.00391710226726597  0.00417165753250147  0.00443604123762502
  0.00471301151724852  0.00500363349592987  0.00530873673713973  0.00562822535755566
  0.00596354834948655  0.00632997728457080  0.00670622948919400  0.00710431949609926
  0.00751693846412490  0.00792777841337191  0.00834190665480333  0.00876840675514950
  0.00920393984107486  0.00964948984184844  0.01014461251772687  0.01064010382139886
  0.01115126783184111  0.01167483342172684  0.01223805593385558  0.01282521393211076
  0.01342995310292282  0.01409549549100487  0.01481114141686810  0.01554634186796523
  0.01632409873685141  0.01711082881424535  0.01790224547865987  0.01874494596782650
  0.01972382606928956  0.02069966755992545  0.02177835163443909  0.02290971959934352
  0.02406305075133568  0.02527904732977719  0.02661891539935571  0.02807563978098057
  0.02951214955615383  0.03092970831341658  0.03241470142429572  0.03404763039230267
  0.03574499129734084  0.03746957688498844  0.03916925346598270  0.04098135253113955
  0.04278502099261146  0.04467187301958717  0.04647823341493443  0.04943510691040146
  0.05313082647714073  0.05733058819368848  0.06220665825747201  0.06792817650330345
  0.07408966444961557  0.08182510077622590  0.09273079806180574  0.10552902280023252
  0.11931998587621725  0.14607134326855889  0.26553029161689290  1.00000000000000000
 -0.00249676465303936  0.01105091268431000  0.02222708545797154  0.03404674817647327
  0.04632545318407857  0.05973660992041946  0.07271714267369175  0.08524462490932444
  0.09771470246437475  0.11037270260582009  0.12303761190766950  0.13545950775579230
  0.14750984901308759  0.15918898857895475  0.17055790417755981  0.18181022514447184
  0.19359142297346049  0.20633712473765295  0.21931548832057962  0.23202118454556245
  0.24403424235582105  0.25688629132510676  0.27047421482804562  0.28324934616830860
  0.29566074709683027  0.30759290558237667  0.31956271613367443  0.33137339132727656
  0.34281396072284814  0.35376386996950326  0.36425615715274584  0.37504980186467024
  0.38601700690585689  0.39788411716042155  0.40972354579411469  0.42127463645517599
  0.43191435035306475  0.44196090126304405  0.45188979440047178  0.46181832784237159
  0.47162286617305282  0.48137201563006266  0.49124140016238405  0.50108283054397573
  0.51089505553234504  0.52092763884610682  0.53123076168015426  0.54190717325624593
  0.55209329706935362  0.56264630356879464  0.57323004404298439  0.58460028712754197
  0.59597355651689632  0.60706755191316975  0.61773816989591090  0.62764029824277245
  0.63705946882440156  0.64622954536984423  0.65550318065291158  0.66417150049808971
  0.67338408499262159  0.68194416531095359  0.69103533271860307  0.70029862917313657
  0.71065069590285312  0.72158821272946694  0.73223009912167669  0.74198864690364630
  0.75136585564639236  0.76093279561883109  0.77066446192913995  0.78052764879623182
  0.79001292357533293  0.79895465055067838  0.80758949040288786  0.81624870032348729
  0.82524777967032226  0.83454430899578946  0.84403081478799669  0.85368621174268577
  0.86317547320942878  0.87212959603974705  0.88049686022714890  0.88881970570136648
  0.89772889032467484  0.90671081639321627  0.91528347004467592  0.92365776257685317
  0.93195019645482557  0.94066721372909068  0.95022480612603322  0.95982674001553936
  0.96992545376471251  0.97938990315546415  0.98981032187729312  1.00000000000000000
 -0.00259684659502472  0.00956911114760749  0.01962418605561857  0.02978866586212255
  0.03972398195052244  0.04990636373416095  0.06025216493061523  0.07042119771974809
  0.07931307737417434  0.08857153964142103  0.09821304293072468  0.10862278558371793
  0.11875417808764011  0.12978196273368028  0.14141326509212357  0.15255838891713419
  0.16232324438819196  0.17239529771388212  0.18262962814451031  0.19343009399832439
  0.20364173706131677  0.21354892649110446  0.22500781632510924  0.23634217817524170
  0.24820948486595754  0.25913594312143451  0.27029181506354805  0.28081280777803791
  0.29130014566267054  0.30109927102101264  0.31132238173680782  0.32185526797030828
  0.33235835931503277  0.34302592473826965  0.35352491603973885  0.36333403627537969
  0.37273928390493571  0.38216582597436605  0.39223566121293413  0.40264786396317914
  0.41328475653938485  0.42437872287364908  0.43557624484549889  0.44617209908826960
  0.45624334694145141  0.46608605464343955  0.47661948283876021  0.48758729720525096
  0.49843947661791499  0.50866214661564313  0.51889457855981802  0.52947226027358552
  0.54033078960540548  0.55123447068278741  0.56206291653023821  0.57276079787221101
  0.58327575934442066  0.59335239763241454  0.60313001716629544  0.61330825042165626
  0.62387912760159170  0.63438879093701650  0.64445467307813975  0.65428929528148416
  0.66432702568711388  0.67504184771703801  0.68662127345942658  0.69887416171425021
  0.71107328277844317  0.72308002346631450  0.73497655039128229  0.74646672514922341
  0.75717754416190319  0.76762728516464040  0.77832958007580588  0.78899831533538400
  0.79926062927287989  0.80923357025652676  0.81954257716610879  0.83022314749025894
  0.84097695205875700  0.85175665649873489  0.86258936657952523  0.87289723803794439
  0.88273566220248867  0.89236389142430916  0.90269375960797127  0.91335386172395894
  0.92417612760702805  0.93490488351990497  0.94608863711187252  0.95723729089856435
  0.96767158155259014  0.97810405805123180  0.98882668262298146  1.00000000000000000
 -0.00229300309147470  0.00924568648985792  0.01972104923230709  0.02925271386622047
  0.03950941036024487  0.04958966935423187  0.05951090893968783  0.06937230072675200
  0.07895695310071336  0.08867780529120838  0.09836934131601442  0.10797092922797154
  0.11790229234146099  0.12845767887836346  0.13968949400519345  0.15155119073764756
  0.16370541910688846  0.17563771678256979  0.18636506836944461  0.19664438702675116
  0.20675841097359965  0.21724882672868129  0.22840278158227734  0.23953464295351609
  0.25051089354134581  0.26126085918635678  0.27157729267287406  0.28164091059882401
  0.29201655609465083  0.30336122837838014  0.31479281554454797  0.32517279545877359
  0.33497251216804713  0.34463528612337435  0.35507897760649582  0.36607939099088488
  0.37704120315865086  0.38802136225642025  0.39832526695945641  0.40852724971687648
  0.41803057139849170  0.42753258989260451  0.43722916418608065  0.44755823528251260
  0.45825443181775771  0.46894530948521712  0.47967796635336463  0.49050263333516764
  0.50189396146609400  0.51364744382049887  0.52538952046093690  0.53715603028623482
  0.54940518179274522  0.56170030056539477  0.57357368047376667  0.58495824411723707
  0.59572293029334555  0.60614548133877544  0.61619477571295345  0.62650103722099804
  0.63666561183641024  0.64745160607272789  0.65819690021440880  0.66917530817059623
  0.67879304874677748  0.68903317845599688  0.70027481287183291  0.71158057907146988
  0.72180056073350463  0.73219221168838711  0.74173338654830712  0.75192922535673201
  0.76182706568422043  0.77192083955031687  0.78149796354850698  0.79135750484631395
  0.80035674347963581  0.80965983778548589  0.81956253741219909  0.82997157526696785
  0.83993228267220243  0.84974642267069389  0.86035855027761809  0.87153742131610434
  0.88225019030611362  0.89240706668327163  0.90238218975807127  0.91274641143370894
  0.92361077156684157  0.93461313688244241  0.94507913087738393  0.95565358859470462
  0.96624957762167141  0.97735470208629682  0.98844083539802186  1.00000000000000000
  0.00586379259271266  0.01180455198208926  0.01901922893003617  0.02495865982840838
  0.03023375497198270  0.03512123708851402  0.03971312838999459  0.04363047162881436
  0.04711488294394793  0.05052906928349533  0.05397692050404553  0.05746033422504302
  0.06085154794629098  0.06413191856752247  0.06742288493577313  0.07070520193170415
  0.07404265992766915  0.07737984565631773  0.08063895056232197  0.08375231356730961
  0.08675667912735714  0.08983287113516716  0.09292494424478170  0.09602440404479898
  0.09898453109082568  0.10190882854285047  0.10470917341990034  0.10757001791786236
  0.11041658853557741  0.11280921228520703  0.11534665477103322  0.11792961778262881
  0.12071624602464827  0.12339861884039229  0.12606596025512923  0.12869187069571245
  0.13125212479243853  0.13414303178666323  0.13685481430682839  0.13954740217864686
  0.14233057351830258  0.14571139261537649  0.14918110882907740  0.15270020078546789
  0.15611752038392063  0.15930028703161411  0.16254774214541018  0.16617068466896359
  0.16989422077365876  0.17423829755110998  0.17840366508394023  0.18238618794213213
  0.18654193036950328  0.19102317869213112  0.19542225684697950  0.19985797332717986
  0.20427667274504549  0.20922433893735157  0.21493938977818866  0.22053313853133913
  0.22563306137293015  0.22995969940767821  0.23306058173785654  0.23637597069497079
  0.23972499107699655  0.24360762374824682  0.24817593164854243  0.25259469896328685
  0.25591490449065352  0.25899929831902996  0.26210548161550501  0.26567651914693680
  0.27048425571919804  0.27530326879233641  0.27976758228556176  0.28351863772193747
  0.28689485788868041  0.29024316737086053  0.29529068471055298  0.30140308625111550
  0.30852715721118412  0.31642028011345691  0.32495853276851216  0.33355165736938086
  0.34243769227375659  0.34855744404257416  0.35750213057643643  0.37029795189307829
  0.38692230895868263  0.40133005177909509  0.42914281414847882  0.45120765583406708
  0.46657326889160006  0.49676483093414026  0.67706448556753773  1.00000000000000000
 -0.00180230882555511  0.00886165047940775  0.01940043746829240  0.03028859957028725
  0.04187191650568045  0.05184567858398578  0.06171842348347972  0.07151546218239979
  0.08146656083830228  0.09186094643730691  0.10240291409471551  0.11412085722186385
  0.12598879014054068  0.13835136125901076  0.14967223119056283  0.16026641950693654
  0.17094856954587204  0.18193148552214486  0.19246207142197033  0.20247763318934761
  0.21264561163688903  0.22332849333975624  0.23422046899575824  0.24521097835492681
  0.25604481370867449  0.26710062755656844  0.27870434822365342  0.29085778096141401
  0.30272139519388597  0.31479581986681976  0.32623733847508901  0.33735243405706433
  0.34805227649211390  0.35861265707732920  0.36908571060102374  0.37894319401528653
  0.38903907095345708  0.39972761077832575  0.41087042510429361  0.42111936398994582
  0.43084395691751048  0.44035047762391677  0.45004515508492038  0.45983908721508965
  0.46990406993160150  0.48077836323712764  0.49235102927280733  0.50406195510240859
  0.51565695914039433  0.52737311751867666  0.53897215537818055  0.54980140204100536
  0.56024001471799756  0.57040105164500610  0.58076814548768096  0.59138290730955945
  0.60195906527315179  0.61247090927112791  0.62350807070744241  0.63513664996567532
  0.64622863842955780  0.65571572514166310  0.66446626471796910  0.67349524116549708
  0.68272881462655322  0.69277901550002086  0.70330137391406844  0.71442525848406968
  0.72607905768136105  0.73640861144898595  0.74687086809080094  0.75648579105917824
  0.76655652476477121  0.77639802382508238  0.78600036005513785  0.79541557194792867
  0.80517317143750766  0.81549340746076937  0.82629287892281367  0.83711622155380494
  0.84787304739850211  0.85845595873004577  0.86903896375930090  0.87919355055019288
  0.88954663323747107  0.89951192339155317  0.90941644081690154  0.91946926130416629
  0.92981340319735195  0.94074043027121890  0.95136201018243538  0.96166531103297159
  0.97084859705722826  0.98020929924787670  0.98982221947865701  1.00000000000000000
  0.06288067356030487  0.17169509349023038  0.23775469272197491  0.29073390548806216
  0.33699670309875596  0.37800247480437749  0.41238703575027863  0.44200675124853878
  0.46956792969695083  0.49446349425144692  0.51590000265870262  0.53559237648822955
  0.55426582375691724  0.57180866397766161  0.58804619643144196  0.60318428312704508
  0.61700704578641818  0.62986356711691682  0.64148636701168749  0.65247665418744127
  0.66310277888510116  0.67327011042454177  0.68291221149190295  0.69251971344395702
  0.70202534699792918  0.71121059054686675  0.71998110016681061  0.72857087433576340
  0.73671926464561932  0.74468473737988627  0.75248102958779228  0.76008209602125276
  0.76746580880713688  0.77439067338068424  0.78084189398255777  0.78715098313821596
  0.79308866813095613  0.79898267716725435  0.80456204014009702  0.80998832797310660
  0.81513699147066687  0.82018169937389418  0.82513502771580283  0.82994207634338191
  0.83466059135061965  0.83933909878999469  0.84398670927315134  0.84863494768717296
  0.85315567287434146  0.85758425108992042  0.86183953214024744  0.86586546191962555
  0.86982757055423321  0.87367482567307786  0.87743704196577266  0.88116074513843601
  0.88485824797561152  0.88850503839903106  0.89206644757063047  0.89542932555603505
  0.89868626142047892  0.90180486816525718  0.90490928802596149  0.90803736598974394
  0.91115256149378265  0.91421751788727368  0.91724587953245162  0.92013970645161625
  0.92305770444023372  0.92598917111640333  0.92889811038575498  0.93174078750306488
  0.93451310950303090  0.93712210349667036  0.93965838403518920  0.94217443152916258
  0.94470556107655212  0.94722136044302296  0.94962633039268096  0.95194081392238594
  0.95422627975201668  0.95652860371828086  0.95887420592032280  0.96116840965601291
  0.96359602963633983  0.96608801045790660  0.96860278569318647  0.97112520007075054
  0.97374544115077000  0.97631700544383215  0.97891219164930865  0.98159825509264531
  0.98457346979667115  0.98805811118298559  0.99281842013741495  1.00000000000000000
   3.1340081683904781E-011  -1.0000000000000000     
 F F F F F F F F F F F F F F F F F F F F F F F F F F F F F F F F
  <DiscreteSampler_grid>
  grouped_processes
  1 # 1 for a reference and 2 for a running grid.
  10 # Attribute 'min_bin_probing_points' of the grid.
  1 # Attribute 'grid_mode' of the grid. 1=='default',2=='initialization'
  0.0000000000000000 # Attribute 'small_contrib_threshold' of the grid.
  0.5000000000000000 # Attribute 'damping_power' of the grid.
 # binID   n_entries weight   weight_sqr   abs_weight
    10   10   5.146603928747290E-003   9.032128750921647E-005   5.146603928747290E-003
  </DiscreteSampler_grid>
