  0.00618634049657813  0.00665918999323141  0.00702191046733537  0.00735530023176212
  0.00768306673591629  0.00802054190143858  0.00835719132494934  0.00868517070103339
  0.00900585010538820  0.00932953511742084  0.00966722801241129  0.01001585936338476
  0.01037576561584525  0.01075578914604026  0.01112256971199942  0.01151637784846865
  0.01192096659659330  0.01230876600593991  0.01267740097108101  0.01303937797280003
  0.01343770683792353  0.01387827241875910  0.01433483900716266  0.01481425070769403
  0.01528469153644341  0.01578267723238998  0.01630792371181200  0.01691326028313514
  0.01751104447632024  0.01818603920844893  0.01881041753236540  0.01946949830207252
  0.02010072787036559  0.02074379638118264  0.02140119618038801  0.02214596804128965
  0.02283694811906143  0.02356802353166396  0.02423762955843969  0.02492981915422159
  0.02568368225391074  0.02654416336042625  0.02761623470128647  0.02862704284952576
  0.02971919689452004  0.03083937448049052  0.03174064553874349  0.03264486894352579
  0.03359168836832855  0.03465334741894609  0.03578266685882918  0.03693669504341836
  0.03820960048841581  0.03960117728730979  0.04102244461006333  0.04252261755212601
  0.04432710024669872  0.04603122858992319  0.04759740851355514  0.04920138840625708
  0.05084112869561663  0.05253735570076009  0.05420660886132486  0.05578134850797081
  0.05758648645610052  0.05947590101108401  0.06137160004451665  0.06370798029868309
  0.06641548634132985  0.06920542845057755  0.07192900435381464  0.07466102131525892
  0.07781757243464310  0.08116326802487391  0.08519897716587729  0.08927270647427307
  0.09285775413849222  0.09599404113383143  0.09910651747293006  0.10270862732385387
  0.10627045024197450  0.11060863891515132  0.11663662230278583  0.12311485719536090
  0.12952718850480108  0.13589776589869790  0.14283197368127035  0.15000055977181001
  0.15850903115327072  0.16769568525142467  0.18147369257235191  0.19687191488047162
  0.21836135576997051  0.25983590636144899  0.57787747124580302  1.00000000000000000
  0.00000329351606247  0.00000386695444968  0.00000445183887498  0.00000506542032908
  0.00000572535653254  0.00000651573946715  0.00000746573034937  0.00000849005154804
  0.00000951164440815  0.00001055136460834  0.00001172862923589  0.00001308991335274
  0.00001455767266498  0.00001615367258831  0.00001796227500036  0.00001994199086178
  0.00002217748112008  0.00002445216436897  0.00002671545139850  0.00002918775905117
  0.00003199545254210  0.00003505987410305  0.00003834011688714  0.00004191339427873
  0.00004568987212990  0.00004962325012955  0.00005374475542025  0.00005792131472448
  0.00006210727993691  0.00006638525858958  0.00007096950755331  0.00007622643040229
  0.00008164262146511  0.00008738629577278  0.00009277678625430  0.00009859533090475
  0.00010584651836512  0.00011399793417009  0.00012286715027040  0.00013257717162771
  0.00014264229409431  0.00015309713609429  0.00016378296074831  0.00017430718482270
  0.00018502288110716  0.00019653101663296  0.00020904447082178  0.00022251135947304
  0.00023627905071538  0.00025115560189375  0.00026752481211960  0.00028772130528540
  0.00031048341839180  0.00033630407090203  0.00036871403528230  0.00040545038815992
  0.00044408051398651  0.00048516565194739  0.00052726101430977  0.00057700503822702
  0.00063700560725264  0.00070395763875578  0.00077804963841702  0.00086040332783099
  0.00095479953366324  0.00106620257703347  0.00119346980761537  0.00132995376259291
  0.00148096487404816  0.00165472640361245  0.00186018628675107  0.00205585855454650
  0.00226001782259430  0.00248633671381130  0.00276806740418010  0.00312565001323796
  0.00353731053405713  0.00402665928003783  0.00452855124804331  0.00508119340699623
  0.00565323052494535  0.00641811712511709  0.00743603198228827  0.00880830173989793
  0.01050086960107732  0.01265974905482679  0.01570724676336270  0.02024118473699035
  0.02538727767873197  0.03065340275994340  0.03836406979175793  0.04942978784471055
  0.06850250583713190  0.09946098948580975  0.18678179031246009  1.00000000000000000
  0.00000209360700013  0.00000825366523890  0.00002067915641092  0.00003927754387223
  0.00006297448873839  0.00009550847981556  0.00013538336117765  0.00018425874002375
  0.00024210583240800  0.00030884326849983  0.00038732713639872  0.00047555549953442
  0.00056861022634390  0.00067364444257860  0.00079225646598848  0.00092736946164056
  0.00108066938233877  0.00123401050188114  0.00138784024946946  0.00154719619093402
  0.00171203694092386  0.00189263666244411  0.00208679190432211  0.00228665520648765
  0.00249255934321085  0.00270794513172668  0.00292238578006112  0.00315089808707093
  0.00340711157961913  0.00369653518689535  0.00398735320222471  0.00426776361657348
  0.00456283294901101  0.00488716378086208  0.00523348022789741  0.00558674000380485
  0.00594987088496484  0.00631702025874824  0.00669583621723092  0.00707335294449454
  0.00747966815023384  0.00791710777492276  0.00833380445640011  0.00876841678973947
  0.00920834254883104  0.00967594521452990  0.01017421377462415  0.01072639168699892
  0.01132000776394594  0.01197161410074494  0.01262928195560730  0.01326293985958940
  0.01393019561387745  0.01466363553297766  0.01538606518506182  0.01615994848991088
  0.01699285810047080  0.01781655696988404  0.01875242268318955  0.01980129658768553
  0.02089010598738667  0.02200855141396460  0.02309492746868554  0.02420943504310832
  0.02536493205252845  0.02671084191069507  0.02803710672250800  0.02951009204317182
  0.03111192100235346  0.03255156482406846  0.03667981847256615  0.04246482099438062
  0.04583688818401122  0.04912196706103523  0.05243096314140278  0.05557826136122416
  0.05841860852034787  0.06051272992708203  0.06240421997379778  0.06422548056396213
  0.06584004954555721  0.06714222397382934  0.06990290963542443  0.07361894264426126
  0.07989333942181465  0.08744417219661046  0.09683184663540073  0.10775601851292625
  0.11981470955847673  0.12477966227987898  0.13603082153974036  0.14779283528112794
  0.15589820673010499  0.16121507910120617  0.17378331319466406  1.00000000000000000
 -0.00450780258365956  0.02095670453831077  0.03815765714827293  0.05421698617950733
  0.06856088788251016  0.08274747734711238  0.09816272379966402  0.11408107999175542
  0.12920206050698610  0.14498204135218878  0.15899162437957928  0.17242208115858440
  0.18546550397000044  0.19825508090075708  0.21187426719795588  0.22678963088665738
  0.24104439120197291  0.25448238880897872  0.26784118715326899  0.28156557395288589
  0.29548610933711617  0.30926682231217101  0.32178708117582078  0.33353261929358230
  0.34504147492421028  0.35592205261516779  0.36626779542811361  0.37651351482239886
  0.38743595679093135  0.39936573989735336  0.41084525786257953  0.42167673521034910
  0.43223982163896901  0.44282493281679430  0.45364877560368633  0.46426058271671694
  0.47471532327498889  0.48413371405439953  0.49210161970281996  0.50010524513837840
  0.50794071771713600  0.51661650055731578  0.52599338873706669  0.53521228562007572
  0.54479849603645214  0.55550265739272031  0.56681519842737693  0.57646942417663360
  0.58466804881000312  0.59211851069365851  0.59966504624532990  0.60816316387588254
  0.61664624451334005  0.62578464819470814  0.63540947046544038  0.64468769477638532
  0.65357944038119054  0.66217792238526696  0.67063880981015245  0.67872285776463226
  0.68761697705161129  0.69547971042740631  0.70333101487127614  0.71142678751224842
  0.71977278202498807  0.72854691439344110  0.73712157775529508  0.74562890606673204
  0.75351366046443191  0.76277292385024875  0.77200268656850046  0.78272674544424814
  0.79340572479908000  0.80400310457499757  0.81420917503444645  0.82370230232591957
  0.83307790058453990  0.84271479713025599  0.85294724281106926  0.86352165310475437
  0.87330830118029501  0.88263934240578190  0.89221017634645716  0.90164461957177422
  0.91128098815877934  0.91946858003376664  0.92764635726209554  0.93451032147078483
  0.94145068683539079  0.94896761574526078  0.95594140593187704  0.96361392158529935
  0.97163905495411307  0.97972142853006472  0.98931583335518747  1.00000000000000000
 -0.00249819497178745  0.01154275164060788  0.02247175588222921  0.03297257695184918
  0.04295724477300254  0.05287762875688221  0.06292215755108906  0.07503604105952548
  0.08662648210924015  0.09621665991358663  0.10548350861551269  0.11445124805076849
  0.12436517816865639  0.13476484120320742  0.14569728945549015  0.15710854401741203
  0.16754218722559300  0.17750977748184346  0.18806013786870066  0.19897188471012031
  0.21116693405141726  0.22248525926818988  0.23536445918350662  0.24741214183894944
  0.26021710405419274  0.27035279875002527  0.28046412416605249  0.29032356071522086
  0.30102419145414944  0.31196604427600172  0.32200136768148008  0.33193137019861391
  0.34247219152848823  0.35347030874814228  0.36512918609170014  0.37734299594143195
  0.38938169814827389  0.40076818768197120  0.41206415242633243  0.42417328375447888
  0.43644123651938582  0.44698398489819485  0.45712458392174193  0.46724116461881138
  0.47754026962648199  0.48879119586569669  0.49991683335121595  0.51169301649977317
  0.52385411963910022  0.53601623900808026  0.54781796857231135  0.55837882483388213
  0.56780529888268028  0.57768048008544726  0.58780334313313010  0.59927975258449584
  0.61042801332044305  0.62162841652345324  0.63216277464823289  0.64224230050872477
  0.65195548459066432  0.66235283661231270  0.67382210813359700  0.68547762772623289
  0.69586123968755065  0.70539454214432495  0.71477045942915018  0.72378890358824366
  0.73219654300950510  0.74043699287992426  0.74898002339215330  0.75965285351970879
  0.77058362375619494  0.78115721791561832  0.79113082610752661  0.80077705750208006
  0.81122915130401596  0.82160776390968315  0.83278588653263308  0.84226995401977711
  0.85090078990048612  0.85848880299404895  0.86656530055875836  0.87552199398901154
  0.88546265331984408  0.89478694598348063  0.90440415280543662  0.91498102067647635
  0.92671121360092223  0.93853521660134942  0.95030833127934400  0.96045074816635834
  0.96938594816749568  0.97806292856503740  0.98777823599671932  1.00000000000000000
 -0.00198597406670461  0.00986299985141854  0.01960383542984795  0.02977847015979007
  0.03946690104439102  0.04977344182583293  0.06021772327127473  0.07071897370059389
  0.08138845099031783  0.09271453414911328  0.10486274895259295  0.11769996501854940
  0.13125421212584909  0.14392978253228211  0.15660146523119420  0.16772302455675606
  0.17904581387854307  0.18960677188823685  0.20058882900907751  0.21136643936018493
  0.22199695529450303  0.23234414926728900  0.24307616940092514  0.25424050019912697
  0.26545564310729575  0.27627844619555225  0.28562745146886193  0.29363739845887449
  0.30159399662881292  0.30952068128235871  0.31953399313107933  0.32926079130319075
  0.34003176216742403  0.35126242085883336  0.36370333060897747  0.37707708246613325
  0.39171776625824362  0.40496768066100747  0.41663684259646427  0.42813451232967592
  0.43944821092138492  0.44968846554773306  0.45929569719699098  0.46871102866832615
  0.47833603512384343  0.48760361587019430  0.49731110425656722  0.50737656902449280
  0.51812249314739822  0.52855484831111887  0.53690474363530127  0.54454580511592143
  0.55226107524281220  0.56087763876950236  0.57013743193701705  0.58029812554688009
  0.59137234708884623  0.60294947209444638  0.61448592937802149  0.62554156679141226
  0.63621234737020893  0.64721460708226008  0.65812698724151342  0.66914726364107324
  0.68007852198592433  0.69041790644497159  0.70060338538989109  0.71060964730184795
  0.71911336121705305  0.72719358740332452  0.73574299636364537  0.74636229189788439
  0.75971102710533955  0.77172158211873609  0.78165953019841095  0.79069962040216013
  0.80010556662753973  0.81014761041322825  0.82018164354583645  0.82978765194120763
  0.83994986449676368  0.85052116085135898  0.86099386008181322  0.87161863780740223
  0.88258752345502833  0.89322656256264532  0.90372842403389375  0.91396911538238934
  0.92409362134767248  0.93447510581516702  0.94558185961086705  0.95744645300556075
  0.96891571269549948  0.97975236412750288  0.99007048443302437  1.00000000000000000
  0.00548624274541330  0.01447014876096808  0.02318541489966626  0.02978893638849718
  0.03577540290385293  0.04121541380322181  0.04581092159827342  0.05001204665498706
  0.05403784921176542  0.05784681471522764  0.06159075893349947  0.06533955807568687
  0.06903289253408700  0.07243239763245021  0.07559655321025423  0.07863240534590851
  0.08191480043156650  0.08561584539234648  0.08933924230056162  0.09274247832754295
  0.09605089238677482  0.09945701970224839  0.10318394860208681  0.10730877970441816
  0.11061048759753943  0.11360416941591740  0.11634187248962925  0.11879174209340601
  0.12121730552930828  0.12370380151283236  0.12616021876378508  0.12862153353426861
  0.13129177636611158  0.13447844734309949  0.13806313951413848  0.14187396891104720
  0.14608651873125533  0.14937791321229604  0.15191306833269064  0.15415977480654991
  0.15636071417761538  0.15853421632271858  0.16086287279429434  0.16332203604526549
  0.16705934261725605  0.17158090994781849  0.17517725585842184  0.17867575586120596
  0.18239812388291346  0.18570738798869574  0.18852548611742870  0.19137493824005247
  0.19418845070011895  0.19678737981085670  0.19936866732709196  0.20277637701163903
  0.20690668198692494  0.21105987502216453  0.21459693055638746  0.21731427125538977
  0.21964443023454189  0.22222734132018365  0.22481236213030953  0.22735299202750689
  0.23017800886384926  0.23353460245573240  0.23802202786477386  0.24453230995534886
  0.25190775650176062  0.25408643032302120  0.25632391710884667  0.25860037664603486
  0.26089818164843598  0.26320213940207204  0.26863828005986351  0.27956356491065593
  0.28884629049048344  0.29367606624898646  0.29694786217400038  0.29982956775465580
  0.30271885100427159  0.30587078042971150  0.31067040284332065  0.31580182999932449
  0.32084889349487650  0.32748415351433308  0.33668012664469466  0.34884615973651117
  0.35985129301839525  0.36475775767960639  0.37141535730897546  0.38478224006299910
  0.40100632967487465  0.42080845170660253  0.55386863440352407  1.00000000000000000
 -0.00237036985261871  0.01051891916904209  0.02111460121312248  0.03136623213133953
  0.04163450270245337  0.05281908510214359  0.06436928591268815  0.07571895319346617
  0.08602047516659221  0.09522985396223255  0.10445258324583773  0.11447856517676085
  0.12467135360557545  0.13434969567579758  0.14450312177662780  0.15688700011740997
  0.17020231436053210  0.18230082539316556  0.19369734810592384  0.20325091041545462
  0.21238372398524508  0.22141296632211366  0.23163314017504266  0.24216436719645040
  0.25222108234534935  0.26219773924971812  0.27320412108599235  0.28425251347444763
  0.29545678136903147  0.30632954898215592  0.31690182827517877  0.32785121247664212
  0.33838461614571763  0.34827855401555696  0.35872701302724858  0.36859228384018422
  0.37843996619953885  0.38755910372136898  0.39674118642908163  0.40394137787047019
  0.41120713155452165  0.41843000941773684  0.42662633911366987  0.43517869471804127
  0.44395978636899258  0.45271617233746880  0.46204194798295689  0.47157674130753735
  0.48175031060199719  0.49354516225489919  0.50689924492973826  0.52089008350193766
  0.53389253981290208  0.54513693973603206  0.55483233847881330  0.56396806257418164
  0.57276483095481390  0.58223444917536860  0.59270917605701545  0.60287537055963192
  0.61295336851815496  0.62305229451370725  0.63277389742985546  0.64360073909755178
  0.65405522082789425  0.66438608304585134  0.67530591177189370  0.68520221182179397
  0.69537961710671603  0.70531590308869674  0.71594718186168549  0.72833993127939278
  0.74022750966526218  0.75196373713494247  0.76347088751097214  0.77591049445192184
  0.78871504638485146  0.80111322073910995  0.81251674458890022  0.82414190729993098
  0.83486652762353220  0.84594145345872362  0.85623873334679512  0.86605665323165226
  0.87597824118780965  0.88694869918747588  0.89841269897514897  0.91048211852586092
  0.92119948795933193  0.93045093153526326  0.94044943690020932  0.95122465879748508
  0.96400963670932904  0.97590897860956105  0.98775557163116945  1.00000000000000000
  0.08860712544399248  0.15923845365034342  0.21662401247504773  0.26472148675716739
  0.30232977692784874  0.33644599398211844  0.36768526638043725  0.39492811268410427
  0.41868689189743286  0.44147373844261162  0.46301550401662733  0.48254500397036065
  0.50164316601529824  0.51942316701359315  0.53555148591193025  0.55087418065788996
  0.56678202345531781  0.58278631839528106  0.59782215583898879  0.61174699079982731
  0.62498660116130045  0.63823403065196482  0.65128132719040244  0.66334568075489442
  0.67409782606912205  0.68426520223346865  0.69421668601992736  0.70361377468559572
  0.71213121798083345  0.72007852330900823  0.72791671023317639  0.73625617306902003
  0.74468702851710000  0.75290719916009030  0.76042218900186975  0.76747255270911074
  0.77435429031425485  0.78084104774633445  0.78730431465726547  0.79307645249803105
  0.79878325407497153  0.80445685182057103  0.81011609587536693  0.81569867943365204
  0.82136270847743698  0.82709500831544636  0.83260687497692776  0.83777956733583947
  0.84258293718799349  0.84705252505178430  0.85132521199569722  0.85556216026664589
  0.85985495076754281  0.86407283214258834  0.86809910894101394  0.87219774717730170
  0.87622236179159818  0.88001321227885065  0.88361820915770195  0.88704853883690538
  0.89038878745667649  0.89361495529406698  0.89672735136193737  0.89977206263106557
  0.90285379192921811  0.90614912853535901  0.90949905114065299  0.91260743628213314
  0.91552743606188780  0.91825116465666667  0.92095483799124433  0.92373560446310565
  0.92665568791836295  0.92968231740906149  0.93260420854086301  0.93535521915197861
  0.93817659517271967  0.94098973203937220  0.94386081881065476  0.94681545331048611
  0.94981149653555252  0.95265658601244774  0.95512616682001117  0.95784740471072549
  0.96069415943304604  0.96346267816893194  0.96627815752993229  0.96903953126054376
  0.97178013367589844  0.97446496244610281  0.97699654371760325  0.97971006164888441
  0.98282508615750841  0.98657302947383829  0.99228444287033235  1.00000000000000000
   3.1156350488521256E-011  -1.0000000000000000     
 F F F F F F F F F F F F F F F F F F F F F F F F F F F F F F F F
  <DiscreteSampler_grid>
  grouped_processes
  1 # 1 for a reference and 2 for a running grid.
  10 # Attribute 'min_bin_probing_points' of the grid.
  1 # Attribute 'grid_mode' of the grid. 1=='default',2=='initialization'
  0.0000000000000000 # Attribute 'small_contrib_threshold' of the grid.
  0.5000000000000000 # Attribute 'damping_power' of the grid.
 # binID   n_entries weight   weight_sqr   abs_weight
    10   10   3.966495008488709E-002   7.132562217588479E-003   3.966495008488709E-002
  </DiscreteSampler_grid>
