  0.00026896468239767  0.00044603937634972  0.00062513775258815  0.00092254506920425
  0.00138744236960913  0.00205801308839171  0.00291891934808707  0.00388042703504034
  0.00496211741329092  0.00613903544933296  0.00734867528960431  0.00859589558168784
  0.00995286773982409  0.01133170868937443  0.01262779287423662  0.01397003563715217
  0.01530217672084696  0.01671965695142487  0.01822752744494692  0.01974971704873299
  0.02124326934883184  0.02268166168899545  0.02406563804555495  0.02535463072244474
  0.02658679291984435  0.02777472304488424  0.02900334845025159  0.03023177186099310
  0.03142980454289551  0.03260600489662585  0.03385772780803047  0.03529221413036314
  0.03679063943452160  0.03822229085532763  0.03963096058356760  0.04105934686249391
  0.04258012228787927  0.04425610828260150  0.04583898153425695  0.04743586800870142
  0.04895002287777533  0.05042827161377556  0.05181706826991876  0.05350237973859943
  0.05528621384787310  0.05693396808898806  0.05851185323357509  0.05999049855935973
  0.06144497903296900  0.06299892579634708  0.06482423280927073  0.06683978067461679
  0.06892820972759243  0.07105181761262662  0.07318087274145557  0.07555725851730061
  0.07793679408017463  0.08049118929961341  0.08307969494407075  0.08541483039210478
  0.08722078368806367  0.08833198432134155  0.08960337943994025  0.09086814741355394
  0.09219768894124250  0.09387456090295682  0.09583324660578577  0.09788118642643823
  0.09972238082852597  0.10124444530704228  0.10258051023342438  0.10389140048495139
  0.10536075754393312  0.10712261110903189  0.10989198384986822  0.11292909765738872
  0.11587794679434112  0.11870342963997177  0.12119653128960360  0.12358375923779688
  0.12583586398189867  0.12798924353956470  0.13017962234095690  0.13238008083969435
  0.13424168918989610  0.13636822370262824  0.13874017554151263  0.14150569811408001
  0.14523945784714581  0.15001150346471190  0.15739897833637148  0.16868530948268665
  0.18386970463732322  0.20193221622242477  0.21563913664973219  1.00000000000000000
  0.00014214837898212  0.00018084258149510  0.00022559981627852  0.00027536700185654
  0.00035553010326534  0.00046696156109549  0.00056642085146536  0.00066249332639251
  0.00078380951619923  0.00099995221688488  0.00133071847468272  0.00175454832107213
  0.00223464081486065  0.00278100362092754  0.00339667792181232  0.00408136773397087
  0.00475317866706462  0.00545474838819297  0.00624803180932572  0.00709552734104038
  0.00795704189326514  0.00877815190044325  0.00961220141960280  0.01052497186143030
  0.01141839341471629  0.01213704986064893  0.01278334673465794  0.01349112188174433
  0.01432502192090520  0.01520184998833567  0.01607771127460252  0.01691388005201473
  0.01770877472232543  0.01852657566063976  0.01945988626762239  0.02040327005362325
  0.02138464514568207  0.02246814921717574  0.02355133488650739  0.02457639873600650
  0.02558900609971900  0.02663627533942027  0.02769805353026534  0.02876163409262207
  0.02982099582203857  0.03086558080748129  0.03188508595662366  0.03286394766904777
  0.03383806997463444  0.03488359072743120  0.03598009245299002  0.03705067796590762
  0.03810667454869333  0.03915635219457321  0.04029652765754380  0.04157138750788619
  0.04286328286079610  0.04414423110874895  0.04538098468562412  0.04673027061554071
  0.04821706117762452  0.04972218613005016  0.05117947400379250  0.05256062982821408
  0.05385399814087447  0.05528984375293440  0.05675375026823987  0.05809742438684465
  0.05939655924640921  0.06032045614064892  0.06353636466467674  0.06975626384019942
  0.07788793910743678  0.09005317117944617  0.10197052312085859  0.10984073434793341
  0.11737366217681977  0.11911566540592829  0.12148601279371198  0.12390249827187337
  0.12621824336808099  0.12875279244459914  0.13114412770926720  0.13341239935284518
  0.13555670889372762  0.13757770253558416  0.14002239365978647  0.14231767684657168
  0.14454434572619304  0.14736832124874405  0.14997311519684928  0.15209323034057978
  0.15468996305838961  0.16265030420173482  0.17900628572941382  1.00000000000000000
  0.00004326097079226  0.00008416859514180  0.00011194433249164  0.00014266002373556
  0.00016966163529484  0.00019491140463579  0.00023709055102175  0.00028815817961214
  0.00032845962913132  0.00037551270886457  0.00044552315690630  0.00058315618144602
  0.00087722631471482  0.00144573274119121  0.00244499321446727  0.00368488472537153
  0.00523833566212587  0.00698831678811840  0.00874570600965990  0.01063358285139655
  0.01267310317331523  0.01482352632804810  0.01697689890307951  0.01909469328982420
  0.02134028481355394  0.02373225633696060  0.02621197365584023  0.02856734518500623
  0.03068228393019969  0.03272948034781638  0.03496780913206041  0.03706995448282070
  0.03918984371359820  0.04128043644889741  0.04326353665167811  0.04504701168102230
  0.04680197445478926  0.04871117353220573  0.05074464330434818  0.05280703587689969
  0.05513542199882710  0.05754191154621226  0.05994679728943429  0.06223759038416190
  0.06470020903712817  0.06751231196163592  0.07033657229360793  0.07336534386768065
  0.07658536109714921  0.07994661429035306  0.08306422881651633  0.08630324177938975
  0.08953759743712335  0.09263794305767202  0.09563795697045227  0.09848514172053363
  0.10150290677597162  0.10458168540824997  0.10782947708127982  0.11123433555993872
  0.11489568027307107  0.11851705346846916  0.12245162359165948  0.12681452094990076
  0.13122251173983621  0.13586212925560767  0.14026738920895593  0.14535941630085678
  0.14978349044595013  0.15344461274343488  0.15674821793522495  0.16039709306018676
  0.16403145694782156  0.16737282477846244  0.17080522904571865  0.17410730704858135
  0.17763468773137736  0.18304899404516609  0.19108875678231196  0.19640769440898737
  0.19978999196814898  0.20134730131642700  0.20290461066470500  0.20433703545546847
  0.20566477312505088  0.20699251079463329  0.20835788561378035  0.20975116141612538
  0.21114443721847037  0.21359997525081637  0.21676190582042665  0.22028407669558461
  0.22343182778422302  0.22579040335264514  0.22809248406972157  1.00000000000000000
 -0.00344052156259232  0.01096887399789708  0.02439396124645572  0.03785089334899097
  0.05241133368711119  0.06766330693435414  0.07970643921345967  0.09135394567664304
  0.10180619327572246  0.11316640861860067  0.12717992907305298  0.14147798013901261
  0.15440383970202667  0.16539976664006936  0.17485161149048276  0.18420335632546059
  0.19362590314536321  0.20304724386577308  0.21274752127999583  0.22291590108661130
  0.23490791571874095  0.24651259615496132  0.25774717937004649  0.26780563524329531
  0.27834106605527986  0.28849066974171045  0.29758153924134462  0.30638962070703241
  0.31597704291371415  0.32501171143931845  0.33412903633051350  0.34291093263573058
  0.35214709721782800  0.36096437498851264  0.36965438423307156  0.37819381589564044
  0.38709977028762088  0.39647781029218770  0.40590187817529061  0.41482362118487687
  0.42293392279406833  0.43146143983252555  0.44188192012884825  0.45150796088405143
  0.45959874484298890  0.46690984795028401  0.47468287239391410  0.48349917949755722
  0.49752435086222369  0.50964266139805270  0.52348721635288309  0.53747901646511598
  0.55108525610421677  0.56244885653743526  0.57306056415341688  0.58428413505644394
  0.59736955166247152  0.60825821495735111  0.61608925070061749  0.62483535212957531
  0.63355782836193852  0.64144462623447107  0.64956079661943000  0.65671622923577055
  0.66423652594166849  0.67272444480008597  0.68407323269172293  0.69511565808583664
  0.70733449857526842  0.71932618051326702  0.73053376599908904  0.74003274102374761
  0.74987966138139062  0.75983222912796178  0.76949007737968844  0.77844748393813468
  0.78689952635543148  0.79577012190617835  0.80516866215564675  0.81493445121540675
  0.82313958829938916  0.83192499563274003  0.84164842812842666  0.85253001985275823
  0.86365638224006636  0.87476064515582541  0.88746464175844941  0.90057849083707864
  0.91227157514271573  0.92415182121878381  0.93662783098182911  0.94964839137582968
  0.96258474701034236  0.97536351090814621  0.98806815183353081  1.00000000000000000
 -0.00140405896555520  0.01521055113483385  0.02517707795514364  0.03249755252552101
  0.03876206842766641  0.04414349592599476  0.04870281644852691  0.05292461056206438
  0.05698799804946864  0.06087836356418183  0.06486921694144725  0.06904940821067124
  0.07327847412314208  0.07739687293457102  0.08125745033633744  0.08461447059225158
  0.08763582167889558  0.09103371539024138  0.09458815598256225  0.09794590822044853
  0.10090879894625843  0.10396461455442933  0.10710104223639207  0.11055681128365537
  0.11360998894880955  0.11654620034077444  0.11939193647106769  0.12209951313040827
  0.12508966314213507  0.12811813922472032  0.13110565653995987  0.13428019025567514
  0.13710962027143617  0.13980252179845601  0.14259906636455519  0.14553903265777299
  0.14827336326760537  0.15088599064484584  0.15354105528302819  0.15634932538585641
  0.15900205174832238  0.16154592643636972  0.16410936584152272  0.16678551725290980
  0.16984398343465071  0.17301486241483813  0.17582910154133399  0.17853645206991978
  0.18128279688151475  0.18410084073639391  0.18689079287178784  0.19034801430824833
  0.19339209182514175  0.19631522978358806  0.19923318711459856  0.20205136939877952
  0.20505183280192338  0.20815869492137901  0.21143709503069966  0.21564940195436774
  0.21954726322991694  0.22194669465697153  0.22420774857930345  0.22647088732089110
  0.22959816326539867  0.23152025136046414  0.23287245007253105  0.23423356235442741
  0.23563046620756845  0.23784308748030356  0.24044503944969417  0.24288832683120418
  0.24534773999026271  0.24801246100568500  0.25055181018397149  0.25333770203237965
  0.25728462179437606  0.26103320389751800  0.26445801475438246  0.26784710747213120
  0.27275821285842317  0.27753628004621195  0.28227892506492547  0.28594455209435699
  0.28791055191860371  0.29013913927927026  0.29425145260355268  0.30720032881923520
  0.31882424882138577  0.33129931316845135  0.35977725190218995  0.41670922654064435
  0.47778175183403648  0.52134519187799655  0.65073914038182845  1.00000000000000000
 -0.00188454085146886  0.01178625597586198  0.02343580505001033  0.03496471240358239
  0.04615687430780890  0.05775101452512050  0.06954498867970556  0.08170230464951764
  0.09883966510905204  0.11610105219031587  0.13344191185165769  0.14895879388920438
  0.16166109999872649  0.17152169752198959  0.17967877891653980  0.18934713401865783
  0.19931251493824806  0.20779927539449020  0.21576200127990564  0.22382779198987721
  0.23471243071620945  0.24724000127530382  0.25908086274859848  0.27134660202201394
  0.28555025923005523  0.29694761311884227  0.30641433627895831  0.31584279851012598
  0.32510969939333090  0.33426276966848217  0.34347863887327046  0.35217110564707177
  0.36378929546850208  0.37576427877176316  0.38738774622894079  0.39757271290878315
  0.40528212209362735  0.41292898854645577  0.42145472335378958  0.42981787885588368
  0.43731772904240929  0.44413742589291200  0.45125949901078882  0.45924662318845172
  0.46953547435480530  0.47953032223290731  0.48839214767251837  0.49733248295909294
  0.50590608934270320  0.51435668515488753  0.52335799439682773  0.53359748329183010
  0.54516869297936477  0.55710462330040267  0.56918229734056580  0.58001576435878766
  0.59068094043542851  0.60124989254621919  0.61080125745518998  0.62011422327898480
  0.62972371225277701  0.63873610199720277  0.64757924391411503  0.65633715677930304
  0.66445946028753533  0.67411299781641731  0.68601179055529182  0.69787343348804143
  0.70920953626103289  0.71924651596351474  0.72884504527665694  0.73816373400106372
  0.74729298644024844  0.75762769695988197  0.76774932663758633  0.77766433327902740
  0.78746256200646247  0.79795288353105276  0.80670369716861845  0.81532608004594309
  0.82449217888208359  0.83367463912671869  0.84408892076471920  0.85486473362873361
  0.86667589242211618  0.87872431640670456  0.89017062625041954  0.89951129280205178
  0.90816278930683658  0.91848727782185402  0.92989872472157065  0.94198018281029872
  0.95466703525873864  0.96819874430555886  0.98278477927043628  1.00000000000000000
 -0.00103827875706956  0.00370366741909553  0.00730947079510211  0.01019513548146855
  0.01273328817674712  0.01507306859669552  0.01726129236724002  0.01944575164847736
  0.02163559322900527  0.02382410536848001  0.02609661287814085  0.02821763551713586
  0.03038533994414427  0.03258852083439462  0.03494568751743855  0.03738012208669577
  0.03972717779962164  0.04172595453329208  0.04297184474910765  0.04394936499999585
  0.04507269226224356  0.04628131899259619  0.04777861973612860  0.04930121674637150
  0.05075417172382458  0.05217805394174943  0.05332283564828481  0.05440572722810718
  0.05546135578636301  0.05655502664850702  0.05772897401988538  0.05889019037456514
  0.06005661442139074  0.06130574285191413  0.06266711112860833  0.06410197035071684
  0.06563616476417658  0.06734608059929868  0.06914119418800697  0.07061320347171175
  0.07193314204830174  0.07319904405342116  0.07457305361756972  0.07602031907733235
  0.07743826728920024  0.07881025905272691  0.08010912231583145  0.08161945041519664
  0.08334463501296924  0.08485475711025785  0.08624864811113780  0.08769392401721056
  0.08936402511261868  0.09092831538778995  0.09230014056102598  0.09346833297619671
  0.09435832257855560  0.09518180041266561  0.09604124381162693  0.09713937041904266
  0.09874376440513605  0.10069674808135883  0.10260021501383404  0.10423175691923987
  0.10611800113766874  0.10867430375087511  0.11092806233256407  0.11332908856008640
  0.11626719753631684  0.11977861768901969  0.12344230197375361  0.12653737671054927
  0.12987372689304438  0.13307257265276451  0.13530592416934678  0.13767975179406183
  0.13986442212808245  0.14148077490572736  0.14360316781325699  0.14621282899704025
  0.15009673235400595  0.15351894361099136  0.15692049551103956  0.16033818867076810
  0.16460239584690264  0.16919045394750895  0.17399882970748107  0.18153631157994746
  0.18748028530014699  0.19537933018115797  0.20383080906120046  0.21295951203409508
  0.23943551610978098  0.30940965372997825  0.40665846268455996  1.00000000000000000
 -0.00365419180457798  0.00848209211206579  0.01966777069005720  0.02943309824366620
  0.04019529483100415  0.05082060914753452  0.06102597276801037  0.07041257099757831
  0.07953035483615628  0.08893305591095513  0.09849578687884260  0.10820823778447089
  0.11849575884632031  0.12981580834039838  0.14206856891258643  0.15238863283677442
  0.16187479762569557  0.17189899887290425  0.18056159346181261  0.18885176649873606
  0.19678863268669958  0.20414957162692221  0.21269570445174796  0.22311444929776744
  0.23430620807875585  0.24668579615376326  0.25838359620882756  0.26949048644271184
  0.27887760748641449  0.28835718877071548  0.29804487099795873  0.30920224877687580
  0.32009499172737821  0.33099016406546505  0.34264515453584932  0.35567282400904071
  0.36949512143977326  0.38689984070754069  0.40199787789512897  0.41353417078588295
  0.42506740480686500  0.43713325913640327  0.45012738419296855  0.46382297819213864
  0.47951441203696543  0.49471187832417834  0.50733572940312655  0.51711311521640602
  0.52512900419796349  0.53356700795420575  0.54267685594418047  0.55260167429978091
  0.56098849596056677  0.57931139136496235  0.59716884571086548  0.61174765414630006
  0.62440887379179710  0.63506693025226457  0.64613737262277426  0.65670549662338662
  0.66909759372943789  0.68196799088415383  0.69516858286066141  0.70878400674425479
  0.72037733791679193  0.73135045127745735  0.74101975328396463  0.75075238003071332
  0.76094597213890258  0.77130236420028631  0.78115133775209955  0.79081219221265930
  0.79984857680237886  0.80835229741238623  0.81685940721629624  0.82604445236341850
  0.83630976478211705  0.84827024872586376  0.85892471063237807  0.86810065239295431
  0.87601484394955098  0.88350152517918457  0.89167957028376021  0.90095788974552082
  0.91105692240790703  0.92038357424693007  0.92868135759582326  0.93664058154112340
  0.94441531489768571  0.95269264584996072  0.96083017955342476  0.96921059139560428
  0.97603697263277889  0.98402402077399675  0.99222886274782840  1.00000000000000000
 -0.02024574650475486  0.48535221139669615  0.59504650627656586  0.65855418210343541
  0.70238205537742870  0.73556397600013290  0.76047980206122545  0.78191277808890081
  0.80028402306018143  0.81472743541354198  0.82679418820990380  0.83811991015973353
  0.84834137158438205  0.85713298594192611  0.86440683270337881  0.87141858298409169
  0.87791622694748028  0.88378325324748996  0.88915193635650824  0.89408746642911385
  0.89865844762034786  0.90285803269546328  0.90686481133870334  0.91043953431870805
  0.91389504991533088  0.91723437211472225  0.92042877426060232  0.92331890555353702
  0.92596243379410059  0.92851825976648161  0.93079758982860450  0.93304561736765945
  0.93517231896695863  0.93709020515469033  0.93886850714931025  0.94044497212324674
  0.94197790939519732  0.94349816012238086  0.94498138988324110  0.94647333435375636
  0.94804045593488284  0.94965462773923415  0.95107721628104380  0.95247086103391720
  0.95379141818836710  0.95509099114850660  0.95638604309356168  0.95767415892435159
  0.95889507818318342  0.95998101404962577  0.96100279316680859  0.96198610339374979
  0.96296590998081022  0.96394206968919860  0.96490923709963350  0.96586162570291190
  0.96680212814406841  0.96775825481882960  0.96870644756131796  0.96963942338680165
  0.97056178307404273  0.97145857854547879  0.97231625219184548  0.97315106720246447
  0.97392725850128736  0.97468270527531453  0.97543311615122552  0.97614001935939010
  0.97685451896946107  0.97757211571758729  0.97828404310938200  0.97895650974202930
  0.97961978352173773  0.98027906684275212  0.98089302364844488  0.98152711962648576
  0.98215829302998536  0.98278395028615750  0.98343182168006305  0.98408146620370029
  0.98472076021801136  0.98534098680217252  0.98592811954175963  0.98648614424772174
  0.98704313875922767  0.98765153703504260  0.98832110729958345  0.98906600852785787
  0.98985757445243994  0.99065644476706760  0.99145678740418397  0.99231525833406697
  0.99325896261083990  0.99440867374815511  0.99621994531401747  1.00000000000000000
   1.0686946828393326E-017  -1.0000000000000000     
 F F F F F F F F F F F F F F F F F F F F F F F F F F F F F F F F
  <DiscreteSampler_grid>
  grouped_processes
  1 # 1 for a reference and 2 for a running grid.
  10 # Attribute 'min_bin_probing_points' of the grid.
  1 # Attribute 'grid_mode' of the grid. 1=='default',2=='initialization'
  0.0000000000000000 # Attribute 'small_contrib_threshold' of the grid.
  0.5000000000000000 # Attribute 'damping_power' of the grid.
 # binID   n_entries weight   weight_sqr   abs_weight
    10   10   1.910314429995947E-012   7.439462357577191E-024   1.910314429995947E-012
  </DiscreteSampler_grid>
