  0.00106318996735298  0.00157136717178431  0.00190547280338093  0.00218141098045989
  0.00243534578212189  0.00271251178143757  0.00303478194386014  0.00336846894733761
  0.00368224217508049  0.00401167748057272  0.00437885352894149  0.00471036765952660
  0.00498651589042565  0.00526915039982503  0.00553266687009932  0.00576524639681681
  0.00605577701979192  0.00639051812068910  0.00672897855998639  0.00709504377402603
  0.00748204494349329  0.00788579772602057  0.00833589862766386  0.00877462899026831
  0.00928495321737528  0.00977796493224046  0.01028305225662517  0.01082714320821211
  0.01136973446234493  0.01189096908885563  0.01248911816661392  0.01310705263652211
  0.01376204815653588  0.01453757799335488  0.01533818200611439  0.01609979046144151
  0.01679702423985162  0.01738597883741989  0.01802651057044867  0.01883936789002170
  0.01951818108059188  0.02017862973657848  0.02083715786763675  0.02157464052982664
  0.02244833551794897  0.02348912968731922  0.02469498796917946  0.02593674038981085
  0.02725558490350186  0.02864329817217781  0.03013575847321767  0.03171912951581363
  0.03313424436242588  0.03436798286827283  0.03546518201232182  0.03659908861559008
  0.03791028253305799  0.03880472394917805  0.03962059575234080  0.04046286946887500
  0.04137869534365025  0.04256106592867794  0.04436867780770781  0.04625194979133201
  0.04825165326599205  0.05029107521614783  0.05218458176292586  0.05423627685338794
  0.05641366782781624  0.05876875248803656  0.06161386113719575  0.06350089382527814
  0.06516020174128549  0.06689431319316930  0.06844408980929702  0.06962468893022790
  0.07070568448545805  0.07191820473411274  0.07364792038557144  0.07536048873461962
  0.07703278445447710  0.07845337961408311  0.08178106347139037  0.08753599790639736
  0.09558146047765005  0.10534056910053713  0.11744143582885706  0.12933633122936997
  0.13888991890813099  0.15166399167111241  0.16508901679551233  0.18058787153426031
  0.20017619905620618  0.26595043671881863  0.39353693846484350  1.00000000000000000
 -0.00000408027864824  0.00031860037302933  0.00083166951618659  0.00147059271495141
  0.00225718930903861  0.00308278511020069  0.00385898435939849  0.00461046290487476
  0.00544740136511014  0.00631501392531111  0.00720839399545313  0.00814854013790273
  0.00913945633829491  0.01017971582374799  0.01120657404255708  0.01226220584616584
  0.01335756493073060  0.01452544593025620  0.01564560347749564  0.01682629390009916
  0.01801522310409357  0.01925920778168080  0.02053034670593044  0.02166639364763097
  0.02259598904809935  0.02357287310309123  0.02458006433069737  0.02557646830894433
  0.02672558686606646  0.02803888698527401  0.02932214269502076  0.03051201436202590
  0.03169078603525646  0.03278640808250099  0.03393608097502442  0.03520647434510936
  0.03658499490062871  0.03746433760318114  0.03825390436144378  0.03914040380544060
  0.04005939936374645  0.04098955775846917  0.04192178765862124  0.04296838509247826
  0.04425597002962352  0.04547690082193181  0.04689163957205925  0.04849170529079321
  0.05019282506262478  0.05173911887871396  0.05284846937213513  0.05396117470719607
  0.05569177805105971  0.05772322138505618  0.05971957099684302  0.06159394843104284
  0.06328150171596514  0.06497941876255245  0.06716959602191000  0.06984239907601467
  0.07320330802853402  0.07605068511194675  0.07854471736864922  0.08097588399594227
  0.08366767109059965  0.08533383462773203  0.08675051250090400  0.08803716376365237
  0.08920595698175400  0.09064705813130791  0.09228785151706607  0.09419727444962810
  0.09603018635526891  0.09775605206157212  0.09985753694651731  0.10228472956812555
  0.10437437449284197  0.10602498808128315  0.10754647745374833  0.10918680729494198
  0.11116646641853468  0.11391183907314380  0.11734273819103960  0.12115428070334365
  0.12503342155446009  0.12798347536294161  0.13053387980703232  0.13197205403837739
  0.13698088988361901  0.15628934657957336  0.20618813181628681  0.27240514956753747
  0.31147928104642703  0.41664002817777090  0.60540588802175699  1.00000000000000000
  0.00030691125489205  0.00036514566030849  0.00041229602007543  0.00046076185004601
  0.00051070764426163  0.00057046964285011  0.00064502537984275  0.00072785151150905
  0.00081696605733453  0.00091963104141551  0.00103867948333446  0.00118615018601539
  0.00140719437396961  0.00170996590248826  0.00204466386830166  0.00244484402254980
  0.00302238747244486  0.00376288501210263  0.00457760295125886  0.00542844079785101
  0.00627532537111153  0.00714151618128419  0.00817564936112470  0.00963042627435931
  0.01110121681975077  0.01234561864162552  0.01356000712362616  0.01494598084592033
  0.01634634150897462  0.01746997448070855  0.01864857023641195  0.01980126241340828
  0.02079806043471196  0.02176947060122740  0.02274781744831094  0.02391259673375415
  0.02543557647264802  0.02693433720864256  0.02859562631279750  0.03009947334802215
  0.03135926085979969  0.03265680019566281  0.03414684499862145  0.03582063573630127
  0.03744560885462348  0.03903061802803637  0.04067519471998179  0.04264780012173088
  0.04517896524632200  0.04781313069253231  0.04967194477295413  0.05148848419251340
  0.05305208354898466  0.05436256462471697  0.05570606054472026  0.05709348006197177
  0.05843301409270150  0.05959973794241510  0.06067905767396627  0.06176280148804383
  0.06309070250063631  0.06453931182251563  0.06597514964590992  0.06755046016678001
  0.06913007933744149  0.07063304213224245  0.07195092522018409  0.07320971742759975
  0.07452937814536090  0.07601569541668252  0.07762700608297282  0.07929360727858079
  0.08034105906088039  0.08092199766760401  0.08439315472749805  0.08924745942887119
  0.09392215991700982  0.09844011414385634  0.10405958198293441  0.11019640924744069
  0.11672059665629496  0.12329062538617917  0.13117847913582195  0.13984131032929661
  0.15126392374577532  0.16234764470617707  0.17297173043401248  0.18209876990827412
  0.18991507118296275  0.19634101222550771  0.20149719526240117  0.20488853077735569
  0.20583008525840565  0.20583008525841731  0.30251172465330167  1.00000000000000000
 -0.00144952630922044  0.00645194884696644  0.01232127812215668  0.01754068493979467
  0.02306223009731152  0.02864465856421507  0.03412270649391314  0.04034254432578040
  0.04713737590607438  0.05374588477141918  0.06033001178783190  0.06616329253402493
  0.07213384127427783  0.07830283774854850  0.08588537164826970  0.09366997800650126
  0.10180030384617729  0.10882825153891187  0.11474593735572933  0.12014598132813394
  0.12540285379493682  0.13107389618937756  0.13762102832788986  0.14562241083910835
  0.15431921564099704  0.16287821452452148  0.17184694511805798  0.18047184129763777
  0.18794445179546460  0.19399212662138621  0.19966816918493685  0.20734125027415012
  0.21445570672930128  0.22075130479801036  0.22641159643759537  0.23275581382368257
  0.23924424065955333  0.24575189792505156  0.25383195930429520  0.26401114346315563
  0.27093905341775953  0.27753679956985144  0.28429364838728421  0.29117940105903090
  0.29934517465564614  0.31027408866722028  0.32342637010364667  0.33627556229488981
  0.34785383327934949  0.35733985483354658  0.36592452775742285  0.37526359333653092
  0.38559037323443501  0.39623295833433608  0.40435476822387245  0.41109776029976014
  0.41814851539537795  0.42597027312242747  0.43571675238852675  0.44529270446998542
  0.45432909446112762  0.46421687525393368  0.47528810559738172  0.48444022857434255
  0.49238483766462987  0.50080266645747396  0.51043821811051704  0.51981749867032778
  0.52949276305555715  0.53852720705395463  0.54860047950895985  0.55858577653107444
  0.56769950930505553  0.57646906745949622  0.58708988153967545  0.59934055162789024
  0.61146194647551322  0.62393141396521801  0.63798326753658341  0.65574936317156451
  0.67203795551267553  0.68897012353198284  0.70630484805075322  0.72718674166287589
  0.75068588353579158  0.77386179127844323  0.79439463595209436  0.81319586969643343
  0.83166217712602697  0.85048365072035348  0.86737391306959688  0.88524331507613851
  0.90842860768677536  0.93746991685456360  0.96754835365318193  1.00000000000000000
 -0.00176749960591950  0.00812298658164289  0.01711373136133296  0.02699040811305209
  0.03605736506143281  0.04500700779337771  0.05476264920117249  0.06389612391029310
  0.07671028405358749  0.08784512486626686  0.09891665353414199  0.10943406475448475
  0.12076750270074763  0.13301229207883641  0.14483099282002235  0.15647095205857953
  0.16740582501770584  0.18086406600433294  0.19520423840414902  0.21190978321156753
  0.22748086568892020  0.24222010986926182  0.25414473008329158  0.26257496303172906
  0.27091116831052986  0.27909524764840293  0.28803183841187108  0.29938601586846453
  0.31048639539892164  0.32127609462183443  0.33201973057843676  0.34524197816879137
  0.35658809480355214  0.36571856324873980  0.37414026959074964  0.38379668683848905
  0.39346082423443540  0.40118490963273201  0.40892559691817060  0.41739406076038943
  0.42704314290228196  0.43708800180724711  0.44615181675995613  0.45440647261620287
  0.46318146508851760  0.47500956280126699  0.48580894197470992  0.49663770456671658
  0.50761629998405589  0.51841805143326869  0.52706642705540807  0.53420793715124826
  0.54145414632941524  0.54939178662172250  0.55946691176414720  0.56882775669884789
  0.57759461070116436  0.58823359481794035  0.60194456966982091  0.61388189629507184
  0.62374251693993121  0.63359764258938411  0.64249994315350412  0.65502661744881774
  0.66696965409043785  0.67942321834966612  0.68887192917705853  0.69699246072735366
  0.70525209940144584  0.71325275436677127  0.72039977388035736  0.73028114579638337
  0.74350443705408020  0.75612901345505434  0.76701036903633257  0.77740963192560442
  0.78666981766491717  0.79516886595240499  0.80402822954505571  0.81422256655329228
  0.82885611986527263  0.84637971370349385  0.86468338983984161  0.88198151855446438
  0.89360541846068386  0.90315255229581060  0.91153006273966886  0.91973202317649116
  0.92929232253449612  0.93916641642499465  0.94752392711389666  0.95516524875597530
  0.96303615155328937  0.97234566580046145  0.98359111447146286  1.00000000000000000
 -0.00226953420344122  0.00698639500680791  0.01663571226480995  0.02687909877874644
  0.03776606402616475  0.05116609734080997  0.06496525503781599  0.07917310809963775
  0.09346130850268358  0.10619530534841565  0.11843456829775041  0.12867919939302519
  0.13859057717239923  0.14841661392979202  0.15788237229153487  0.16704106869319882
  0.17944128024871162  0.18985845856104039  0.20031946225579353  0.21058370157928630
  0.22200673734343140  0.23374801337115747  0.24594313657391559  0.25794425877092592
  0.26990227697333613  0.28131495629915354  0.29209014080589263  0.30182212673158670
  0.31085207507408086  0.31873078227738583  0.32503238797272743  0.33107415450848887
  0.33739059048490538  0.34442827171097012  0.35247915177831673  0.35914243505330723
  0.36593478473075358  0.37160312610293911  0.37859898276612386  0.38837852191320321
  0.40295147944010518  0.41957302247023393  0.43688237062436525  0.45234085349654946
  0.46738953633698588  0.48227492269061045  0.49702833988916245  0.51128012809378176
  0.52408051315785120  0.53597580230329445  0.54757438236066480  0.55901379359468983
  0.56960889626541800  0.57964274555502571  0.59186776512729067  0.60476143338963584
  0.61809902825075425  0.63075453533461368  0.64377841793163437  0.65490020732063958
  0.66521511993085014  0.67476106773701050  0.68207779207332020  0.68977919333620918
  0.69769296137481962  0.70734473313022694  0.72011178068741821  0.73356624102820311
  0.74508178838976935  0.75349564702416283  0.76199415265520865  0.77174851121203614
  0.77993647310943681  0.78840628400119706  0.79692979325405988  0.80528801162117980
  0.81329440160965083  0.82831313649221405  0.84297335119275352  0.85408814870894734
  0.86514503288710143  0.87615996478952718  0.88782868655980163  0.89821989438984273
  0.90504486080761470  0.91226380961525344  0.91929441725932282  0.92632793539431812
  0.93415864138861338  0.94210133432752841  0.94912689197641498  0.95520029037085252
  0.96802610563073632  0.98024540337661559  0.99050606365901372  1.00000000000000000
  0.00485505046554706  0.01590254627607619  0.02547151679349475  0.03314896096560616
  0.03957131535429475  0.04468857322241268  0.04880484668008548  0.05272040973622025
  0.05658433569674440  0.06069807578649236  0.06509949632493996  0.06938618782943473
  0.07358119182535516  0.07742672752080346  0.08026627934560011  0.08309041116803219
  0.08584196677112010  0.08854545923397382  0.09122904757007694  0.09375432142858806
  0.09730920269334202  0.10132718194649061  0.10551709328706399  0.10920424665492293
  0.11289887993791690  0.11647781814813822  0.12006112790926640  0.12355657158669223
  0.12730963343406612  0.13150458514949206  0.13556433789275024  0.13898303493183073
  0.14255289009314781  0.14605214615982698  0.14899627022307763  0.15235056315860968
  0.15573855574949158  0.15918880965782062  0.16290853163164873  0.16654768672550363
  0.16965830407653401  0.17349809281086484  0.17753315264404637  0.18183453771571509
  0.18730229463420928  0.19175353545691814  0.19591605608522955  0.20003998642854462
  0.20362218609174820  0.20623017612367314  0.20865175436201219  0.21112299952097541
  0.21381716444237817  0.21661253310780576  0.21884012452343737  0.22165780708482219
  0.22505843717838245  0.22901258152722689  0.23373550428217782  0.24028927443246201
  0.24836537109084170  0.25345486181970556  0.25721978316461980  0.26061176497270766
  0.26374593134712299  0.26628619759252037  0.26849153620684957  0.27116253764176951
  0.27406202161653126  0.27673073098092615  0.27922061788608682  0.28112872342153478
  0.28283117989687084  0.28479608391855887  0.28732531413539869  0.28824776538883140
  0.28937333831449130  0.29007444087361489  0.29068873093588310  0.29131359920703775
  0.29363576787399820  0.29717890589345564  0.30048023615250341  0.30360574191753831
  0.30700753816922782  0.31035935215669291  0.31762723266432119  0.33529079362895803
  0.35419022767915653  0.37024469080183597  0.39618808853173471  0.42824161972082686
  0.45694395076996092  0.49085428471857101  0.50745585941454530  1.00000000000000000
 -0.00174605392490616  0.00580910929800341  0.01229341406959895  0.01904720888042298
  0.02767692100648615  0.03718426517078376  0.04570011975316985  0.05194702717453661
  0.05883782657858251  0.06518708989851836  0.07090236668474086  0.07998143571774372
  0.08699069932704537  0.09241799325777914  0.09782666933973209  0.10378681799971508
  0.11186560252093383  0.12264252820950429  0.13480217025015662  0.14692281804207166
  0.15867150009386444  0.17038198903399643  0.18095685777254233  0.19208946593970980
  0.20410852903458665  0.21456859105865378  0.22413541636468812  0.23369292074194600
  0.24268555980482498  0.25316521616759574  0.26502947344300126  0.27637810425077569
  0.28637061616956089  0.29597533188276759  0.30662369120033134  0.31876588229324154
  0.33117897568285620  0.34168493157299479  0.35169133044115580  0.36255274695569845
  0.36888526877459410  0.37592881441648113  0.38878793133657658  0.40303487336179988
  0.41625321982437030  0.43211610260639988  0.44713129872417540  0.46076182629054568
  0.47432180400530249  0.48705529370871803  0.50022115601262007  0.51661095205607233
  0.53181474723784217  0.54093369434091032  0.55135184615957678  0.56263573808070155
  0.57690433715698897  0.59400548493866301  0.61175764607902161  0.62999032877723904
  0.64792678317477537  0.66427386636459362  0.67787391244631134  0.69008664628928962
  0.70369940476831971  0.71691236648517320  0.72965632507259093  0.74201601373264747
  0.75569855170652922  0.77021531141513810  0.78530390067040390  0.79517553381835360
  0.80247977033901019  0.81035695956144704  0.81793346461606065  0.82578139131066963
  0.83343151013150218  0.84131856211573863  0.84891563087556676  0.85860915380284075
  0.87314722704017345  0.88547615197250040  0.89479605132070561  0.90426450911199019
  0.91267626972815041  0.92101490132165731  0.93021174010907703  0.93842045960009046
  0.94566898281935274  0.95188099823247507  0.95860486031966097  0.96627858227952534
  0.97454628094613882  0.98285678436228108  0.99089893030562626  1.00000000000000000
 -0.01645047004058313  0.46374723592857503  0.58208411676937855  0.64157353997504896
  0.68444857214243804  0.71670718739835593  0.74149394592592610  0.76102231936754727
  0.77938292452947444  0.79514439925996838  0.81067636904854667  0.82394949609562773
  0.83452327485485245  0.84349190057832424  0.85164278817938832  0.85861264262022285
  0.86497774230337687  0.87122562446709573  0.87740641647920770  0.88269347379372742
  0.88767227501522294  0.89229591451321089  0.89697823755918715  0.90115542969124973
  0.90541142800516283  0.90944808398903954  0.91319754988070012  0.91654162290441810
  0.91956299168633449  0.92256038577297172  0.92551037826395655  0.92829464955668517
  0.93092496683726966  0.93343833644083340  0.93585302173057461  0.93778197805998875
  0.93941424039657062  0.94117454169010462  0.94292272375349195  0.94460139799161846
  0.94620759446105507  0.94770516421040185  0.94915290519464646  0.95067676705649207
  0.95229828095129099  0.95397366523610294  0.95564186288844066  0.95717057696713415
  0.95858022547241195  0.95984798995156195  0.96100361868785167  0.96208735816723057
  0.96312191013946180  0.96413753429198035  0.96516554441280633  0.96621403302820674
  0.96719386795776396  0.96810882695463440  0.96896508022594263  0.96962010590907777
  0.97027485584427486  0.97092572951686729  0.97157426859783180  0.97222851541923083
  0.97294041911406093  0.97366565992621346  0.97431892236300777  0.97506343928483863
  0.97591972367139168  0.97665546550775495  0.97734198423916951  0.97800561663666719
  0.97867701975918275  0.97924501580604562  0.97979943906219180  0.98035874994941996
  0.98090165791591366  0.98147118776713060  0.98208057231207446  0.98264951201229311
  0.98320622198110197  0.98375393632509789  0.98429096035964880  0.98487378826478689
  0.98550380099655865  0.98618965848112028  0.98695666395859705  0.98789172979021200
  0.98882997124951977  0.98983604723911489  0.99093376753325380  0.99209640966963331
  0.99328661317416389  0.99469122119082198  0.99636701359561131  1.00000000000000000
   8.3837380566719872E-018  -1.0000000000000000     
 F F F F F F F F F F F F F F F F F F F F F F F F F F F F F F F F
  <DiscreteSampler_grid>
  grouped_processes
  1 # 1 for a reference and 2 for a running grid.
  10 # Attribute 'min_bin_probing_points' of the grid.
  1 # Attribute 'grid_mode' of the grid. 1=='default',2=='initialization'
  0.0000000000000000 # Attribute 'small_contrib_threshold' of the grid.
  0.5000000000000000 # Attribute 'damping_power' of the grid.
 # binID   n_entries weight   weight_sqr   abs_weight
    10   10   3.518719660741659E-012   5.320344251869216E-023   3.518719660741659E-012
  </DiscreteSampler_grid>
