  0.00175805973323685  0.00567044163127758  0.00824394421921556  0.01056239579067068
  0.01224888686094052  0.01408686139247542  0.01624602244851803  0.01801989169343150
  0.01990153023637605  0.02213597465683287  0.02449729987004481  0.02633993189602837
  0.02802699177062050  0.02952765943778950  0.03107800688287070  0.03244215726699628
  0.03389513193730934  0.03517923914937319  0.03652149674254613  0.03773802762323553
  0.03890833827100665  0.04013601706569376  0.04146210986493543  0.04283555896259614
  0.04450032512854045  0.04603085187741023  0.04749783426941585  0.04878886752701801
  0.05009746229773038  0.05153974735230324  0.05295932657960587  0.05445281050237619
  0.05585160362137069  0.05738840132957852  0.05973927248140826  0.06259287625716962
  0.06621917714120165  0.06960594828344423  0.07233319289158804  0.07478967323232745
  0.07722488552940530  0.07986064671542201  0.08284845029577000  0.08578788598337588
  0.08817328352006260  0.08994310788653556  0.09158251060973123  0.09297148448961523
  0.09427102898098173  0.09549068474038624  0.09678574043849918  0.09808160626678612
  0.09923729382947045  0.10040263645703434  0.10171031446439970  0.10305833258734107
  0.10439807741069235  0.10579861796882330  0.10715976012676628  0.10822674715312215
  0.10944747606253054  0.11076617531869601  0.11227984288794789  0.11381997506320955
  0.11533238527413950  0.11712343405877571  0.11996437510602284  0.12395913506732381
  0.13332570376593397  0.14452421312638222  0.16031402394219557  0.17585969943606639
  0.18983552384120703  0.20161194129784507  0.20673259988503495  0.21299302520683799
  0.21965940441430784  0.22647616124646508  0.23372347115666633  0.25037965525802169
  0.27029914017145718  0.28954173696541352  0.30840706632547837  0.32377051374407606
  0.33817294863745029  0.35126955162081097  0.36118892248806667  0.37549159946287491
  0.38937334358181663  0.39837630886655895  0.40623477176448120  0.41370477110127080
  0.48577532800197970  0.57671891132091924  0.76074775278033901  1.00000000000000000
  0.00102406135631271  0.00193268275424283  0.00248647713641861  0.00302915351849363
  0.00358137351469740  0.00412562175917570  0.00463877349527066  0.00518009878477906
  0.00574503612818839  0.00631442253403028  0.00685783632584834  0.00739809275963128
  0.00791640892375496  0.00847401900438418  0.00915223742463767  0.00989297495564113
  0.01064569122944532  0.01142710024914674  0.01224656202813007  0.01312810561276105
  0.01390836524238259  0.01465400437597878  0.01542879777653045  0.01609576841093502
  0.01663843540877520  0.01702850209225932  0.01751233080894286  0.01803187714894079
  0.01871658584580957  0.01946672994508173  0.02008796153084589  0.02072374086649801
  0.02205245515712054  0.02321843989785874  0.02424213559531279  0.02523439719329604
  0.02615848172251453  0.02698358369689771  0.02771837156513968  0.02847256732684885
  0.02951663578912495  0.03068990895697742  0.03185321668516911  0.03297212805664901
  0.03416863252125411  0.03554866160546478  0.03723253175272119  0.03914023235097878
  0.04097114961769531  0.04299160488651915  0.04485946379776785  0.04653350582824441
  0.04808383893945681  0.04937620416514516  0.05058590162848267  0.05181346704665681
  0.05315067670969360  0.05498275710616956  0.05704044429955320  0.05907941087142962
  0.06083304937178622  0.06301240180567894  0.06593583963328109  0.06886583735741081
  0.07129050379295548  0.07388427298447432  0.07873910183309765  0.08383872207816696
  0.08795695704158574  0.09053081333262769  0.09247536061387850  0.09435907780407035
  0.09620116778217271  0.09831223900438592  0.10049529852536450  0.10274074864865450
  0.10546310047339677  0.10830576375815458  0.11114784079449898  0.11377591918099886
  0.11626415245621076  0.11899192486761870  0.12122469634011043  0.12344507993621155
  0.12579093202293559  0.12777890533412670  0.13324903546089825  0.14162027992017592
  0.15293239954327301  0.16894789883554814  0.18599216966844251  0.19506382217925064
  0.20995085585961976  0.24583462290091229  0.30407114363335713  1.00000000000000000
  0.00045178306814383  0.00054887671042482  0.00063112871203727  0.00071554873979729
  0.00080070344000283  0.00087151419930603  0.00093924569321541  0.00105268416349460
  0.00121203689388994  0.00130843463780421  0.00139913275975186  0.00151991180130847
  0.00166268074206405  0.00188529728726911  0.00216338298593222  0.00248686503690785
  0.00291068877106036  0.00335773812993161  0.00380429983482623  0.00429132047755885
  0.00485147850176634  0.00561816328201024  0.00652780601911114  0.00749523991995819
  0.00858539469435826  0.00956489992294466  0.01057145010962651  0.01172669276202489
  0.01320718585784660  0.01469737459128824  0.01635083703782967  0.01807605591381696
  0.01993163611256108  0.02178888400311435  0.02382310927242704  0.02587648124459853
  0.02762774116272235  0.02830988810894173  0.02902014074973634  0.02965737338463700
  0.03034330369905044  0.03094933264876091  0.03155770290544702  0.03221949443540318
  0.03299997196738375  0.03369462703993432  0.03427031714907944  0.03501715800667049
  0.03619603272856110  0.03773786349567780  0.03934585340982371  0.04116849688864996
  0.04293922234296686  0.04491028336144143  0.04679098243001729  0.04849589104349538
  0.05014096148011534  0.05156471419355529  0.05282887884212167  0.05418294157304703
  0.05573309199909340  0.05751449070887703  0.05942354282749310  0.06164492496617137
  0.06370626123936154  0.06632779408743221  0.06963616949673637  0.07253158556924511
  0.07567558458910630  0.07915713603538638  0.08331010908267952  0.08854658403363168
  0.09475201998777445  0.10148765173698555  0.10716120630795865  0.11108204421619289
  0.11494083872852594  0.11867162365822670  0.12222328228562759  0.12600534359452334
  0.13107059513819080  0.13762920982937132  0.14790696805099007  0.16796233903619112
  0.19024407957777212  0.20508691079126493  0.22205075219823506  0.23996141353418440
  0.25818751764062303  0.27129254093249855  0.28373088671344460  0.29826192162931198
  0.31642990825219092  0.33680059401064960  0.45994997701883267  1.00000000000000000
 -0.00315286947336888  0.00688952598512916  0.01532280678442005  0.02147426962700539
  0.02478141681350004  0.02851987979445245  0.03335058480521425  0.03788765864862223
  0.04214545858136626  0.04550939372095891  0.04876154992139083  0.05231134214822502
  0.05671983306954262  0.06189072985887967  0.06627508337534160  0.07006641002149461
  0.07426769720062489  0.07876367634662242  0.08206207783485564  0.08614658307904047
  0.09113302809909039  0.09663344303890201  0.10314164822008345  0.11066740230819302
  0.11951856099780869  0.12881215679504546  0.13896983191016116  0.14957098580564060
  0.15905815808615556  0.16710906483688359  0.17439756898537687  0.18334247814643792
  0.19413846222352524  0.20374563411937432  0.21365726565383311  0.22407458899870786
  0.23510967456161000  0.24587813170487366  0.25623805828928636  0.26639977398871129
  0.27647884242769993  0.28608000959530622  0.29432084449793611  0.30147659710795055
  0.30857008156693783  0.31587698295877670  0.32461727769121701  0.33524504009129458
  0.34694380364287947  0.35851498029291423  0.36500534917881650  0.37252957588035640
  0.38087278788944284  0.38989832356855281  0.39987174710815110  0.40917640006177963
  0.42078078240755296  0.43262814814224282  0.44131194273554025  0.44820486309366026
  0.45454226158517858  0.46062890192377032  0.46831818390131469  0.47733913286722335
  0.48775381173683829  0.49837236307669458  0.50998067502715572  0.52268698849596895
  0.53493951296362863  0.54929676105649683  0.56312130614625655  0.57675779862525123
  0.59038150088774644  0.60387273442324463  0.61720947684498084  0.63424356380883729
  0.65146193315285328  0.67137008833813006  0.69234179703908927  0.71486411720095433
  0.73203361498034292  0.74318091787521512  0.75323261752105464  0.76383358637834764
  0.77383938968545263  0.78420773310154568  0.79534542574791767  0.81384423045439969
  0.83669962509191864  0.85975595160247154  0.87470941541590197  0.89131536147261892
  0.90798221841510363  0.93036462463640779  0.96287038610074782  1.00000000000000000
 -0.00177773494502444  0.00828251259088845  0.01720779520617275  0.02662828421118323
  0.03732316408480250  0.05103117943998815  0.06603667820084363  0.08403016822949375
  0.09994119460264425  0.11411195518381814  0.12879790938838198  0.14363705022727766
  0.15822782924505371  0.17270307081292249  0.18731019116093681  0.20251694496349781
  0.22004689491021395  0.23792627340339353  0.25338355180585304  0.26510345581396155
  0.27475042898289170  0.28305298857387740  0.29037098350875551  0.29994057282920689
  0.30870906582939955  0.31654895105583919  0.32329429696133805  0.33042914034916943
  0.33889399538969661  0.34901274272633126  0.35982468861751077  0.37073589715191690
  0.38151094627895404  0.39210189175614701  0.40140686610572496  0.40975353893791505
  0.41922284641022695  0.42987189548761817  0.44122711516567059  0.45293000695676433
  0.46319840891756558  0.47540872801544892  0.48685653069244428  0.49938149816741439
  0.51217526716034367  0.52461033902195553  0.53478681870684053  0.54556003439158762
  0.55503012309607747  0.56436887226231869  0.57308688379299522  0.58184264736966473
  0.59336987456668255  0.60492844503094922  0.61473658971213574  0.62474658015783180
  0.63495930959701496  0.64352287540757247  0.65180660519946076  0.66165636253913074
  0.66842819592574032  0.67732082089728918  0.68727804832081829  0.69194593358601897
  0.69940861971179080  0.70610174911341550  0.71175573071592968  0.71711889505064463
  0.72266382289351350  0.72901673405830325  0.73552701993376735  0.74241596976484048
  0.75125240442293573  0.76245426901757196  0.77751697205502712  0.78922858307412902
  0.80006311510237371  0.80992411456096569  0.81716667482551331  0.82553760664637699
  0.83377128958929314  0.84177172733705630  0.84990505241125702  0.85794308924280749
  0.86536841921686725  0.87187900960530385  0.87999945326622375  0.89272067701955027
  0.91075430131912094  0.93048076094887477  0.94651472310092044  0.95965096867432420
  0.97165000887270658  0.98235792213890827  0.99153442570787598  1.00000000000000000
 -0.00129519258131370  0.00596158400147294  0.01301354273588073  0.01882070829803230
  0.02402327626588137  0.02851864974405918  0.03289890673941583  0.03782219274121579
  0.04314840640004766  0.04729630767514908  0.05108934788406523  0.05524273999678826
  0.05981963347565832  0.06552639777822816  0.07083786425361167  0.07461984542670119
  0.07809244181523695  0.08166969535438685  0.08676777692374374  0.09316441484296331
  0.09972664646335180  0.10603440056066231  0.11436157628381009  0.12120976165498744
  0.12809343614497545  0.13522187411519446  0.14282488106035027  0.15057267635619578
  0.15780053770974470  0.16543447755752763  0.17480639860025982  0.18346807582662802
  0.19043999112314239  0.19537255691736277  0.20073504811929388  0.20686271308841719
  0.21257247438613508  0.21766320034427350  0.22232930233065015  0.22742082747818790
  0.23300207403704679  0.23837194396210593  0.24412746019608766  0.24958154691415008
  0.25816581041537667  0.26847187056534400  0.28047670597621932  0.29150379427806322
  0.30210190372195272  0.31362098377872349  0.32518617363947383  0.33642850356598375
  0.34729650371326715  0.35802723895027200  0.36903830285056599  0.38046227154796769
  0.39257460162444791  0.40552455496841455  0.41806814516937385  0.42800197310916999
  0.43659585107541132  0.44592757282753176  0.45354827621416816  0.46040889835766058
  0.46817225080910746  0.47724517385910981  0.48742289146510848  0.50036302719628456
  0.51114299700605670  0.52096480229485587  0.53116008824792471  0.54215150189490169
  0.55253209955023863  0.56261712506436401  0.57372465432077024  0.58654807252454821
  0.59946478498261424  0.61455537711386365  0.62653026024854053  0.63847830895295699
  0.65133666794322154  0.66358386921859414  0.67492471887296290  0.68749903031290127
  0.70535437070543550  0.72837726195320796  0.75064903085807699  0.77305218050148872
  0.79465444900925974  0.81609054208147458  0.83715745278420139  0.85849821434167872
  0.88196602090269849  0.90892923432598738  0.94503297173477130  1.00000000000000000
 -0.00215173806921865  0.01034530297858599  0.02072598119803944  0.03207489469475207
  0.04371192493253303  0.05436774976197183  0.06474754528655834  0.07701764656461958
  0.08862450456962873  0.10123034651940020  0.11190808277380285  0.12152888497876167
  0.13110907406415109  0.14131901029250368  0.15330723016835104  0.16259556429994179
  0.17372819255779992  0.18627969446457937  0.20170110478491454  0.22013811954048562
  0.23542134892169614  0.24827693259807906  0.26006696140178370  0.27348083429842612
  0.28684948180408643  0.29859735485011740  0.30855215090384791  0.32087665283346656
  0.33330115997305965  0.34280024118577229  0.34987571369445009  0.35924985795402181
  0.37152694663770164  0.38611095257411687  0.40009010356764929  0.41056713542968004
  0.41997972350716595  0.42877101026044129  0.43759708355014765  0.44704889971222478
  0.45833938965222437  0.47171755257583359  0.48337352828112179  0.49411874433035530
  0.50996262663776071  0.52247410118370186  0.52917770227816907  0.53441996450367513
  0.53982504254263464  0.54575203381988291  0.55120404822479885  0.55587388116412484
  0.56060681863296691  0.56515715806900257  0.57005111001557074  0.57484209681852139
  0.57914434468029974  0.58484228879483424  0.59459204912875252  0.60691588443110267
  0.62201893071941694  0.63450624433336233  0.64609558928759037  0.65723986222686259
  0.66812568999372979  0.67875268960154489  0.68761945876704589  0.69695398247263596
  0.70698748409344558  0.71675653383880111  0.72751207989100841  0.73924630223050447
  0.75044688313078378  0.75956500472851030  0.76778263371707522  0.77426135424149578
  0.77978282502057550  0.78800670068043144  0.79634920076925719  0.80426246551076319
  0.81270638939565221  0.82055627070280790  0.82742953727837287  0.83661560758757125
  0.85264684994355355  0.87146263782376732  0.88944330287100037  0.90563667247939017
  0.91746343682266962  0.92767683057932726  0.93621850175047638  0.94572694158803428
  0.95421870205530068  0.96326439304231992  0.97494023966426080  1.00000000000000000
 -0.00290859891807422  0.01232757550291512  0.02274650517395365  0.03003605198841193
  0.03736558617688949  0.04473009486810774  0.05072262864102303  0.05636542920825432
  0.06341032922272184  0.06969290526656974  0.07577407592836481  0.08092862350709433
  0.09669825193368350  0.11195675885615607  0.12671851994411437  0.13941034582668685
  0.15082703505967987  0.16352029758365696  0.17614094416693415  0.18784933916528576
  0.20039532339015992  0.21308788828995692  0.22590930505945483  0.23919357030881042
  0.25129177301166333  0.26229615117469823  0.27728792930868107  0.28974128289400697
  0.29916802900389206  0.30702051190441970  0.31468889567441621  0.32246394689253910
  0.33125132254945977  0.34067000321244678  0.35036171209990069  0.36351719831172519
  0.37899035894874294  0.39502195787011024  0.40954450912124041  0.42114766104739843
  0.43065068500453529  0.43934391301291775  0.44587769134299537  0.45128884034716565
  0.45636560685322003  0.46292725481073926  0.46961631323592679  0.47745393843192158
  0.48834447722399849  0.50132188480862838  0.51650041244913314  0.53372090213542256
  0.54831561713803856  0.56416075039435731  0.57526512639087846  0.58524381613221776
  0.59467500463656686  0.60411138592947877  0.61539612183467574  0.62668884673085845
  0.63550211343261209  0.64425542780416212  0.65069452669226135  0.65696864040178593
  0.66356159246594115  0.67008995275533434  0.67674616346772754  0.68405240591392447
  0.69240065985210220  0.70131932382788653  0.70867224058844303  0.71660038956796046
  0.72536349235382358  0.73244383737222174  0.73969407855931735  0.74788741437189532
  0.75717013464342986  0.76802619077779655  0.78127116072017799  0.79532026036013048
  0.81013537046041173  0.82739382337870682  0.84637355276233339  0.86281778822438004
  0.87614919948372527  0.88837051936698552  0.90137347377954580  0.91420322794554632
  0.92601769354877328  0.93669578495288375  0.94688913198936231  0.95726549964431418
  0.96819776494548082  0.97920684162561933  0.98997095554911818  1.00000000000000000
 -0.03065765373953007  0.67914601370932692  0.78853725474457748  0.83983612340195102
  0.86679878235030072  0.88286141811763497  0.89516046564541407  0.90772741156756498
  0.91890285070530497  0.92604796876806739  0.93176691682883839  0.93702292313883251
  0.94155454570371511  0.94541030133060433  0.94889735635589234  0.95204102978749616
  0.95471475882837231  0.95705444326936329  0.95864293247558952  0.95979308918176331
  0.96075695135535566  0.96177095040682603  0.96277609135312137  0.96376913469555858
  0.96473550920319140  0.96563446310277923  0.96651103250115455  0.96728062574241147
  0.96808794607217619  0.96897588545489999  0.96994099610121198  0.97089820533183657
  0.97177976731041282  0.97271440657004571  0.97359179090722980  0.97435451818645857
  0.97516446800854417  0.97594691343275752  0.97667793877660658  0.97735952030650686
  0.97797703048488260  0.97853803076133816  0.97907112873580338  0.97957481329753882
  0.98010731462099332  0.98062890705302475  0.98112641099637699  0.98161242180476971
  0.98208211044315075  0.98251712737973784  0.98288269681774454  0.98323796171489863
  0.98361411613523830  0.98400942463360397  0.98440778319803812  0.98480870278001575
  0.98514832375546846  0.98548462765316169  0.98581377183574859  0.98613162986832292
  0.98645994709409734  0.98681560353290143  0.98718831487006165  0.98757155317765855
  0.98796333881433229  0.98834988046632399  0.98869137728281919  0.98900741576261342
  0.98930041890909004  0.98954758198242632  0.98978745760756626  0.99003730749758134
  0.99033938191967297  0.99062754761461536  0.99092034738487711  0.99119546971110462
  0.99146198104589933  0.99172555839627974  0.99198775589251020  0.99230044891648983
  0.99259457769158399  0.99287986991613064  0.99315774451196293  0.99342640849108932
  0.99372770926221721  0.99408308176238025  0.99445420182409761  0.99483263918337927
  0.99521859811655899  0.99563179203676744  0.99610602762774070  0.99667575801558428
  0.99729053910558030  0.99791714979147461  0.99871345642433240  1.00000000000000000
   9.6080729177423936E-017  -1.0000000000000000     
 F F F F F F F F F F F F F F F F F F F F F F F F F F F F F F F F
  <DiscreteSampler_grid>
  grouped_processes
  1 # 1 for a reference and 2 for a running grid.
  10 # Attribute 'min_bin_probing_points' of the grid.
  1 # Attribute 'grid_mode' of the grid. 1=='default',2=='initialization'
  0.0000000000000000 # Attribute 'small_contrib_threshold' of the grid.
  0.5000000000000000 # Attribute 'damping_power' of the grid.
 # binID   n_entries weight   weight_sqr   abs_weight
    10   10   6.240740378384777E-012   1.865518541646318E-022   6.240740378384777E-012
  </DiscreteSampler_grid>
