  0.00107863584119844  0.00150110109143081  0.00179668702719638  0.00213363320347386
  0.00246208794416826  0.00272412608618995  0.00294001786916340  0.00313194383995913
  0.00331810342190700  0.00349665764035044  0.00366279720045162  0.00382846522632991
  0.00399808890437832  0.00416461904425615  0.00432644328339658  0.00449485457359880
  0.00466526629955402  0.00483489782132360  0.00500088607395438  0.00516022995531280
  0.00535069010017114  0.00554125822992328  0.00573608209408515  0.00594998468778868
  0.00618828738177558  0.00642382871561052  0.00664389687074981  0.00685537857543224
  0.00707855116718596  0.00731320554175146  0.00754882054483573  0.00777732055172622
  0.00802280655183946  0.00830357896230823  0.00858784797082122  0.00885844504420891
  0.00912604455333520  0.00941480448266224  0.00974787431307073  0.01012176068441915
  0.01051650875057865  0.01090527771124530  0.01126783227476143  0.01164064351570012
  0.01198979503785996  0.01233094710369926  0.01267782067054437  0.01306247546115082
  0.01347662775910541  0.01388638958940928  0.01429206227191217  0.01469418443681654
  0.01512461326349173  0.01554344277326666  0.01591490828023630  0.01629098494385693
  0.01669662101823952  0.01713473147608515  0.01754464537601080  0.01794000701835433
  0.01835861878342250  0.01883625617705372  0.01934576312301207  0.02014870985203744
  0.02111331965459739  0.02208996099883882  0.02297050631428104  0.02370346306505815
  0.02442871124692308  0.02522550117543451  0.02612629103179486  0.02708507961062348
  0.02823142433612041  0.02965196878465561  0.03172111810297401  0.03417926415786619
  0.03551685017671234  0.03721364599212391  0.03901357243511505  0.04084102993215259
  0.04313343093904605  0.04608132610662460  0.04930690625683711  0.05322146952223519
  0.05741224747304076  0.06189435933761585  0.06623481600972164  0.07084788677061088
  0.07614879298947294  0.08366667187445537  0.09643245355492076  0.11480559955689525
  0.13781121140012639  0.19851243075119129  0.49685306806962382  1.00000000000000000
  0.00000324578801393  0.00000356431566881  0.00000383410168015  0.00000411902750729
  0.00000442478251402  0.00000476140249176  0.00000510753058888  0.00000546113128655
  0.00000582126055939  0.00000619080109154  0.00000660189223729  0.00000707856722975
  0.00000755994142432  0.00000802424315526  0.00000852365554165  0.00000914582802241
  0.00000991839792395  0.00001077621202758  0.00001162554278758  0.00001242288734177
  0.00001333725033011  0.00001430272655177  0.00001545782946515  0.00001683075958553
  0.00001832569601613  0.00001992589270476  0.00002164716190162  0.00002343426121281
  0.00002547778615776  0.00002807981689171  0.00003151034752138  0.00003494763532266
  0.00003853518067602  0.00004218256625043  0.00004568682408887  0.00004946691022523
  0.00005381804949791  0.00005854552630973  0.00006390206403814  0.00007078599482670
  0.00007848428109558  0.00008652721676085  0.00009489049675298  0.00010413905161831
  0.00011508122083228  0.00012783220197418  0.00014218303458478  0.00015735819029077
  0.00017211473347647  0.00018664475744255  0.00020173134414755  0.00021852039738950
  0.00023559541103967  0.00025580824579532  0.00027902106404710  0.00030496217669370
  0.00033489768395985  0.00036995812106353  0.00040684479996953  0.00043663556779580
  0.00046879873973814  0.00051007805320453  0.00055237947000262  0.00059404254436388
  0.00064207668749171  0.00070183462241080  0.00078043051987857  0.00088482118183989
  0.00099983428208519  0.00112668096889166  0.00125195070652478  0.00139551649942873
  0.00156263646617640  0.00175305647658659  0.00196651070668097  0.00220074258700967
  0.00244834248484328  0.00272651627379704  0.00312887524013985  0.00364005929461221
  0.00418717548157289  0.00481886261931950  0.00556785295210336  0.00647746445704989
  0.00767769213931421  0.00925321357580630  0.01113598944742691  0.01391711295671677
  0.01734578878838167  0.02225347421184291  0.02869471135170025  0.03810907964279583
  0.04800185078590883  0.07527426005806112  0.43010720167911803  1.00000000000000000
  0.00007400147243076  0.00076064551042665  0.00116708933039746  0.00152344271536111
  0.00195992156001028  0.00241647375059377  0.00288445982465334  0.00337976172755740
  0.00386680868766846  0.00436863229622184  0.00491315139227689  0.00545903127236637
  0.00600339171794652  0.00657605102462694  0.00716054474743592  0.00777172955956490
  0.00838041093791591  0.00901784611480271  0.00963930046347916  0.01028794568947498
  0.01090375451692726  0.01151348162708964  0.01209545415175517  0.01266512193606731
  0.01324015655040202  0.01378855347323599  0.01432167812656288  0.01489046581676660
  0.01550659181461160  0.01616689688233816  0.01688389837073776  0.01771171503575237
  0.01859811708145529  0.01948841526189160  0.02034701058600331  0.02119251282339978
  0.02206818324552249  0.02291312642641585  0.02378813119312826  0.02467746502157857
  0.02555858340989196  0.02615449645129967  0.02680111949041240  0.02755133642569215
  0.02847620188509413  0.02944918513652544  0.03035181584067564  0.03119095591490974
  0.03193920332409073  0.03290771034859070  0.03393642266816032  0.03493543535029511
  0.03590882862100910  0.03682447427280430  0.03788768402305827  0.03889298080542484
  0.03990737703092474  0.04086261025575542  0.04190258630934687  0.04274003969696277
  0.04352912478562777  0.04434561485054319  0.04527261576459599  0.04625020227697873
  0.04723040152321158  0.04841706890168739  0.04975546971009821  0.05118139783929686
  0.05286854378662614  0.05497002233822699  0.05711713488304609  0.05909302634835763
  0.06095771514130881  0.06267200908236277  0.06424025388519322  0.06583517298042110
  0.06753155290814850  0.06938549204007563  0.07141130089936054  0.07369754806011239
  0.07656505764401576  0.08082817571839646  0.08672004099390479  0.09393427843429160
  0.10022849466846626  0.10488674623399964  0.11059263745532992  0.11736861638912807
  0.12449741129420275  0.13484684768866428  0.15942677402031954  0.20044443242368434
  0.24301299653426442  0.26758617830166131  0.32147257761683679  1.00000000000000000
 -0.00247108554888275  0.01477546677833968  0.03057101874698989  0.04435209459241210
  0.05589818301550191  0.07413413964145779  0.09238337203688313  0.10684679015804556
  0.11782269806054689  0.12898161523407389  0.14179538940825773  0.15568646960319088
  0.17041931512370051  0.18614129648053851  0.19618910618965840  0.20590291204940275
  0.21689792189244211  0.22835540786289740  0.23977379352979625  0.24987526391547193
  0.26118115106847145  0.27240070454002624  0.28473302102974951  0.29741832238172211
  0.30974735698425809  0.32313388616436939  0.33582432128909856  0.34854483559892269
  0.36148017718850006  0.37318731904978752  0.38453252137241278  0.39590097023349868
  0.40895011660222935  0.42191567586298495  0.43401659147606092  0.44489848563408424
  0.45492671813310220  0.46463542801789404  0.47477006344930239  0.48577099724808775
  0.49827608773824716  0.51118475418873865  0.52349131152048878  0.53587750280605839
  0.54790098120533526  0.55957853219294806  0.57176963223149002  0.58287786169229039
  0.59244881429627916  0.60200290074714735  0.61215036988379834  0.62287398793443849
  0.63346761916666805  0.64382882380398765  0.65612473098909241  0.66797321909772134
  0.67930239655555191  0.68969445551791819  0.70057160966034293  0.71078144971347157
  0.71984147199806470  0.72792849279805993  0.73457505469613615  0.74153733314834758
  0.74865699292789123  0.75737588923687438  0.76576344801673524  0.77430800447105863
  0.78495210045332897  0.79509456283353996  0.80459740296288895  0.81317882503730476
  0.82117589995227636  0.82916005508601243  0.83795444607504388  0.84691878521036756
  0.85593107074986430  0.86486153960577394  0.87358203736640994  0.88295419020511012
  0.89301017643927971  0.90305214807262735  0.91341881940896408  0.92127683123775161
  0.92804484253514796  0.93488123224990249  0.94189716233381515  0.94862904207788146
  0.95502394523488932  0.96137514080674713  0.96765354899420752  0.97396641111740834
  0.98019169700983078  0.98661014496996968  0.99319670298516294  1.00000000000000000
 -0.00203859305267737  0.00974259914904056  0.01881575032309689  0.02817387350271675
  0.03772998747564445  0.04844842676320527  0.06026029955601709  0.07224209411958918
  0.08378452198070439  0.09564404289170961  0.10844843808564864  0.12516447544549980
  0.14202789176922559  0.15727448276976488  0.17146021945564899  0.18487537021852818
  0.19637543518987474  0.20676342705363254  0.21680265177030697  0.22632279183973575
  0.23550111541461810  0.24455785937714283  0.25407186502251883  0.26384007288702283
  0.27383135723561819  0.28461554833755098  0.29617967400360989  0.30810593021081456
  0.31991325637672885  0.33090435934888918  0.34090699173476385  0.35069234433271512
  0.36150901969854188  0.37394203171501639  0.38383812723846389  0.39325459923257067
  0.40229610982841790  0.41124050634055065  0.42028245233403971  0.42897635164046671
  0.43814647056265560  0.44896822348020093  0.46116964942366589  0.47233307005080255
  0.48265946534786003  0.49242144000748161  0.50268200581026579  0.51337774346049514
  0.52380319749704141  0.53377773420958086  0.54370320294678354  0.55398604552807296
  0.56509394963196091  0.57740521120180588  0.58972720187829364  0.60216657065170287
  0.61320818428557522  0.62389036432417666  0.63316649565766014  0.64339733072386329
  0.65406728631841626  0.66499218975292151  0.67509172396771944  0.68362499874428517
  0.69188967207838570  0.70055258577166524  0.70949598776886569  0.71848526518027689
  0.72748832339964009  0.73642722739593547  0.74566968226543673  0.75417504546901659
  0.76182393327224962  0.76904200742671835  0.77608372757179755  0.78369164159758531
  0.78947400944661383  0.79525972470921424  0.80144226545937725  0.80815243994810304
  0.81581847554843157  0.82478964949414224  0.83451611412028859  0.84738760474717334
  0.86166100660337119  0.87578771594781368  0.89014048731886541  0.90403431223288810
  0.91761392945297682  0.93089195530414381  0.94354457178060525  0.95501528390343227
  0.96669691263754187  0.97824654107894071  0.98933824477951049  1.00000000000000000
 -0.00181186850208156  0.00850963982690506  0.01622569905299847  0.02394533678245123
  0.03229896198922477  0.04083581358978891  0.04954781603657629  0.05875921845387078
  0.06989371411263055  0.08232796611654369  0.09505998817494718  0.10740384288587464
  0.11888363413809745  0.12950578165815033  0.13928054144164606  0.14825601830875190
  0.15760579844193820  0.16653461666269206  0.17647160622114008  0.18761473111161392
  0.19987733213945014  0.21203317085909112  0.22208675184229992  0.23187143917073699
  0.24240114405327984  0.25278373243952817  0.26239407016937971  0.27251113601814142
  0.28455159886643744  0.29672040728097981  0.30759675636147693  0.31937060515380955
  0.33108400411464511  0.34213472694463914  0.35311439492097813  0.36343162283471075
  0.37301925959515192  0.38247256848884637  0.39206326268134628  0.40363021456862619
  0.41580937797093115  0.42790705992902411  0.43953134120812759  0.45090269186670418
  0.46210564435129109  0.47246766303562815  0.48328516205720551  0.49283966548556418
  0.50457256455349464  0.51527599142182434  0.52516438881855410  0.53494526313840185
  0.54435723328173968  0.55419102023846489  0.56435709793827338  0.57530011344949894
  0.58762883567496527  0.59906424776810818  0.60811246474699365  0.61591957009796205
  0.62454906663587206  0.63312933539049254  0.64151660331570437  0.64967442138588771
  0.65808568078138274  0.66763647731722864  0.67813069249561131  0.68858206923455878
  0.69871559985662712  0.70815346648391220  0.71574206889492609  0.72330339119328124
  0.73053834358201775  0.73830796217422268  0.74884328201923045  0.75879490497974755
  0.76857376923430276  0.77862860294646141  0.78836048465387287  0.79812000862458543
  0.80820707916703360  0.81819233044418149  0.82797408064836164  0.83861005968281155
  0.84893219144312160  0.85982039110077269  0.87186715108450474  0.88540529432451620
  0.89980995589898649  0.91430650699475580  0.92821053967123135  0.94209105237343505
  0.95659292980612554  0.97103811974950227  0.98587534238204777  1.00000000000000000
  0.00564852998422041  0.01112053233377553  0.01739100203164958  0.02208087962015821
  0.02549069303859935  0.02869406209127309  0.03178709811850319  0.03489990572295872
  0.03811669172006891  0.04137707121284484  0.04431684956141425  0.04722962319369988
  0.05009544264141516  0.05283683417529870  0.05544269268294673  0.05797144677577121
  0.06045886551892085  0.06293384559067691  0.06547591935055007  0.06824591377238000
  0.07104460613907060  0.07381038683837876  0.07640301019542280  0.07890767154618235
  0.08145659733966432  0.08402721723400604  0.08650415271969997  0.08912551932691115
  0.09182177581055481  0.09451994795794881  0.09712364634294211  0.09964102602204572
  0.10206280987380241  0.10438137404608086  0.10669649461658710  0.10904030674869362
  0.11126158694198338  0.11352806272181087  0.11596493819493496  0.11836878237330672
  0.12088877461614900  0.12337240874979556  0.12561726428763917  0.12793665380421165
  0.13049699059804365  0.13329645792340894  0.13616910199225629  0.13851714560599251
  0.14074323158226471  0.14309011085304241  0.14584769224987124  0.14886526918340620
  0.15207521939154253  0.15526130884447828  0.15832728090182235  0.16141963176767238
  0.16473751250160509  0.16827357273134960  0.17252624973165520  0.17642053439156907
  0.17978920802472109  0.18244697327320153  0.18425523879763356  0.18617807688142171
  0.18819735756660702  0.19024163842315939  0.19247780930675512  0.19474037914548972
  0.19727572327168511  0.20001289649992060  0.20421703062336533  0.20951875822838087
  0.21674207975696644  0.22436234187708715  0.23298578212804047  0.24146362092414847
  0.24817044172715419  0.25369898158195159  0.26050262093260690  0.26868696199092323
  0.27969071158404130  0.29211244123082597  0.30287854875449749  0.31541688587011302
  0.33329861430187641  0.35570505318815770  0.37190242793584349  0.38107534269484356
  0.38709492896852699  0.39385420376082242  0.39951840236073854  0.40461179589860818
  0.41435764444874418  0.43187254069296710  0.66065526087598470  1.00000000000000000
 -0.00250826423930539  0.01115024050514755  0.02308367524693268  0.03595049007798871
  0.04722701337974320  0.05671500725375050  0.06663118734728034  0.07680754962976644
  0.08656397846557444  0.09397011528985331  0.10144685991693188  0.10968018075489047
  0.11935351903162422  0.13133883827444537  0.14254347188429783  0.15292619907771962
  0.16432580432565327  0.17736498113028953  0.19203665735276662  0.20528336406564171
  0.21572778718337735  0.22494148469259301  0.23302597828283525  0.24126153240756110
  0.25030464961720195  0.25919607155408930  0.26716912985373836  0.27679947300246199
  0.28620948133704355  0.29541826121563641  0.30562396779174988  0.31589030566265608
  0.32751373245859644  0.33997803043937169  0.35414764564514828  0.36637471323564491
  0.37876155718431642  0.39075334030195463  0.40236189282487211  0.41484952927258284
  0.42848773018379949  0.44087898349619897  0.44966654431469905  0.45869581539009341
  0.46700029325405712  0.47599009179216978  0.48531364025363211  0.49511877883551558
  0.50547043077598153  0.51599238423983951  0.52747867061212994  0.53900126895103229
  0.55063058561614298  0.56208172670469980  0.57439579454647294  0.58647088801048231
  0.59756036051326533  0.61004679682218743  0.62365535689556095  0.63673837997907745
  0.64836818243680916  0.65742295908028470  0.66550831941552757  0.67388230558522488
  0.68335436739469135  0.69376543504324761  0.70377805930569548  0.71401507458157865
  0.72446767317111527  0.73452631579428762  0.74434923499693517  0.75445641033880551
  0.76493998786153050  0.77545600530443426  0.78645685849544711  0.79769175697709194
  0.80943020998168758  0.82195055341791523  0.83504265309022285  0.84826842494723875
  0.86205697467495757  0.87460845700535528  0.88437902274163849  0.89304520453355385
  0.90165296754902136  0.91091955816072645  0.92014282870845121  0.92903817484514939
  0.93810920560145528  0.94703267508227140  0.95534257617152207  0.96353979234005849
  0.97198299323560755  0.98054072544880388  0.99012280610683479  1.00000000000000000
 -0.00544051465441984  0.33187146656691019  0.43548380300151951  0.50175682543573619
  0.55070386690904360  0.58766596251537040  0.61701438111059825  0.64003599415315526
  0.65997845658279108  0.67886670415905526  0.69556260948634974  0.70957828099537368
  0.72146811268110400  0.73307338012964673  0.74397319526450512  0.75444209456349287
  0.76462757384471436  0.77503167965261555  0.78438922875145900  0.79359341145581286
  0.80281887104980298  0.81164199652020552  0.81891092270341792  0.82542034742471126
  0.83152311945077695  0.83746999740813588  0.84301951558882571  0.84874705750931401
  0.85426350691844122  0.85962394993747526  0.86457246742439109  0.86923784512781543
  0.87362520209916006  0.87763037820147605  0.88151630535638625  0.88539984611696565
  0.88929948757688970  0.89310789492889819  0.89673496166568756  0.90020106312267067
  0.90368358903217394  0.90705341626099589  0.91023804927298002  0.91350425351206677
  0.91637785599180166  0.91895086720975194  0.92141262069225982  0.92396604620971479
  0.92629660126176694  0.92861145950558921  0.93087419353267142  0.93309957616370431
  0.93549148206292843  0.93758458279542689  0.93941269609249656  0.94111573862611031
  0.94277628740557573  0.94435609689906841  0.94586234050751294  0.94737973319685875
  0.94904543103870398  0.95064874720401749  0.95215630021823416  0.95355889262023663
  0.95498639680406261  0.95643376880016051  0.95791804493610500  0.95944645592380673
  0.96093363645600549  0.96232390803989243  0.96366924517438435  0.96496222552909894
  0.96632161611347100  0.96766460087636186  0.96899595997382337  0.97035516772755104
  0.97175510000144305  0.97306787966231734  0.97415729042881860  0.97517059368509884
  0.97613401002332600  0.97707605132836517  0.97802064238250319  0.97895127667906234
  0.97988487828613258  0.98083740610371473  0.98184227669378599  0.98293538591047158
  0.98414287578374526  0.98549281826356849  0.98700312358088782  0.98870203559509129
  0.99055304098743724  0.99266230896557495  0.99535562061953009  1.00000000000000000
   1.5097159067556174E-015  -1.0000000000000000     
 F F F F F F F F F F F F F F F F F F F F F F F F F F F F F F F F
  <DiscreteSampler_grid>
  grouped_processes
  1 # 1 for a reference and 2 for a running grid.
  10 # Attribute 'min_bin_probing_points' of the grid.
  1 # Attribute 'grid_mode' of the grid. 1=='default',2=='initialization'
  0.0000000000000000 # Attribute 'small_contrib_threshold' of the grid.
  0.5000000000000000 # Attribute 'damping_power' of the grid.
 # binID   n_entries weight   weight_sqr   abs_weight
    10   10   3.142866929290004E-008   5.826972506148479E-015   3.142866929290004E-008
  </DiscreteSampler_grid>
