  0.00622777090432052  0.00648852563750360  0.00675178304559790  0.00697558986644327
  0.00719511790603649  0.00742086724546591  0.00765177237306397  0.00788410950586063
  0.00811586458353588  0.00834549288517425  0.00857340831043614  0.00880556923626752
  0.00903808614192774  0.00928032717916981  0.00953461042661210  0.00979981270156287
  0.01008029004722887  0.01036640104609803  0.01066585488338262  0.01096655810696119
  0.01126226299957724  0.01155223768112622  0.01182522531900365  0.01212232874543642
  0.01241971168487440  0.01272595421478799  0.01302255966725517  0.01334001402025379
  0.01368261055152287  0.01407341277909340  0.01449404320939891  0.01493162745187625
  0.01538365781042671  0.01583755422017262  0.01629089750976770  0.01673648232314731
  0.01719249905213364  0.01767311576693964  0.01815167738323876  0.01866821215594162
  0.01921644811303435  0.01982098968722966  0.02047975814473091  0.02116859189333642
  0.02187125383262834  0.02254768688286281  0.02321664549623521  0.02387398026398337
  0.02454404629086652  0.02528690605819945  0.02610479166940658  0.02702826608670912
  0.02792193222145768  0.02871467880871993  0.02956487658399118  0.03042503784181528
  0.03143676512247350  0.03233085742033998  0.03335234680574961  0.03458035028158983
  0.03597201109449902  0.03733888157637567  0.03865255848225526  0.03993231150263467
  0.04124588692938011  0.04248028955262109  0.04368868745092260  0.04491217422008163
  0.04630939401875108  0.04814539749023038  0.05018151492065911  0.05170850534954986
  0.05324029152117864  0.05489358022575176  0.05691392871986151  0.05911518736699078
  0.06183579128633400  0.06494810326342687  0.06901074299196885  0.07431490102249336
  0.07925711081213305  0.08243257445317850  0.08520810442069802  0.08809616382977192
  0.09147228500677439  0.09644196672773588  0.10101350851144691  0.10595482929738259
  0.11287348254910627  0.12387087212514351  0.13775998581643781  0.15146891285020536
  0.16994103153484974  0.20741145917133078  0.56402123597803888  1.00000000000000000
  0.00000257543235713  0.00000281791006603  0.00000299385927473  0.00000315390489146
  0.00000331573178277  0.00000350386334256  0.00000372768180474  0.00000392450290525
  0.00000412354732685  0.00000433617060169  0.00000458399514098  0.00000485008080050
  0.00000515486060884  0.00000548362239422  0.00000582383505809  0.00000618737169012
  0.00000658436323022  0.00000703953618481  0.00000757747796533  0.00000810752050486
  0.00000866489540625  0.00000929608414548  0.00001000875170805  0.00001079312907922
  0.00001163323677388  0.00001280592978667  0.00001405601019186  0.00001544550780088
  0.00001713087533464  0.00001898984341705  0.00002098081886214  0.00002327786654428
  0.00002565752289173  0.00002820315268479  0.00003105348089533  0.00003421555074921
  0.00003766636215686  0.00004160141809780  0.00004600022420144  0.00005035481128100
  0.00005475007412983  0.00005945285512763  0.00006461860459019  0.00007072217053259
  0.00007774339894218  0.00008564089261225  0.00009459722818696  0.00010450762690952
  0.00011528815338011  0.00012733287273058  0.00014156796145709  0.00015842741794519
  0.00017673314209535  0.00019563627812305  0.00021732162076637  0.00024049122998141
  0.00026501312715168  0.00029072589359665  0.00031746871516813  0.00034584945082369
  0.00037740054595155  0.00041298557906082  0.00046125490188597  0.00051579070735380
  0.00057376113772047  0.00063409794831516  0.00069974478384090  0.00078028676404962
  0.00088108725014104  0.00100266360535809  0.00113319415839294  0.00126169458714973
  0.00139701702502968  0.00154931155234945  0.00172584462623080  0.00193534798911338
  0.00219746689707148  0.00251074214587740  0.00293806984235848  0.00346749863715778
  0.00403331754282115  0.00465724708630278  0.00532323695683679  0.00609666988208614
  0.00711891191279781  0.00863126314208897  0.01071473164125361  0.01333115055650829
  0.01652253144153990  0.02008647062911319  0.02478223468312925  0.03395463813162464
  0.04971505837784430  0.09484110034057108  0.21383784917812076  1.00000000000000000
  0.00000261910912879  0.00000366059835336  0.00000652429395038  0.00000713747843140
  0.00000798206064795  0.00000903474295237  0.00001159462650386  0.00001449746756797
  0.00001805203988490  0.00002250817835008  0.00002762985403840  0.00003401118604258
  0.00004360319476695  0.00005603733243057  0.00007143558579667  0.00009381427561310
  0.00012614804964731  0.00017264298234482  0.00022671576393810  0.00029262964024226
  0.00038522052862555  0.00050727988925276  0.00065739611462227  0.00084333658741918
  0.00105478943750282  0.00130584820553072  0.00159142116539320  0.00189940897744052
  0.00222399724214938  0.00259044404304582  0.00303253626270445  0.00349847927286200
  0.00394248906796927  0.00441444832336615  0.00493439288205959  0.00549775834333002
  0.00603796861062342  0.00657919649453998  0.00716199912970338  0.00776660468718185
  0.00836573367699355  0.00902719416285790  0.00969017456559690  0.01041298949400371
  0.01113098240210629  0.01190933857778727  0.01270588041400809  0.01352320262031603
  0.01436649751759043  0.01523669067423715  0.01616723099847449  0.01715352116305720
  0.01816151517217335  0.01922280019194409  0.02025799806894101  0.02135476419284975
  0.02252587601809126  0.02379654036530142  0.02516406899363208  0.02657095518834873
  0.02798595843083048  0.02943108755670988  0.03098440828017418  0.03265455277485037
  0.03436649435128796  0.03635697316075106  0.03835767963179508  0.04025282039205682
  0.04211164324739920  0.04419586891200931  0.04644961698714932  0.04876253109506367
  0.05107723520517356  0.05351076040352166  0.05623006354500164  0.05936079596232596
  0.06304491184005334  0.06706431497460605  0.07135079499972879  0.07615826520392949
  0.08164926760214158  0.08768198346490350  0.09407345642859324  0.09907533323703921
  0.10625727292558532  0.11240247405831442  0.11819518800374902  0.12403227501340404
  0.13011987207090872  0.13753957327632982  0.14624521166602666  0.15570448806494158
  0.16653658357256321  0.18074288722461965  0.20008728397001602  1.00000000000000000
 -0.00142098141032023  0.00828284033688680  0.01708358370840783  0.02590708358621454
  0.03548932648024336  0.04539410497683405  0.05591514193361756  0.06610845640220317
  0.07700817573791448  0.08782594618594161  0.09870901071190064  0.10933142102628975
  0.11916156284243137  0.12850695757775385  0.13741597549503887  0.14650719169857782
  0.15643300590099588  0.16692405611036798  0.17705622292447332  0.18668122910472826
  0.19622573370596380  0.20614671095767026  0.21567973195338414  0.22377754981265122
  0.23220162881113438  0.24120025923946853  0.25127880328378960  0.26140176029763734
  0.27053629693887388  0.28045370516802665  0.28978233680352505  0.29868889878108051
  0.30718750030851943  0.31632039287400399  0.32690176926273778  0.33716159250403127
  0.34687091261205044  0.35676601714519585  0.36720071511134178  0.37812255451910792
  0.38886136068037386  0.39955352260002019  0.40993663466334485  0.41971268162925857
  0.42989831870539286  0.44108300390007571  0.45257208384562564  0.46263640498277220
  0.47210227899393564  0.48150742890050829  0.49220701063459110  0.50295582925032989
  0.51342981869343851  0.52378673799574782  0.53449226143344231  0.54634202515305896
  0.55795643918817028  0.56937978629183683  0.58060662962340359  0.59192008686980202
  0.60370129828491093  0.61598462678795052  0.62854921334273961  0.64061169357644276
  0.65163876499853457  0.66136300936275905  0.67048164699962076  0.67903644330783031
  0.68819512279068906  0.69858308132466751  0.70968198582389819  0.71965271349337523
  0.72872613779325679  0.73839249138542151  0.74904557901666347  0.75991685014655719
  0.77097901750332287  0.78299328509980781  0.79561183548256798  0.80824974168393382
  0.82022516561559589  0.83173951358235010  0.84340087972465327  0.85490469653336298
  0.86677849938481222  0.87926027204239998  0.89149507948015538  0.90324193726743396
  0.91327974888482455  0.92370165427590201  0.93551031397599504  0.94794024298580637
  0.96076045670705390  0.97373202741208142  0.98700171531528869  1.00000000000000000
 -0.00133339901460177  0.01030299478419974  0.01958496731557057  0.03022780433724051
  0.04147398623543390  0.05293331486935424  0.06474161618352817  0.07837806414262313
  0.08950433131553516  0.10029883569724210  0.11076921898042204  0.12151637782025361
  0.13220389326076482  0.14169921224455562  0.15153558169904469  0.16131959568986895
  0.17177381325855187  0.18236915123315309  0.19328470835891132  0.20336803725928143
  0.21280260258699801  0.22193809060517847  0.23254677025534251  0.24286891351226250
  0.25298805190580265  0.26259268835146277  0.27244087848505349  0.28299874901939087
  0.29423619525270400  0.30685771727534061  0.32003451283858753  0.33201165937673871
  0.34204217397030084  0.35132035898643532  0.36084474574191949  0.37176015278572233
  0.38278723880714044  0.39377195978509133  0.40400471033566537  0.41459848571213603
  0.42537979622097633  0.43510971372617346  0.44456596561495315  0.45373740181711480
  0.46396327520241620  0.47448236003457051  0.48575237206191962  0.49694518588001979
  0.50796736478432103  0.51937039358552139  0.53122919484735920  0.54315075303754878
  0.55420452976535128  0.56530346984179669  0.57622386940378356  0.58624717353704414
  0.59542013331884391  0.60469485872795226  0.61468783491868695  0.62514680608900342
  0.63519277506840444  0.64490525611227678  0.65469907163487506  0.66525041877487678
  0.67638673829205676  0.68763579598444913  0.69817601830274412  0.70814462415582402
  0.71842228621426141  0.73007196128533836  0.74275862642587365  0.75524954603426164
  0.76625338048421221  0.77625734513436495  0.78550252255411679  0.79475628104734952
  0.80444275618763894  0.81444376546240504  0.82481268443652400  0.83535421069888638
  0.84582151325967203  0.85696390260574817  0.86834745569887883  0.87970717467457482
  0.88938160715295000  0.89970438239110584  0.91048199324139611  0.92215011510923084
  0.93283451232987358  0.94273218713928841  0.95201898204775592  0.96137386935681002
  0.97023266640380768  0.97961781104836820  0.98952868120056370  1.00000000000000000
 -0.00290354120754094  0.01251632153506997  0.02420812580341920  0.03570860599674475
  0.04748423052858546  0.05934693894672746  0.07033310175275884  0.08042308680059457
  0.08954783874297922  0.09900746972480215  0.10882205814038262  0.11852751714664789
  0.12816686486018086  0.13772648403822427  0.14673175881607628  0.15564869881692783
  0.16530418734515820  0.17741347956127188  0.19157662893907118  0.20417520960261812
  0.21536779502299724  0.22630141236579021  0.23719828654747160  0.24910768252026130
  0.26141915008742234  0.27291768456242610  0.28267990799374126  0.29158005929038233
  0.30026765678239209  0.30957634827546054  0.31962585493720574  0.32935718044150036
  0.33828346621863770  0.34727500056568261  0.35673676453323916  0.36709714344177502
  0.37779840295195649  0.38809185273041380  0.39807837631116444  0.40881021888611857
  0.41972579283280842  0.42959250615496825  0.43961958996825734  0.45070193930872920
  0.46206300461864236  0.47269493502289472  0.48311076642053286  0.49389113693983977
  0.50525408047878917  0.51721442487223035  0.52944609223569339  0.54130677066638133
  0.55243658715065846  0.56321817422389908  0.57430117167347428  0.58584303714021801
  0.59800009656998199  0.60927355235881531  0.62001859076007726  0.63040582461737704
  0.64082463867355588  0.65190371158351612  0.66293205085649953  0.67308970342810337
  0.68359542150771346  0.69273605721445419  0.70185422920844842  0.71178624613333707
  0.72256469117486111  0.73336067807006222  0.74366217567107507  0.75397116079253379
  0.76502347957156713  0.77553256052756370  0.78545083447705555  0.79571428395565724
  0.80625931079994684  0.81708959598975606  0.82581969050820503  0.83458916359886492
  0.84326920593137811  0.85307845010032746  0.86361755032263521  0.87454461450995047
  0.88583160961115248  0.89673218449000791  0.90655928424118204  0.91671001397312257
  0.92646098825572176  0.93600238168421690  0.94552998178525016  0.95496198913136465
  0.96541397061984469  0.97594277880028457  0.98777497766836642  1.00000000000000000
  0.00586273937106975  0.01018480072368931  0.01596481793231928  0.02049499808365950
  0.02452866487234940  0.02830404079209592  0.03180710342685587  0.03521841998111103
  0.03867837814006099  0.04190538458090939  0.04491608880281640  0.04787949120765640
  0.05073766599965353  0.05355027165776406  0.05631223724522300  0.05911992487293297
  0.06186602153089418  0.06440876063436610  0.06686044881167758  0.06933313810682347
  0.07186574339630444  0.07445254166404505  0.07710696138638272  0.07976631323113284
  0.08230270971745453  0.08485591687469086  0.08733992078982920  0.08989024400528416
  0.09229215946387090  0.09461529576972698  0.09697795658210613  0.09939560095241873
  0.10184316667796721  0.10445267951189316  0.10693306486040471  0.10929203331964292
  0.11160933957513158  0.11377485040195623  0.11589565686628657  0.11819630295136052
  0.12096810460883679  0.12383634882031003  0.12645786965629713  0.12889001483277282
  0.13126070377709023  0.13351584636823580  0.13567749548425545  0.13780626239555716
  0.14020087292093045  0.14242126511391451  0.14451206606702491  0.14660342826940650
  0.14869421671414565  0.15098877806065394  0.15357660935274628  0.15612603101211722
  0.15857502384054833  0.16099383925215177  0.16348371761086644  0.16601386347885988
  0.16875349464858008  0.17127892654114940  0.17396894570938698  0.17724384476506649
  0.18065545431612223  0.18358727498772884  0.18638207663273729  0.18922141430156925
  0.19286375021431171  0.19622410529339765  0.19980464947723570  0.20339581464405634
  0.20727416060057577  0.21220431898463871  0.21767888189158585  0.22317668145607317
  0.22749660600694044  0.23116028923834669  0.23507095614500931  0.23982609402443655
  0.24530234485716576  0.25131641272305622  0.25799906220935664  0.26577424806102773
  0.27422547338440439  0.28151359887015887  0.28746884712937848  0.29311146381266417
  0.29915711001548762  0.30663858078094769  0.31909915389143878  0.33609031306411458
  0.35134030988765630  0.36663854397437845  0.40596663764833713  1.00000000000000000
 -0.00333829013539451  0.01239522457181663  0.02621885632082492  0.03990839099655129
  0.05288296926352371  0.06482117790094087  0.07592170899906799  0.08599890051826482
  0.09559262061149146  0.10567957688429833  0.11621443929752710  0.12643351590902491
  0.13620536204255707  0.14627493218346696  0.15686074103367229  0.16714448795323908
  0.17645282754970856  0.18553360883265632  0.19396683705939993  0.20267493618908131
  0.21095837005572390  0.21889762545367958  0.22667262252147666  0.23489433623922631
  0.24289577568206361  0.25089828239298173  0.25852900754864588  0.26709164268255497
  0.27622717867072960  0.28657068300815336  0.29679262914321586  0.30652543670397697
  0.31586987578985382  0.32414745470136980  0.33279416989096633  0.34246073348041678
  0.35377430431563550  0.36450434240686819  0.37568611451168626  0.38703998864720440
  0.39942214921936675  0.41150840685500434  0.42496828703379891  0.44056196256790064
  0.45977593794550192  0.47718007412644936  0.49447510646564047  0.51020153625389320
  0.52667785763337804  0.54410552357793263  0.56055238713272260  0.57467460947222948
  0.58737884249010419  0.59894352111176308  0.61035444815239526  0.62151489651389302
  0.63274738213962078  0.64242767947113377  0.65118520354312737  0.66039872521115339
  0.67028418136975032  0.68023096286426532  0.69021906082222850  0.70068002356032222
  0.71010459254273173  0.71792753806710874  0.72537714242643359  0.73274130900188261
  0.74062851755426784  0.74953518707939060  0.75812198858204749  0.76637645026279444
  0.77486841720052557  0.78384902443140014  0.79278376924587102  0.80177529104263345
  0.81053054821711223  0.81912969648583867  0.82787169043436148  0.83723928738033404
  0.84723325365998536  0.85731710934231764  0.86728530226702449  0.87708862610673477
  0.88885059196433069  0.90141018385210059  0.91308101173128864  0.92388599581030961
  0.93423280936902542  0.94466018904759674  0.95470139881199512  0.96365556722405221
  0.97296426477558118  0.98228090236765564  0.99133642997164229  1.00000000000000000
  0.01558476321725216  0.19520778624387494  0.28028562373025134  0.35793326318438651
  0.41807450762101855  0.46272720268790579  0.49791892372631030  0.52955130224385816
  0.55824410786221268  0.58548851038924465  0.60874426261050296  0.62834391446383941
  0.64614212100102908  0.66325498960263374  0.67767813284562617  0.69041471520212416
  0.70238411137501022  0.71351300239592419  0.72355311227901231  0.73320668666542776
  0.74314763683480634  0.75315276997513125  0.76245881888958733  0.77127300318351599
  0.77975598725691275  0.78791184953086624  0.79556755870156026  0.80273213447447911
  0.80964929101769267  0.81598880922734951  0.82186970369101608  0.82758548676216714
  0.83310583854374476  0.83854943784525870  0.84368675551399430  0.84846898745656429
  0.85283223830936816  0.85688320782876815  0.86090893994382522  0.86515154855589160
  0.86957238810917048  0.87368975703749463  0.87758883938650500  0.88109304125268950
  0.88453943055738693  0.88789604290173485  0.89128477872655398  0.89438506094500136
  0.89727351316114035  0.90014990018007712  0.90317152635218245  0.90628567303707586
  0.90937567825833754  0.91235660465650148  0.91510481393063947  0.91766842741909393
  0.92018477478499672  0.92270786457687826  0.92518465419596974  0.92757368849064326
  0.92987295127088143  0.93215803894488947  0.93442199196416054  0.93668815572138009
  0.93893033419598027  0.94113467911708626  0.94329895754842608  0.94511273303479693
  0.94692363804391200  0.94874663829563144  0.95058888913193351  0.95245401497713744
  0.95435718435487049  0.95628056820647778  0.95805529559120473  0.95976062806726681
  0.96144510706182273  0.96313155229032643  0.96480534478375102  0.96649433086629000
  0.96818103256334132  0.96986663907413384  0.97157673791513965  0.97318314845438747
  0.97480846776249852  0.97649175801450039  0.97821418598158594  0.97990143337688829
  0.98151227799149909  0.98315099554093544  0.98484906656989102  0.98663185683381549
  0.98865003269095586  0.99116862345336187  0.99457375084542654  1.00000000000000000
   3.4463961218681127E-011  -1.0000000000000000     
 F F F F F F F F F F F F F F F F F F F F F F F F F F F F F F F F
  <DiscreteSampler_grid>
  grouped_processes
  1 # 1 for a reference and 2 for a running grid.
  10 # Attribute 'min_bin_probing_points' of the grid.
  1 # Attribute 'grid_mode' of the grid. 1=='default',2=='initialization'
  0.0000000000000000 # Attribute 'small_contrib_threshold' of the grid.
  0.5000000000000000 # Attribute 'damping_power' of the grid.
 # binID   n_entries weight   weight_sqr   abs_weight
    10   10   7.463328446309229E-003   2.202159911478127E-004   7.463328446309229E-003
  </DiscreteSampler_grid>
