  0.00000524837940961  0.00001842159724645  0.00001887920093158  0.00001933680461672
  0.00001979440830186  0.00002025201198700  0.00002070961567213  0.00002122385184481
  0.00002180232387348  0.00002238079590215  0.00002295926793082  0.00002353773995949
  0.00002411621198816  0.00002481337824460  0.00002566028658055  0.00002650719491649
  0.00002735410325244  0.00002820101158839  0.00002913824960543  0.00003012606503035
  0.00003111388045527  0.00003210169588018  0.00003308951130510  0.00003436267579385
  0.00003569021357148  0.00003701775134912  0.00003834528912675  0.00006353484977538
  0.00013175256225017  0.00027408653801801  0.00056937568314245  0.00114735076924884
  0.00118997038281813  0.00123258999638743  0.00127520960995672  0.00131782922352602
  0.00136446564946988  0.00141417623785445  0.00146388682623903  0.00151359741462361
  0.00156408492300792  0.00162206626987122  0.00168004761673451  0.00173802896359781
  0.00179601031046110  0.00286417146069670  0.00338883513225582  0.00341986329644699
  0.00345089146063815  0.00348191962482932  0.00351294778902049  0.00354397595321166
  0.00357500411740282  0.00360603228159399  0.00363706044578516  0.00366808860997633
  0.00369911677416749  0.00373014493835866  0.00376117310254983  0.00379220126674100
  0.00382322943093217  0.00385425759512333  0.00388528575931450  0.00391631392350567
  0.00394507082995549  0.00397301692318711  0.00400096301641873  0.00402890910965035
  0.00405685520288197  0.00408480129611358  0.00411274738934521  0.00414069348257682
  0.00416863957580845  0.00419658566904006  0.00422453176227169  0.00425247785550330
  0.00428042394873492  0.00430837004196654  0.00433631613519816  0.00436426222842978
  0.00439220832166140  0.00442015441489302  0.00444810050812464  0.00447604660135626
  0.00450399269458788  0.00453193878781950  0.00455988488105112  0.00602114611760928
  0.01251368409444048  0.02596363131347365  0.02900275191289529  0.02900275191290529
  0.02900275191291529  0.02900275191292528  0.02900275191293528  1.00000000000000000
  0.05574279626210533  0.12590045336477321  0.12680090672954641  0.12770136009431962
  0.12860181345909283  0.12950226682386604  0.13040272018863924  0.13130317355341248
  0.13220362691818568  0.13310408028295889  0.13400453364773210  0.13490498701250531
  0.13580544037727851  0.13670589374205172  0.13760634710682493  0.13850680047159813
  0.13940725383637137  0.14030770720114458  0.14120816056591778  0.14210861393069099
  0.14300906729546420  0.14390952066023741  0.14480997402501061  0.14571042738978382
  0.14684263524564739  0.14801147624261823  0.14918031723958908  0.15034915823655989
  0.15151799923353074  0.15268684023050155  0.15385568122747240  0.15502452222444324
  0.15619336322141406  0.15736220421838490  0.15853104521535571  0.15969988621232656
  0.16086872720929740  0.16203756820626822  0.16320640920323906  0.16437525020020988
  0.16554409119718072  0.17074892916334311  0.27388221275290103  0.37511527492680774
  0.38101391213431834  0.38691254934182889  0.39281118654933944  0.39870982375685005
  0.40460846096436071  0.41050709817187131  0.41640573537938197  0.42064662318759227
  0.42481078498510327  0.42897494678261422  0.43313910858012522  0.43730327037763622
  0.44212385710818680  0.44697699341324459  0.45183012971830239  0.45668326602336018
  0.46153640232841797  0.46638953863347582  0.47124267493853361  0.47609581124359146
  0.50103857367698523  0.50732385026755822  0.51360912685813109  0.51989440344870397
  0.52617968003927695  0.53246495662984983  0.53875023322042281  0.54503550981099580
  0.55132078640156867  0.55760606299214155  0.58533008833194178  0.66825785208488309
  0.67578670449912959  0.68331555691337609  0.69084440932762259  0.69837326174186920
  0.70590211415611570  0.71343096657036231  0.72095981898460881  0.72848867139885543
  0.73385328727909449  0.73900371943062371  0.74415415158215292  0.74930458373368214
  0.75388125088381974  0.75836835482581344  0.76285545876780714  0.76734256270980084
  0.79373343282087538  0.89686671641043336  0.93464887539545694  1.00000000000000000
  0.12040239175160730  0.12186192814882055  0.12332146454603381  0.12478100094324705
  0.13127294112421131  0.13865327994171517  0.14857344070261325  0.24954394663028293
  0.35051445255795255  0.39922973196796935  0.40539192557027331  0.41155411917257728
  0.41771631277488119  0.42387850637718510  0.43004069997948896  0.43620289358179287
  0.44236508718409673  0.44852728078640064  0.45468947438870455  0.48033691113306287
  0.48612034724254694  0.49190378335203100  0.49768721946151506  0.50347065557099913
  0.50925409168048319  0.51503752778996725  0.52082096389945143  0.52660440000893549
  0.53238783611841967  0.53817127222790384  0.58161259512560737  0.66741687605587219
  0.67217604634111472  0.67693521662635714  0.68169438691159967  0.68645355719684209
  0.69048621060123894  0.69431409315590265  0.69814197571056646  0.70196985826523017
  0.70579774081989399  0.70962562337455781  0.71345350592922163  0.71728138848388545
  0.72110927103854927  0.72493715359321309  0.72876503614787680  0.73368720336577231
  0.73873764431029265  0.74378808525481299  0.74883852619933322  0.82774984092765713
  0.92872034685532678  0.93854797035331439  0.93969574254087007  0.94084351472842565
  0.94199128691598122  0.94313905910353690  0.94428683129109248  0.94543460347864805
  0.94658237566620373  0.94773014785375931  0.94887792004131488  0.95002569222887057
  0.95117346441642614  0.95232123660398171  0.95346900879153740  0.95461678097909297
  0.95576455316664855  0.95691232535420423  0.95806009754175980  0.95867926684906346
  0.95913328210780247  0.95958729736654147  0.96004131262528047  0.96049532788401948
  0.96094934314275848  0.96140335840149738  0.96185737366023638  0.96231138891897539
  0.96276540417771439  0.96321941943645339  0.96367343469519240  0.96412744995393140
  0.96458146521267030  0.96503548047140930  0.96548949573014831  0.96594351098888731
  0.96639752624762632  0.96685154150636532  0.96730555676510432  0.96775957202384322
  0.96821358728258222  0.96866760254132123  0.96902794043223062  1.00000000000000000
   1.1304119464464460E-009  -1.0000000000000000     
 F F F F F F F F F F F F F F F F
  <DiscreteSampler_grid>
  grouped_processes
  1 # 1 for a reference and 2 for a running grid.
  10 # Attribute 'min_bin_probing_points' of the grid.
  1 # Attribute 'grid_mode' of the grid. 1=='default',2=='initialization'
  0.0000000000000000 # Attribute 'small_contrib_threshold' of the grid.
  0.5000000000000000 # Attribute 'damping_power' of the grid.
 # binID   n_entries weight   weight_sqr   abs_weight
    10   10   4.607296960358783E+007   2.110502487829494E+016   4.607296960358783E+007
  </DiscreteSampler_grid>
