 -0.00000384442815810  0.00019496911436576  0.00049132986564228  0.00082156147817858
  0.00122488276906733  0.00167619538994070  0.00210172014548498  0.00247129809169709
  0.00290744838892220  0.00331369521551478  0.00374788652745483  0.00425771101328638
  0.00479165669136340  0.00538771215799479  0.00604328711951489  0.00676388744602742
  0.00756611276353243  0.00839927399865205  0.00917700265745278  0.00995884326087657
  0.01083222030239044  0.01174760548319930  0.01258685211728957  0.01345001887279604
  0.01431666510455086  0.01514780804375632  0.01592249677285566  0.01665298115283492
  0.01735458886711807  0.01816725051437442  0.01909260322031716  0.02001542959542529
  0.02085021439282516  0.02167863990548953  0.02265763441499557  0.02369025609832769
  0.02483189148069737  0.02610546021542180  0.02735994574057398  0.02855403860259191
  0.02985663671780887  0.03117643199846807  0.03261942978719790  0.03405543739400332
  0.03532258253501914  0.03654053464746424  0.03766522256636168  0.03887291490488797
  0.04024549003483081  0.04179837181008687  0.04334333739595176  0.04462228663189621
  0.04561599441160546  0.04657492084292382  0.04770624659777070  0.04882722823961300
  0.04992056988703304  0.05102358931175931  0.05228004798113114  0.05389157343457856
  0.05553192806351944  0.05674101107773409  0.05792796321297890  0.05902375370149879
  0.06027598834026038  0.06172615457424850  0.06353015973037944  0.06582308280475616
  0.06787396541858215  0.06986161551805063  0.07131903603254028  0.07260560994861687
  0.07398429992074562  0.07525515880361849  0.07640624434374393  0.07766660276343264
  0.07923107809338435  0.08076996029560124  0.08202746398305272  0.08328093936155313
  0.08483171051703423  0.08867010881917858  0.09330945567191490  0.09832186014737575
  0.10468983892664684  0.11098654471155167  0.11716666396893828  0.12326564875116003
  0.12961927887926961  0.13653060325198046  0.14416056985596046  0.15248810252178094
  0.16545149995505193  0.17182002080799194  0.60521857145807134  1.00000000000000000
  0.00000298689218584  0.00000328824543907  0.00000359350511148  0.00000389178021169
  0.00000423161499283  0.00000464857645043  0.00000519654936846  0.00000585139534372
  0.00000651101452294  0.00000715913740973  0.00000787892700698  0.00000869704713286
  0.00000980026518195  0.00001137840878882  0.00001331741476271  0.00001544787307811
  0.00001764840643225  0.00001992549031996  0.00002244463756476  0.00002545521376059
  0.00002843838760739  0.00003182013452733  0.00003543427694617  0.00003918772005428
  0.00004307231987108  0.00004683420358849  0.00005104010551513  0.00005566484251849
  0.00006156820136214  0.00006926992284817  0.00007813378652970  0.00008704342538919
  0.00009399336455039  0.00010356789519539  0.00011301640905274  0.00012222979969453
  0.00013136633829920  0.00014078346849121  0.00015284080247512  0.00016638539913837
  0.00018253398791776  0.00020154183160288  0.00022341017467133  0.00024573382429933
  0.00027007986865808  0.00029593787719484  0.00032097385291670  0.00034682050502097
  0.00037508282839033  0.00040695198846545  0.00044109657368968  0.00047111172591207
  0.00050483457380310  0.00054154573547432  0.00058230644644278  0.00063726246046924
  0.00068930793040487  0.00075075806416702  0.00083314926611533  0.00093303527622105
  0.00102715499371916  0.00111963676966544  0.00122250443199359  0.00132734167314534
  0.00144917062973716  0.00156918381576197  0.00174058319791008  0.00191832205165978
  0.00209587370675741  0.00224422308677562  0.00240490751869108  0.00261384727367793
  0.00281304396699928  0.00301731263649537  0.00325802031881199  0.00362512949419053
  0.00418134064632180  0.00482927739056250  0.00548846805159813  0.00613930677458842
  0.00698629203361051  0.00769164841403759  0.00826862454914219  0.00905100240703224
  0.01008656657132968  0.01130198677537574  0.01329177735764135  0.01538664236860297
  0.01787681810787286  0.02081787315592800  0.02530853808820466  0.03107951132489705
  0.05157251672760127  0.09841346257395177  0.13131434036569031  1.00000000000000000
  0.00007032397932265  0.00058124680723189  0.00105163803432436  0.00144894559691700
  0.00188234670425246  0.00233521991985877  0.00290540528126013  0.00337302559679308
  0.00377342267645140  0.00428123424146882  0.00491609154406169  0.00556498113168219
  0.00625949780106360  0.00705812029439755  0.00784823972201393  0.00877306916704588
  0.00976713256215164  0.01075996120071961  0.01172131508906787  0.01261314132046701
  0.01350129913793101  0.01434769670263050  0.01522831458652754  0.01616349633868233
  0.01714583772664875  0.01818667439982770  0.01932096857357544  0.02042692681549352
  0.02153030596305924  0.02266964942686206  0.02385197110452652  0.02516607240685795
  0.02664373237224527  0.02824017508576514  0.02972199902217881  0.03100010759467544
  0.03213910712059832  0.03355190993738881  0.03475762357774646  0.03579155508131743
  0.03690013680423627  0.03800792820937057  0.03896398535496835  0.04129025705784153
  0.04381249115287138  0.04659007928578453  0.04967812362705658  0.05238754739717569
  0.05456454910045215  0.05643907678183004  0.05832959333574964  0.06081479288375369
  0.06338115530807559  0.06596816535481216  0.06830203249898034  0.06995512261808266
  0.07157909432773625  0.07351815520362946  0.07572247273057112  0.07851446365069353
  0.08062504202053057  0.08219258714475468  0.08366854425590191  0.08509225138934659
  0.08660372354405403  0.08786182730901000  0.08888500886386987  0.08982745861862909
  0.09136904667548368  0.09281343174048395  0.09424818063978857  0.09563047774022766
  0.09699873702076990  0.09846135928719804  0.10024057513644809  0.10247479273408068
  0.10493363754359256  0.10739504162111539  0.10991381036941111  0.11264817253813715
  0.11624419393082341  0.12000919678405601  0.12380936063186923  0.12766604702145776
  0.13103264887979252  0.13412913116316749  0.13642590414027322  0.14747124732021327
  0.16262549902548248  0.18523961732412478  0.20576899229399265  0.22447380176969958
  0.24333902684877837  0.27507451830866103  0.33426121448608859  1.00000000000000000
 -0.00325214193634004  0.01319589535898422  0.02662341082966544  0.04121717919384200
  0.05767374206926814  0.07509338396224660  0.09041726499229152  0.10205745238958716
  0.11383085184858550  0.12613407971534399  0.14040733873663142  0.15636446092868284
  0.17110691449823462  0.18323497189306376  0.19472717373194054  0.20638534201349099
  0.21719927580405052  0.22875627638306809  0.23943235153058642  0.24923648684676544
  0.26034738299353039  0.26986849173869826  0.28112573160848475  0.29141925963500909
  0.30268637585331498  0.31230238255104842  0.32165792028210871  0.33129392594541646
  0.34032152824947071  0.34994431861028863  0.36063492867791375  0.37209391029900596
  0.38296814237947258  0.39315398564446014  0.40606582645514550  0.41929613480899697
  0.42949269697498882  0.43840280812867394  0.44699294278890855  0.45569451393326982
  0.46391682909390763  0.47039903301088881  0.47594786552783713  0.48156052956700535
  0.48595870457569035  0.49257977286250398  0.49969969896130939  0.50656827243833935
  0.51458260827743707  0.52358571929075726  0.53251681289808561  0.54170373295579211
  0.55633442040497427  0.56993478112430607  0.58165117581910653  0.59279516682174926
  0.60406097730319885  0.61576108421252762  0.62742554615111723  0.63935029789671582
  0.65047594297736422  0.66032542012160400  0.66805612173693185  0.67485771741277600
  0.68123157070949947  0.68898009423189710  0.69805850389187674  0.70775496365627055
  0.71824474920270187  0.72877200700935973  0.73848665781736411  0.74828908613236966
  0.75728437027288142  0.76763034089914062  0.77745624899537213  0.78639029953046291
  0.79574115781482047  0.80574392815453433  0.81590482906020290  0.82486720594746898
  0.83462034363974447  0.84598143403489967  0.85885767625398912  0.87143196240705800
  0.88328951794294863  0.89429437262478273  0.90467503746047917  0.91540990576986536
  0.92671474863204795  0.93680817230099478  0.94695461915003731  0.95683883667695024
  0.96844858129214051  0.97901102018632280  0.98966666103052592  1.00000000000000000
  0.00263615779852556  0.02964899815260572  0.04702290214289595  0.05974713437823098
  0.06994519162231631  0.07839958608759025  0.08562156090122208  0.09174756221102881
  0.09709756109052328  0.10225510519961822  0.10698608970458572  0.11125542500530039
  0.11587706936229103  0.11992572283587430  0.12411650161184455  0.12842561048647733
  0.13261818428915187  0.13706383713926545  0.14107562980790497  0.14559243133094141
  0.15056706706130538  0.15575897065365607  0.16095799447356163  0.16597244850196247
  0.17243799934704318  0.17886712829825838  0.18498948906590701  0.19041695294766176
  0.19376367792559790  0.19779990374759257  0.20240890156864996  0.20784583942793974
  0.21342947835384440  0.21805628527475124  0.22198361875118836  0.22552158223555699
  0.22909705377796408  0.23311827052563425  0.23733151613905573  0.24120322489803114
  0.24454920798333185  0.24807412902147566  0.25091785606022299  0.25388780025650104
  0.25710011191642074  0.26075467030813687  0.26441226566599707  0.26762734317859910
  0.27079110954878854  0.27461136220409715  0.27914665919886766  0.28251558943592886
  0.28562077333451824  0.28900683610884337  0.29206447553146736  0.29464276666124245
  0.29679117479610356  0.29851370625609519  0.30047740758076658  0.30233509981932016
  0.30413526883567121  0.30611461825651393  0.30868554103987766  0.31056531633799117
  0.31472879303802498  0.32188286479189493  0.32981372879389520  0.33941609711663967
  0.34932862499462053  0.35745651975391579  0.36379310376040386  0.37178934096655741
  0.37677959218614249  0.38330416738932838  0.38967845493006059  0.39856760297322619
  0.40823874681141020  0.41495134274900314  0.41948572254650740  0.42342237363157853
  0.42762284481650970  0.43266580957363499  0.43845134271354402  0.44426868425011024
  0.45210284521606697  0.45940658677154861  0.46911179957454663  0.47854513706556917
  0.48560350060114110  0.49746811039339756  0.51386827902753374  0.52865588467442681
  0.53808019135141505  0.59976421077018960  0.75558010287332888  1.00000000000000000
 -0.00306479480916421  0.01427197136581427  0.02824939454489035  0.03852913946352769
  0.04830388167635295  0.05770682848511677  0.06661617950833393  0.07533009260385093
  0.08413500219778615  0.09305417676750721  0.10250403665415539  0.11220216670957907
  0.12207227050422498  0.13268374913609776  0.14318645519657328  0.15386713692884052
  0.16459108140822404  0.17454325194540171  0.18408286278314062  0.19418824086267489
  0.20453982338521631  0.21383119099040646  0.22233047442402443  0.23024272497991971
  0.23885875576907109  0.24841485577971123  0.25864216072420815  0.26822835954706092
  0.27771865415858504  0.28730957726870460  0.29788407503640357  0.31075250068754123
  0.32160065333522153  0.33215777318299133  0.34288109818958573  0.35300379803136456
  0.36287738401517050  0.37374307466151785  0.38217648437924268  0.39155422276108376
  0.40013161533482450  0.41062023395178948  0.42142037628916135  0.43113974309791969
  0.44108285307562722  0.45392554994693229  0.46806223972476713  0.48087018294461115
  0.49151867899886470  0.50251606680066629  0.51170386283974290  0.51952793904267480
  0.52699973443377179  0.53432681259367465  0.54157412802191263  0.54974306393047223
  0.55928085304626562  0.57575202208471421  0.59256227871181877  0.60734161338396997
  0.61887211481693116  0.62947705679579469  0.64057223269083263  0.65194435836120801
  0.66296543515527107  0.67899125540646255  0.69198608454222144  0.70390095650067874
  0.71521417586548186  0.72533927389334452  0.73464460710984603  0.74419683634449108
  0.75459373147701325  0.76714328897151218  0.78069612383496767  0.79346938998112870
  0.80458088345722234  0.81596567442035839  0.82824306049927721  0.84041371707038104
  0.85299624392451245  0.86568145016724396  0.87737231192242238  0.88875695917955533
  0.89999397459534203  0.91034029890949808  0.92092463118841827  0.92901455365489061
  0.93673107783765375  0.94552971327004420  0.95401866839354921  0.96291441464484717
  0.97124902965569138  0.97927402772033278  0.98962557409647656  1.00000000000000000
  0.00564785052971168  0.00927262947373877  0.01429259038394761  0.01817397174861161
  0.02133259429923766  0.02395774310214013  0.02626367864545343  0.02850542270224967
  0.03064422894363923  0.03256743969512984  0.03440552640903099  0.03628584691554924
  0.03817873157793467  0.04006598976114203  0.04201259864841421  0.04409418544369200
  0.04611191098383811  0.04813077683056911  0.05021050413414088  0.05245633661271307
  0.05497768680342183  0.05735169709323576  0.05943602703074798  0.06134459541362398
  0.06325943847040168  0.06526741767319215  0.06720691343231362  0.06931841633172182
  0.07155687100606292  0.07388704519946543  0.07624315586227967  0.07850088042712529
  0.08082986430320048  0.08328970089234553  0.08573551417287946  0.08854929911318007
  0.09161777563532082  0.09473956660715926  0.09856680279194702  0.10271778309974081
  0.10648576266325846  0.10966087939886721  0.11249855232259123  0.11536786693550569
  0.11847212415747667  0.12196084477844914  0.12586492417018061  0.13063327956641924
  0.13386407656071153  0.13654781759792642  0.13913533621545215  0.14176961799988291
  0.14458704602359054  0.14803301435293598  0.15243799934938454  0.15640947661641444
  0.16077321096528993  0.16575313116245863  0.17173390905375957  0.17853574637051386
  0.18430169433760635  0.18831241698150936  0.19099017194754880  0.19315539141321808
  0.19453110380097732  0.19599077671089643  0.19780940315247389  0.19985954375095349
  0.20177387234577340  0.20406324437423859  0.20656954596524743  0.20889766773542576
  0.21119740779720200  0.21466813889027339  0.21653302796166710  0.21841238049214431
  0.22081929127837924  0.22358260111343850  0.22676275949860614  0.23022635483976644
  0.23307135874970880  0.23552781082853885  0.23858641097739547  0.24281284360373379
  0.24566164100792262  0.24799715320545235  0.25005927457700444  0.25392870543338186
  0.26087326211064998  0.26800068418330242  0.27609273294479725  0.28420519794022997
  0.29362495266935063  0.30608735433781137  0.57654010995899563  1.00000000000000000
 -0.00366121502015168  0.01682023188715553  0.03337399756853267  0.05235159046918084
  0.06878130809277827  0.08284861470537137  0.09608250090339066  0.10798173990464989
  0.11794278137304955  0.12810041083388199  0.13906653579720296  0.15079516096185566
  0.16307580067021479  0.17427853170030899  0.18597796921189491  0.19670174387046532
  0.20745464044001061  0.21859784131807625  0.22935161551752853  0.23817111499866342
  0.24718571357523550  0.25753307426707961  0.26825506727830284  0.27830397305854554
  0.28809701281419625  0.29875360511795562  0.31011367841410958  0.32038351172273527
  0.32880659854350097  0.33692013672851073  0.34514175345715070  0.35408149080172713
  0.36512285143624079  0.37644504257452016  0.38839987458959613  0.39716762063997074
  0.40449724638632262  0.41010532395185412  0.41532169033008975  0.42079863200601364
  0.42615625587846789  0.43290844775518383  0.44018739294826431  0.44763378728638747
  0.45571229186413892  0.46455441011252202  0.47296673541843876  0.48043458405820194
  0.48708377700491307  0.49345937968497916  0.50125070079113054  0.50855987619245957
  0.51628570476437752  0.52293444233831221  0.53013393365120143  0.53831313514170098
  0.54552693752379577  0.55185810689479009  0.55810190208079136  0.56488347418674201
  0.57227336379890581  0.57979005001420836  0.58921183374210806  0.60151320984878898
  0.61399008648903608  0.62534181992704796  0.63650362749275369  0.64845718021860366
  0.66077178312434959  0.67073424151837102  0.67779996079649996  0.68446888647800708
  0.69105777306251504  0.69855310828739969  0.70598137048885590  0.71190316009032029
  0.71790821751514133  0.72392514708001654  0.73194774318209821  0.74949616249675088
  0.76794694584407441  0.78335826873425385  0.79734815324490593  0.81063534215951616
  0.82504580033230746  0.84290576093222891  0.86185664063493250  0.88143409257468719
  0.90043472631450550  0.91657419807575502  0.93025133298698837  0.94286157250457003
  0.95676916044097637  0.97086577112119887  0.98566909920115053  1.00000000000000000
  0.03495844448622183  0.43879072614905201  0.56364352732084544  0.63975745542054197
  0.69119215200390638  0.72975326485692382  0.76042192870210623  0.78781270856154595
  0.81015538974020829  0.82741267072929270  0.84032182404213529  0.85248575122262860
  0.86362017470679420  0.87365138196665748  0.88168012858652700  0.88859649707998190
  0.89524060662697336  0.90129083478881511  0.90710988364772671  0.91259006048951397
  0.91737921375759668  0.92131580669669388  0.92543810906934898  0.92934124917416172
  0.93304209390612480  0.93635682407965415  0.93925737076230087  0.94163920012150648
  0.94387710297686966  0.94571723151127529  0.94737855151291883  0.94900266276310541
  0.95053172066734437  0.95231868607296633  0.95407757902509116  0.95576660064028696
  0.95732688801151911  0.95870297064915033  0.95988205970496321  0.96098347059234646
  0.96215169816883095  0.96333100000993011  0.96453696609709361  0.96582025511045710
  0.96703908558177565  0.96816354860230913  0.96913014715143864  0.97002583239035967
  0.97082218296159861  0.97154497561936259  0.97222379718630014  0.97286717641674669
  0.97358431002469181  0.97440832006512290  0.97523036849992650  0.97599260284583911
  0.97671295348272236  0.97738336665478720  0.97807428208075708  0.97873125019886476
  0.97933857529092117  0.97991344147542048  0.98048031224920562  0.98101262570356962
  0.98158738482420194  0.98218560168411539  0.98278418264647038  0.98335095269556760
  0.98391919012694795  0.98448426203913886  0.98502501593511960  0.98559559888441872
  0.98612837057356817  0.98662687729783849  0.98712844816483902  0.98761901163730947
  0.98810471560722846  0.98859986599347327  0.98909168769555567  0.98957713250888779
  0.99001820088459191  0.99041630814420689  0.99078850945747587  0.99116815162781691
  0.99159872069149746  0.99204735518072273  0.99252047316807268  0.99301608417858389
  0.99351241378783173  0.99398639327629779  0.99454232917148555  0.99519277583868415
  0.99597464615116205  0.99691041193168173  0.99807804983870152  1.00000000000000000
   3.8054308568366409E-011  -1.0000000000000000     
 F F F F F F F F F F F F F F F F F F F F F F F F F F F F F F F F
  <DiscreteSampler_grid>
  grouped_processes
  1 # 1 for a reference and 2 for a running grid.
  10 # Attribute 'min_bin_probing_points' of the grid.
  1 # Attribute 'grid_mode' of the grid. 1=='default',2=='initialization'
  0.0000000000000000 # Attribute 'small_contrib_threshold' of the grid.
  0.5000000000000000 # Attribute 'damping_power' of the grid.
 # binID   n_entries weight   weight_sqr   abs_weight
    10   10   1.869107139076708E-005   1.475605873258507E-009   1.869107139076708E-005
  </DiscreteSampler_grid>
