  0.00108381341793830  0.00152855432035145  0.00182554469010439  0.00206758144300231
  0.00228544361994410  0.00249838853140991  0.00270852206755532  0.00291706662935848
  0.00312389239562910  0.00332387502340570  0.00353148969344147  0.00374499053205359
  0.00397137265046004  0.00421065311151540  0.00445942887297045  0.00471574716527304
  0.00498034638459277  0.00525368069687166  0.00553738946139813  0.00583527747331882
  0.00614261304704456  0.00644869817650860  0.00674597233434680  0.00706108019273885
  0.00738170281892888  0.00770102605122841  0.00801170533069062  0.00835336923975550
  0.00873697185634736  0.00914189599930663  0.00958642988372910  0.01007044581195179
  0.01054375690809135  0.01101978950340705  0.01151285040099305  0.01201674512775634
  0.01254049882158969  0.01306834220421832  0.01360028244026328  0.01416660275948406
  0.01478714121686050  0.01544737826606549  0.01614296766335104  0.01690250136561975
  0.01763716510672985  0.01834741278770982  0.01903501972866069  0.01975136577013246
  0.02045335569636352  0.02115948895870902  0.02189619907165243  0.02265981336127246
  0.02358935042597538  0.02453837391608664  0.02558653243931399  0.02667706157120756
  0.02779546320749637  0.02893042933421885  0.03005897072099158  0.03120598766725151
  0.03240859958302265  0.03375387987121569  0.03512078506528236  0.03656333613708122
  0.03802802705194983  0.03965448864053408  0.04154062485247716  0.04336221807697532
  0.04521496939584311  0.04719473794059883  0.04948007571672380  0.05166179335953178
  0.05386497931028651  0.05628819776354747  0.05868161050236618  0.06126500543582949
  0.06420479386539078  0.06728119114034997  0.07022376367218826  0.07303738911397434
  0.07599868080434991  0.07899694722070949  0.08202118604655781  0.08538959123850257
  0.09069634995368495  0.09681187332160143  0.10251501550423178  0.10815731396030095
  0.11421894681292251  0.12350877534379981  0.13823921475133333  0.15557873692814253
  0.18244368873146186  0.21291087458545294  0.79128941086790006  1.00000000000000000
  0.00000227366230951  0.00000431374910410  0.00000497922411331  0.00000567374029693
  0.00000640750872945  0.00000720480472885  0.00000803741602313  0.00000897036345326
  0.00001000374880393  0.00001124752718381  0.00001296193467519  0.00001492852126069
  0.00001714303887774  0.00001976548411040  0.00002284394697059  0.00002637766844354
  0.00003044171869435  0.00003515416779686  0.00004047578459086  0.00004692298681281
  0.00005438999316494  0.00006421686337493  0.00007588125284436  0.00008928997790867
  0.00010409139813107  0.00012153250206385  0.00014158407589731  0.00016548058928654
  0.00019335449442371  0.00022593145686371  0.00026371153328807  0.00030753831913259
  0.00035739241999851  0.00041350908198105  0.00047708630887319  0.00054812442911268
  0.00063018948192066  0.00072427341032139  0.00083228091662095  0.00095308767894490
  0.00108848678185197  0.00124508574711058  0.00142440810671846  0.00162624792171066
  0.00184734506134883  0.00209746609083511  0.00237885840755461  0.00267234008935761
  0.00297544552303676  0.00330728343269143  0.00366230186132970  0.00405738329896383
  0.00451881276919778  0.00504074402174578  0.00560410221184416  0.00620164879395345
  0.00682411796046044  0.00750853975690581  0.00827299505448485  0.00906137469304196
  0.00985174231877081  0.01064451364960218  0.01147120164536107  0.01237404201890061
  0.01332819276610832  0.01438849936250937  0.01545843533250980  0.01670514381308225
  0.01810242098160535  0.01988481310828023  0.02188755166635939  0.02395757359527464
  0.02594025219257910  0.02785033553411460  0.02974451818681442  0.03150115320887863
  0.03340169329556265  0.03549743933783642  0.03762289792060865  0.04008942789095850
  0.04313275050213779  0.04661272745634495  0.05041642763660733  0.05405612795344610
  0.05723513543600578  0.06031389821358412  0.06349036232144281  0.06683844843612097
  0.07031133134085560  0.07508783817088477  0.07939059102785978  0.08500914863021718
  0.10065496500725923  0.12477573473943653  0.14850801267269198  1.00000000000000000
  0.00008380033340105  0.00012079283656908  0.00016396068353902  0.00021841896084695
  0.00028709953674579  0.00034934825873544  0.00040575496653561  0.00046243483730186
  0.00052030837316017  0.00058680541242956  0.00065823841776848  0.00073067791834900
  0.00081807321467700  0.00091566938944853  0.00101292927462269  0.00111236424287074
  0.00121723890727108  0.00133276838752736  0.00147632017941229  0.00165751806213759
  0.00187391513645890  0.00210780120440330  0.00235441838866850  0.00260567221389378
  0.00287201045428929  0.00317425957006316  0.00350210628948452  0.00384875080797188
  0.00420814056063330  0.00458334616196724  0.00499139084552229  0.00544197082949946
  0.00591721624626609  0.00639442986114896  0.00686547180022524  0.00734096315654169
  0.00781563607718048  0.00831949329270526  0.00887280395374111  0.00945987019948594
  0.01005978116530714  0.01068143683792359  0.01132368262750897  0.01201797062291248
  0.01277887585155183  0.01355798547558920  0.01434161264060903  0.01512981335670932
  0.01594055731921112  0.01678986208738127  0.01764687506399223  0.01851476101699602
  0.01939764583713884  0.02026292983901725  0.02117021342708916  0.02213126906294164
  0.02317213388675887  0.02423536674894316  0.02534464471714877  0.02649648059537487
  0.02771399398534005  0.02908072129508761  0.03046834059267535  0.03182772299915795
  0.03319715582699335  0.03462535226356665  0.03612030126536473  0.03779472872250043
  0.03981460034847991  0.04195994374338214  0.04411864577416785  0.04611347629599177
  0.04821171709993373  0.05038744326747762  0.05292831555372864  0.05560614044863896
  0.05810103582762220  0.06067025548338723  0.06347667814891646  0.06634023772647610
  0.06891720959315660  0.07155477573700289  0.07452458568397578  0.07771670067869109
  0.08072685030300263  0.08334396578962609  0.08772487532048670  0.09590064878369359
  0.10475857896493403  0.11120110025579878  0.11866743733130794  0.12772413151922929
  0.13745182243443155  0.21623633342050044  0.45281659780509020  1.00000000000000000
 -0.00138402655538814  0.00523859210484592  0.01153151667500942  0.01783018894843753
  0.02406610011216985  0.03033590679780615  0.03669830627912467  0.04329167220211923
  0.05032920798155611  0.05708064710334042  0.06322479293738364  0.06934113142456608
  0.07555770971580905  0.08204743363005663  0.08908923349851726  0.09624448375356918
  0.10320720538228705  0.11002739168362476  0.11686294457328579  0.12351489771610753
  0.12993770240529670  0.13621992786590020  0.14256905011261325  0.14958147008600953
  0.15680590175390366  0.16421245765741774  0.17134438247497391  0.17836253663007678
  0.18522114888861227  0.19216957621142811  0.19929920436072066  0.20633505310852465
  0.21333504490540905  0.22043420192017313  0.22785918904040145  0.23568484177297527
  0.24353052950459267  0.25138908414131833  0.25942471723757377  0.26769134868660521
  0.27599510406668254  0.28418910787781448  0.29240558614882067  0.30073119850335711
  0.30917260348442777  0.31771946897738756  0.32639431896713617  0.33521529638672171
  0.34412126937210924  0.35307895281389112  0.36176476845906474  0.37035978595999086
  0.37859716353196510  0.38654943620107568  0.39466106075050544  0.40283368462887215
  0.41103803688691987  0.41960107542391040  0.42871769169544571  0.43772339623844020
  0.44671206209513814  0.45599327394836164  0.46526281112860934  0.47415653359786553
  0.48334534663330053  0.49334060508698857  0.50444584054275476  0.51569894643659453
  0.52687177077225933  0.53777368682952353  0.54945911526668989  0.56206788881869507
  0.57508038201982836  0.58777302033603762  0.60002117396448784  0.61292349026260107
  0.62595401020875063  0.63934455337320428  0.65275891186071966  0.66595862230536917
  0.67882957476282535  0.69182941741900683  0.70585870826820363  0.72126179637841159
  0.73722092345821366  0.75371296957235656  0.77125684129925531  0.79050678529840546
  0.80988623261825687  0.83069508497677003  0.85277473692581707  0.87577169448215797
  0.90112259637348890  0.93344258102214195  0.96715267161567797  1.00000000000000000
 -0.00226434398292651  0.00915873772394336  0.01857650559414105  0.02892354653884945
  0.03882167489905628  0.04822476454898819  0.05788736853750528  0.06813148617051551
  0.07846306175607047  0.08858476088482302  0.09889763366270901  0.10985039558593215
  0.12117330420585365  0.13235416653498883  0.14344134292096750  0.15434212463590183
  0.16511104171931362  0.17547677204937354  0.18548121722833372  0.19565114554322746
  0.20610137232901640  0.21662666721022691  0.22702534190243015  0.23689777740229370
  0.24703249790766804  0.25750523774391604  0.26780762467985753  0.27815101439939965
  0.28886479211854771  0.29981881299992724  0.31103050785188446  0.32222349043376547
  0.33340451498482249  0.34372013313001409  0.35322893831516361  0.36262884951172975
  0.37219106188387113  0.38288551381107222  0.39395839052375242  0.40581093505345311
  0.41727045200226537  0.42804493980907615  0.43868151217060725  0.44916766509286765
  0.46055021517342049  0.47164709440884184  0.48190522019676441  0.49137990747791255
  0.50070228724308274  0.51070541600242236  0.52127535426546445  0.53258605879690302
  0.54398328324645662  0.55479667220661755  0.56515882605969436  0.57538074003717554
  0.58601635150493137  0.59699537311280160  0.60777884663663795  0.61828790150885649
  0.62887786258668044  0.64002864175855623  0.65148765051996071  0.66294480139783785
  0.67371025213393787  0.68331757211167332  0.69291503858599368  0.70291009181616704
  0.71311807767163393  0.72312080422203129  0.73315080378005670  0.74447761705502413
  0.75560626056682545  0.76701188352620842  0.77879796659796219  0.79008358005964074
  0.79979144878418018  0.80945390822621921  0.81958225010522134  0.82954804946890248
  0.84056951444021710  0.85201403328736069  0.86394832198592342  0.87543701656912054
  0.88671328727869658  0.89832383305156926  0.90918852101947256  0.91983715520736908
  0.92963402560475383  0.93907442259343854  0.94867814306924492  0.95871677084144380
  0.96927680849326026  0.97948443088993964  0.98983268889798082  1.00000000000000000
 -0.00265376426741277  0.00961962865836704  0.02040681534560389  0.03096309684153469
  0.04159961546340682  0.05236184020798661  0.06274943521214002  0.07255607912769950
  0.08206139030798421  0.09184043275871372  0.10196879515118731  0.11234302636917491
  0.12296724156131922  0.13359342890194792  0.14410856158587898  0.15366215497490743
  0.16247115497258938  0.17136949060576245  0.18057172521438319  0.19018465221641206
  0.20024449291949584  0.21120124262565163  0.22320983780280970  0.23547851804288708
  0.24756375456301430  0.25942311691035375  0.27105616292895462  0.28320077138857375
  0.29500325781087461  0.30596306576178056  0.31671756184480238  0.32699672798114227
  0.33717060102212665  0.34757167720352916  0.35788840702702140  0.36844052295722657
  0.37872605984359259  0.38895538865197749  0.39906851341190058  0.40892274371413184
  0.41924852610966129  0.43047532938025879  0.44215058792040884  0.45351891387226967
  0.46411214897638481  0.47507890075692755  0.48629719327558019  0.49792986021116237
  0.50942295680338989  0.52072457807692496  0.53120989337374791  0.54137940526030526
  0.55111878192574504  0.56051285793380234  0.57001362562886138  0.58007265567317057
  0.59049446659327087  0.60109372893305923  0.61175629284290067  0.62259390509978574
  0.63319718075594011  0.64378758059707797  0.65500023951948882  0.66646525303297632
  0.67780669978573516  0.68851315621917819  0.69961887035886328  0.71056768624893540
  0.72144918251788204  0.73297515666105584  0.74482740017911564  0.75666722239624185
  0.76805885869113832  0.78004048226095535  0.79157931926990499  0.80239610456619237
  0.81257271715545043  0.82222385261605735  0.83199367281532965  0.84213082563237185
  0.85266475373858686  0.86353934200185256  0.87458732553928653  0.88572629420949389
  0.89659381979487185  0.90646225754819432  0.91576400530156987  0.92471508236653988
  0.93354868208656905  0.94243951684545768  0.95150916867004565  0.96068687023860444
  0.97054484534314922  0.98027777197826693  0.99033259425665077  1.00000000000000000
  0.00511085528191420  0.01506003411362571  0.02346634570448728  0.02972314971681501
  0.03525933447686705  0.04026130896279374  0.04468078995775974  0.04870278362265483
  0.05256893228676542  0.05629628190514530  0.06000569568509839  0.06348778698058154
  0.06672657978521664  0.06985768947021970  0.07298464592540781  0.07618531156043883
  0.07944438880532437  0.08268683751738697  0.08574715139062516  0.08873412994251582
  0.09159662953716564  0.09455361864309515  0.09750882316102709  0.10053448766334379
  0.10355355353463791  0.10661919526384329  0.10965454570598096  0.11251599399004297
  0.11528319820804850  0.11802175812160685  0.12087651771470274  0.12380129171244737
  0.12673687838522585  0.12964677873940847  0.13267557725804943  0.13565056984147428
  0.13861704858626153  0.14137363177532469  0.14403732432039640  0.14672142791211989
  0.14928535076206878  0.15196054419559174  0.15463169895070336  0.15727746657339220
  0.16034578268495356  0.16341061877508256  0.16631825735245839  0.16927201189323859
  0.17230797724671043  0.17528036164409372  0.17815114757625811  0.18107597425697369
  0.18414672473073335  0.18734651405176067  0.19064242106789653  0.19369372255070186
  0.19723344898637030  0.20126638959141382  0.20486391134606580  0.20832006064233757
  0.21156223717466449  0.21448774275271779  0.21711211460131738  0.21986133744421527
  0.22310676317584971  0.22655509187220702  0.22948099846842046  0.23217126993134268
  0.23483950338621781  0.23756068541465147  0.24044620260745042  0.24342926351730701
  0.24665403547020889  0.25045766572778660  0.25489794142637667  0.25984002574144399
  0.26476667183568453  0.26956816598115890  0.27467083885525345  0.28076923205903287
  0.28611065092084498  0.29088497818594289  0.29529389846230747  0.29981229209588944
  0.30567917734592898  0.31398744207770002  0.32282778794921529  0.32935602319296930
  0.33821950586977045  0.34834360917126350  0.36057782342709732  0.37973212574262644
  0.40466059821195072  0.45861235777427167  0.58540942955878239  1.00000000000000000
 -0.00221080366721789  0.00989441398816802  0.01968731491006493  0.02928431479171470
  0.03913141829197628  0.04948863041916517  0.05983599600124140  0.07025107041169673
  0.08105855138745977  0.09211471995696699  0.10322209436267162  0.11439710482620340
  0.12596084560869161  0.13722603772552353  0.14900816560631139  0.16125425917295541
  0.17353887015511676  0.18560709278882448  0.19718772764616455  0.20849105099777324
  0.22026989201036512  0.23191863623290918  0.24381817286641383  0.25545660434772299
  0.26702688381041462  0.27766048023253914  0.28761448347763424  0.29757008813874325
  0.30751009958112790  0.31783479616449661  0.32860369865696848  0.33932455478835899
  0.34969244105605729  0.36066655088904415  0.37186504309547247  0.38197161155865034
  0.39168429792663134  0.40187238544191412  0.41261438528333594  0.42321284751747601
  0.43348664565052891  0.44359012525882202  0.45345124608047699  0.46323808325190663
  0.47250881645027709  0.48214363726590326  0.49283172086932198  0.50440765538907861
  0.51640601211353709  0.52750043940311386  0.53764011315939397  0.54705225575021466
  0.55638746645480808  0.56611937420842118  0.57607540227508314  0.58586860452321066
  0.59603752175640401  0.60618926202890933  0.61652501927207159  0.62668338702469828
  0.63727119471416549  0.64758792687727174  0.65782699134108569  0.66757233858675458
  0.67685606555281974  0.68595821532297863  0.69512129594969341  0.70444561360304625
  0.71417569971598904  0.72440904011877227  0.73487227632293795  0.74490817105882434
  0.75450597959676391  0.76388801155286823  0.77373799366806473  0.78411948682025379
  0.79455223579465895  0.80620707358869670  0.81754460283431618  0.82895949298956129
  0.84008809139746010  0.85112397339266821  0.86149665655049523  0.87169486882298530
  0.88237120130462598  0.89317080065135068  0.90397840657009376  0.91460698972534982
  0.92550245281141763  0.93624916683853499  0.94755757758458359  0.95871952873132704
  0.96956596561163799  0.97989600255986276  0.99010054577654250  1.00000000000000000
  0.00622413677651533  0.28735208436826704  0.38723759495838700  0.45094955959222849
  0.49536570200985414  0.53119484921513271  0.55972268726958285  0.58452739053360514
  0.60612974896871030  0.62497229785312125  0.64214396148196251  0.65753325976642474
  0.67209090038336117  0.68608810398097675  0.69895437483591449  0.71085354416426760
  0.72144390266761627  0.73139903622110780  0.74066985048160827  0.74951340411328404
  0.75784315530269375  0.76587395918262080  0.77343371563568830  0.78050519601608137
  0.78733079072673451  0.79389052276949068  0.80018308862496712  0.80625045417146268
  0.81209626849350813  0.81774822059001395  0.82330510183272199  0.82864717779445762
  0.83363024132224650  0.83833528470694885  0.84288421084562415  0.84738139966530368
  0.85196165789264966  0.85641617920840729  0.86057903285460668  0.86463360828486746
  0.86837986646229348  0.87195557658909917  0.87535064023578024  0.87861682067777924
  0.88189072453065154  0.88522372179876763  0.88854998430461596  0.89179095794720942
  0.89496378266987853  0.89764135180363147  0.90026084374862447  0.90287297536407585
  0.90545544828013191  0.90801484776401864  0.91057104137478095  0.91306639322704974
  0.91549786114514831  0.91789875018850453  0.92019358915707994  0.92252090412281507
  0.92481899416370161  0.92708057545737721  0.92925382598604589  0.93136189401995984
  0.93345856771834401  0.93554001212882998  0.93761029219789205  0.93956550133090500
  0.94150578995076517  0.94347574605099693  0.94547175508659065  0.94745290363901902
  0.94939676832350506  0.95133974550600775  0.95323509893089309  0.95513630067117472
  0.95697998394650896  0.95883315662122559  0.96068990433834833  0.96248377233689897
  0.96425600960170310  0.96602436257754642  0.96780179542473088  0.96957406343513064
  0.97133905318447034  0.97312429263295142  0.97490876895109047  0.97668514439522558
  0.97851402053266723  0.98042648516824771  0.98239658820309539  0.98449477261217277
  0.98688450596210575  0.98971045436837279  0.99359463965205019  1.00000000000000000
   7.0960842091170254E-018  -1.0000000000000000     
 F F F F F F F F F F F F F F F F F F F F F F F F F F F F F F F F
  <DiscreteSampler_grid>
  grouped_processes
  1 # 1 for a reference and 2 for a running grid.
  10 # Attribute 'min_bin_probing_points' of the grid.
  1 # Attribute 'grid_mode' of the grid. 1=='default',2=='initialization'
  0.0000000000000000 # Attribute 'small_contrib_threshold' of the grid.
  0.5000000000000000 # Attribute 'damping_power' of the grid.
 # binID   n_entries weight   weight_sqr   abs_weight
    10   10   1.492474030444270E-010   1.070824601629640E-019   1.492474030444270E-010
  </DiscreteSampler_grid>
