  0.00621786614756098  0.00650467089773664  0.00671996384836289  0.00691677980781524
  0.00711565661280485  0.00731214651522661  0.00750217706386098  0.00769028070735843
  0.00787678378159350  0.00805367609391930  0.00823692184433899  0.00842336220240559
  0.00861599030976823  0.00882329805309823  0.00904624082839835  0.00927177492791249
  0.00949335300685395  0.00972436409169831  0.00996177646710029  0.01020393847369672
  0.01046859561123933  0.01073518035542470  0.01101830771837969  0.01131337237697710
  0.01160702297157794  0.01187654825945528  0.01211738498805912  0.01236353445536328
  0.01261838902415717  0.01286894552076110  0.01314024175988657  0.01342497901613867
  0.01370986091361585  0.01400861565103947  0.01433480211862248  0.01469171287820137
  0.01504496598275207  0.01539011444502432  0.01576366985428096  0.01613267493880364
  0.01651919459216765  0.01693392945352607  0.01737707524183077  0.01786431342092316
  0.01839578822391476  0.01897060447380712  0.01947072779856166  0.01994157671062950
  0.02041775576770179  0.02088082837526741  0.02142750647030568  0.02193111977163574
  0.02236365922159159  0.02278180758788675  0.02320366626311939  0.02361928678908041
  0.02402743122140684  0.02443953140626435  0.02490727951989272  0.02539885205363635
  0.02589273446873940  0.02645367884373564  0.02701574365423062  0.02775545852240461
  0.02886746319068270  0.03008540077494140  0.03132383447383877  0.03260924176616654
  0.03385605528194403  0.03516199384846062  0.03645258663563822  0.03784633489126647
  0.03934668779849570  0.04119528034144048  0.04294044975817095  0.04441634605925712
  0.04596750812513352  0.04753690224650058  0.04952197918399422  0.05173007469590637
  0.05514540883980656  0.06074787280906986  0.06720664924583671  0.07342067584210889
  0.07889365741138150  0.08327818828719895  0.08753537562459644  0.09224729538824082
  0.09953274850132102  0.11312439966807494  0.13207420520133187  0.15386375552512258
  0.18718097366792125  0.23338700295299913  0.62402692962208206  1.00000000000000000
  0.00000270456964651  0.00000279601693958  0.00000286933703656  0.00000295589941422
  0.00000304832814129  0.00000313062564464  0.00000320949620138  0.00000332635532933
  0.00000347656279914  0.00000366064455518  0.00000387816412454  0.00000408402767871
  0.00000429116796610  0.00000451208268030  0.00000474872665453  0.00000500962038426
  0.00000532713175920  0.00000570240853390  0.00000610217663332  0.00000649336466335
  0.00000686916739287  0.00000731188878881  0.00000782933391328  0.00000843374700005
  0.00000905591267402  0.00000970740791735  0.00001043910028270  0.00001126386134060
  0.00001219796470501  0.00001322149627526  0.00001427406283122  0.00001542354714274
  0.00001679249049860  0.00001867102691545  0.00002031955649489  0.00002192038082095
  0.00002349078489054  0.00002516842638167  0.00002714967955634  0.00002942014224801
  0.00003189387532877  0.00003429844669589  0.00003678473188325  0.00003940187130333
  0.00004371072298280  0.00004836855671635  0.00005368956969376  0.00005990518157180
  0.00006633630553596  0.00007284628090492  0.00008009166294293  0.00008838069255241
  0.00009722858695237  0.00010699801293120  0.00011786631117297  0.00012965098709002
  0.00014152733203249  0.00015376652555120  0.00016709546057185  0.00018068658637302
  0.00019817248646980  0.00022116617029339  0.00024880930630421  0.00027956318033968
  0.00031359933417295  0.00035017140378309  0.00039153364875798  0.00043872925155026
  0.00049150285949978  0.00054977601485325  0.00061031364299215  0.00067459385429918
  0.00074806967866348  0.00083877892011392  0.00094650904399050  0.00106419428805642
  0.00120093838144850  0.00137232248162573  0.00158011181420013  0.00180856288421912
  0.00209955154120067  0.00243997484300131  0.00286193641734324  0.00343024891045529
  0.00420486039982353  0.00529726407137495  0.00700464832059840  0.00932795746230863
  0.01228486533348571  0.01616325662406003  0.02329528822361130  0.03156757542431662
  0.04775340103590347  0.08615506621728537  0.28792192335447903  1.00000000000000000
  0.00000476660236390  0.00000551486630192  0.00000676701034870  0.00000850331945015
  0.00001020753149691  0.00001175073860852  0.00001354149333907  0.00001503993793105
  0.00001816365693043  0.00002076120750326  0.00002423349363777  0.00002797710686983
  0.00003283750534642  0.00003903720604742  0.00004722506067382  0.00005823047000867
  0.00007438559203980  0.00009468635786165  0.00012275875893051  0.00016655499716646
  0.00022299285589371  0.00029260652348725  0.00037344875725436  0.00046785417997561
  0.00059721839703920  0.00077326617221011  0.00096504261409301  0.00117832386476429
  0.00139662820755210  0.00162094606448911  0.00187663982152026  0.00218282121959327
  0.00252057811362579  0.00287643610840372  0.00325364089260564  0.00365234039427467
  0.00404031329641909  0.00441539835592208  0.00480807705512416  0.00523968823682447
  0.00575281907647746  0.00630756300715127  0.00690387806105044  0.00750602081543063
  0.00811155773814768  0.00876187876973965  0.00949140354624468  0.01027313368057600
  0.01106911510421263  0.01198718863894989  0.01308594832390408  0.01412124007369558
  0.01519970689469182  0.01623368491994531  0.01727401866528305  0.01834953983317406
  0.01944514498753732  0.02061791496089107  0.02200309034605970  0.02348931201654503
  0.02509887313568007  0.02659462105340920  0.02795719794772642  0.02952006856940101
  0.03125139690342511  0.03295062930374648  0.03442195014545343  0.03590039199861855
  0.03744225782234127  0.03920167355034231  0.04120464176850424  0.04328288749012103
  0.04551469658255447  0.04785078141342540  0.04969094133234673  0.05147451331773892
  0.05342762987328133  0.05703141299479387  0.06169994536750310  0.06659387932250402
  0.07160083770629770  0.07656287213717357  0.08329764390529822  0.08921451293931887
  0.09593750723849381  0.10495113197892998  0.11606305383391824  0.12667886201097706
  0.13729467018803590  0.16168391419665529  0.19594185267196140  0.22909950246231486
  0.24116389415662282  0.25322828585093082  0.26529267754523866  1.00000000000000000
 -0.00163064365368099  0.00748279443640691  0.01546800938515977  0.02409349749514848
  0.03338031209548781  0.04288731357623603  0.05454114499556240  0.06559902749230219
  0.07585876654648462  0.08591973470774769  0.09614781248763604  0.10639827800353298
  0.11557386213807357  0.12401307071865871  0.13516067639454357  0.14539063986969766
  0.15620124081892467  0.16703222092392500  0.17720706255792631  0.18545419702805002
  0.19362715817674081  0.20192207547279803  0.20976150900892823  0.21982957966079200
  0.23102605611046814  0.24354597823880783  0.25602107735024215  0.26864535489971664
  0.28021817916052755  0.29015718827719167  0.30110058962685488  0.31187688150397047
  0.32243979531071182  0.33314549220415113  0.34439721091464437  0.35646454549605300
  0.36939762770033779  0.38332109176005186  0.39732243084283692  0.41066691290602575
  0.42321220563590056  0.43558365588614817  0.44850167913925998  0.46074017592892047
  0.47049460289168532  0.47971911200613271  0.48823153227437910  0.49742911923458016
  0.50798989579752307  0.52057128285791809  0.53400498498014393  0.54450796474584118
  0.55325081515316965  0.56218708629848335  0.57255843502037340  0.58387890899094874
  0.59457563588253459  0.60511337162650780  0.61614817863460980  0.62690674118675471
  0.63767829787267893  0.64722814912325355  0.65681097035996960  0.66637350152131369
  0.67712524054560064  0.68778828534321512  0.69860645336436633  0.70962120236329362
  0.72084402117000101  0.73186342718499553  0.74208579980558276  0.75209665571700224
  0.76233403461850269  0.77352801449800468  0.78508461295579657  0.79554634703347271
  0.80611997849601036  0.81584719645258119  0.82633789195513074  0.83637445188160542
  0.84687453794141332  0.85690659937446334  0.86568966187760010  0.87409380834171768
  0.88390560447927469  0.89460893015839871  0.90565099983972353  0.91541518666291288
  0.92616227500173820  0.93694296966673729  0.94749103228791731  0.95789788204771076
  0.96851849021183722  0.97946535977491800  0.98985874130193685  1.00000000000000000
 -0.00189791986068162  0.00981174407750384  0.01968342640228241  0.02964223878237426
  0.03953491051728744  0.05022440782019084  0.06131495349876478  0.07237871837101574
  0.08364405851543316  0.09577086191212467  0.10723300217288860  0.11831900019709922
  0.13022774518930377  0.14234842718730939  0.15353965891349042  0.16450133526447472
  0.17590869656548749  0.18811417109377201  0.20011175002114509  0.21257310329740850
  0.22473023195912209  0.23629106249059653  0.24714906841402826  0.25748321461801255
  0.26835015388986105  0.27992007829605103  0.29159052019627174  0.30346566304915223
  0.31550357665111844  0.32699665309333109  0.33749475859339939  0.34749844980396366
  0.35735172341113114  0.36723489604089754  0.37739778918586314  0.38784654502881172
  0.39922773875316886  0.41024801848224079  0.41952853801818024  0.42885821366378613
  0.43794578156250280  0.44733781187703092  0.45676215028524803  0.46626561226263857
  0.47532575991530679  0.48583538640712609  0.49517673780955612  0.50579413255476413
  0.51752529258435520  0.52755547002626968  0.53820139474753870  0.54800889139317976
  0.55782270638549458  0.57006716793352530  0.58218459754796315  0.59297274857332682
  0.60350123967991687  0.61409399752985183  0.62397684288512123  0.63293404328927949
  0.64176099365875172  0.65161833873865049  0.66256405763025461  0.67235889376205460
  0.68200561034774676  0.69240129606329459  0.70213535533030091  0.71134738791812757
  0.72039171112555833  0.72903948045470746  0.73836515237067668  0.74810770638881963
  0.75860176744318963  0.77016760883796265  0.78191699205976239  0.79286712190215680
  0.80261260495399545  0.81223284366333237  0.82217614771819592  0.83279233021709642
  0.84446570280645483  0.85652966829223254  0.86958733673416122  0.88165390127249821
  0.89344943564642743  0.90360337222503118  0.91406804836561362  0.92476557802779213
  0.93531556962833917  0.94461563629883105  0.95316346720405842  0.96274955876063262
  0.97264247411759974  0.98186076058532390  0.99078502729532847  1.00000000000000000
 -0.00204574177249090  0.00950196269115800  0.02060671947661516  0.03271507105106288
  0.04614921227311033  0.05880515859687228  0.07129141854391424  0.08336985507262759
  0.09535799968503318  0.10865011072309153  0.12119265117981655  0.13124217047290715
  0.14023456605561888  0.14935343171390023  0.15892599248390007  0.16755877334330749
  0.17677196798075903  0.18569270025986975  0.19618355836784637  0.20597157883081357
  0.21541609173780352  0.22592173864292414  0.23738765880568274  0.24901449844084125
  0.25960698890474132  0.26886897343014970  0.27748213876053768  0.28663130685394478
  0.29617897378336711  0.30662735459807011  0.31707395285924578  0.32822069054418224
  0.33980629342246943  0.35050340908791000  0.36036922576660291  0.36957379282237729
  0.37807398866065989  0.38790505126538960  0.39771392656479126  0.40798082635992455
  0.42296668753157046  0.43728136025070408  0.45043501270196146  0.46093436969550394
  0.47014673761088654  0.47987412148818953  0.49050750459473902  0.50073019815148823
  0.50950131987435543  0.51781701244592282  0.52702450720753824  0.53640540004606263
  0.54495995616270720  0.55275313765688516  0.56031607242201065  0.56903109581398259
  0.57784848810497291  0.58690401472301812  0.59534097160513078  0.60451766588071010
  0.61530507482665331  0.62545997914900775  0.63481405803995195  0.64417107724147871
  0.65418928122672471  0.66440908816560529  0.67498457991085625  0.68558095898889970
  0.69624891526650090  0.70691473568848506  0.71762976297785375  0.72852244502263719
  0.73862859510001366  0.74871096799612669  0.75890657242053972  0.76889426015524198
  0.77875171936511878  0.78888085437157818  0.79987172012251706  0.81150108988602154
  0.82180108742578217  0.83115464616552581  0.84059212018426999  0.85010761551044134
  0.86060141054415151  0.87133989769328557  0.88358080250086379  0.89674895347981320
  0.91038298058959388  0.92419789734428592  0.93617891933930009  0.94764028635348163
  0.95866935423039623  0.97229184419852133  0.98627404787463147  1.00000000000000000
  0.00614666852398515  0.00887223438040000  0.01299944893377592  0.01627733251547200
  0.01897726433083185  0.02141577017429952  0.02369907279240830  0.02585958654156709
  0.02790072538915301  0.03001129551333028  0.03216694461248697  0.03435642651709469
  0.03656568201710762  0.03874491282966316  0.04081880598346815  0.04275131917223875
  0.04460154036997364  0.04648355431453018  0.04850116858678611  0.05070694052919249
  0.05284297888293173  0.05499819438840696  0.05707106889328058  0.05907902271229901
  0.06117938154996921  0.06332455954881895  0.06516163055901060  0.06711651703339622
  0.06913046535193730  0.07111562220428379  0.07309443608533171  0.07507988335621787
  0.07710736903646283  0.07934261462800611  0.08147711767984341  0.08359674272592200
  0.08578735306238533  0.08798045644517775  0.09012825978552598  0.09240743033340694
  0.09464779524553565  0.09705204686163929  0.09900155561794616  0.10106776350167058
  0.10319616556964109  0.10564297271164821  0.10845387813149882  0.11107883367461950
  0.11359192427647255  0.11614692740198808  0.11878769349699708  0.12141870269429862
  0.12423002859222136  0.12731729479315942  0.13034922685023953  0.13345454845501145
  0.13655093141018534  0.13991960803401732  0.14339985977728661  0.14664133742215152
  0.14999393630651145  0.15403232951729287  0.15825232070519635  0.16198508893196636
  0.16558633644279747  0.16934147961466961  0.17385915377989994  0.17945351118195058
  0.18443197227702254  0.18847709691253353  0.19258798598718571  0.19707214940508905
  0.20008224683173703  0.20312592484327796  0.20590822920687621  0.20808305133300875
  0.21049561985263351  0.21345682658478993  0.21625441088275821  0.21928701014643523
  0.22572441024365408  0.23390542148821145  0.24358854523382567  0.25090575972503509
  0.25799407835327803  0.26541541081765391  0.27419033862423631  0.28772324581807185
  0.30159154228393431  0.31672426934970693  0.33673487381867712  0.35904115389563512
  0.38613607553745510  0.41101629911616816  0.72995543568377885  1.00000000000000000
 -0.00296016578838192  0.01426361611175138  0.02874854528535105  0.04376577326214128
  0.05699100534764177  0.06807436407104536  0.07866900163386017  0.08919542330347592
  0.09941129786534587  0.10860673952267187  0.11795217721161681  0.12665716195733062
  0.13564536506398545  0.14500850902870471  0.15552148513958661  0.16641246849314581
  0.17607778679097874  0.18498816587104083  0.19384455533196646  0.20354703466008903
  0.21424283369518590  0.22463087502960244  0.23408833588810202  0.24292225872070655
  0.25226681199058665  0.26190235576157400  0.27062485255829677  0.27883831560781996
  0.28692875083669500  0.29581709648356791  0.30580875020910109  0.31677766947606090
  0.32735580307375073  0.33570132879815706  0.34154640973474193  0.34642631838711208
  0.35213604284377831  0.35850361058750285  0.36707029933326862  0.37681460406220696
  0.38628223676776885  0.39604688499610091  0.40818542394916235  0.42023437925750301
  0.43146534217653426  0.44188672951129765  0.45287663264509426  0.46566972834010795
  0.48046059754941894  0.49714615735346579  0.51282436858239744  0.52795215100726656
  0.54140388542655382  0.55509181452119893  0.56911243005456635  0.58333475609738050
  0.59736224574892316  0.60988003794425427  0.62072785203047165  0.63141511492171598
  0.64165504006924934  0.65217454581237178  0.66176960481045799  0.67066678976186378
  0.67954706572640078  0.68840704030777000  0.69789037726262482  0.70814925503700510
  0.71846494432994812  0.72833070631624575  0.73792664240462968  0.74675196617376982
  0.75529181825198244  0.76389486917671900  0.77262596389861304  0.78218838390264733
  0.79224834973372960  0.80193762090833687  0.81114071767058260  0.82033452663174256
  0.82976105123435873  0.84024242870616483  0.85077571528541340  0.86126735833842405
  0.87128325699937215  0.88191617800824551  0.89461548797002910  0.90714737930272304
  0.91867779254401116  0.92892402105829086  0.94034964252681486  0.95288881696669359
  0.96493314653323992  0.97665922549657458  0.98818882984430456  1.00000000000000000
  0.03196879877158703  0.22622443045733345  0.30801494119515793  0.37259027367024394
  0.42674307963019648  0.47212324078745382  0.50932631077984503  0.53855496245500278
  0.56398971354945471  0.58708393673810777  0.60722313737136835  0.62515160103901590
  0.64074123851110076  0.65433610490836069  0.66643680370074743  0.67746388506829236
  0.68783389285960961  0.69846731410037444  0.70917050033005014  0.71908830511101585
  0.72799588626695866  0.73589388540312561  0.74365713022914115  0.75145916398453383
  0.75917242192622847  0.76671313210076508  0.77412846004600544  0.78147796889222831
  0.78867590271188526  0.79549632796448477  0.80212906938976181  0.80802821741872521
  0.81388701318692669  0.81982280769877114  0.82560352209412990  0.83127373978004004
  0.83673145269543858  0.84219114270701889  0.84715527244798094  0.85192065410818396
  0.85650438743407742  0.86086315623287935  0.86508029039300660  0.86932276052244184
  0.87336597324051879  0.87710794168284822  0.88086767730339510  0.88434260234808726
  0.88776460085174735  0.89130044306251033  0.89477442365886739  0.89770695089241004
  0.90049271086653782  0.90326611820540281  0.90602938259267640  0.90886949509906623
  0.91115120922691939  0.91306307615181748  0.91485109992298996  0.91671197999097609
  0.91859986147561679  0.92095768563541469  0.92371907318780255  0.92630860110752067
  0.92865605585496080  0.93083772387347885  0.93294883289466290  0.93505626183142954
  0.93715256329590402  0.93919528466928803  0.94092186428037894  0.94259003184704382
  0.94427115447189036  0.94603390967441103  0.94786869224359593  0.94965975428753491
  0.95142782099005829  0.95316714236285560  0.95488002413501538  0.95652542294892218
  0.95827205957770467  0.96018938504421802  0.96227481279427718  0.96442058952649612
  0.96640449309671439  0.96830125135099299  0.97027131807466049  0.97247575057567748
  0.97490597278141877  0.97750209123119269  0.98008865204119155  0.98274158539153311
  0.98554724844639485  0.98867093077529411  0.99307698978510595  1.00000000000000000
   5.6513083510656927E-013  -1.0000000000000000     
 F F F F F F F F F F F F F F F F F F F F F F F F F F F F F F F F
  <DiscreteSampler_grid>
  grouped_processes
  1 # 1 for a reference and 2 for a running grid.
  10 # Attribute 'min_bin_probing_points' of the grid.
  1 # Attribute 'grid_mode' of the grid. 1=='default',2=='initialization'
  0.0000000000000000 # Attribute 'small_contrib_threshold' of the grid.
  0.5000000000000000 # Attribute 'damping_power' of the grid.
 # binID   n_entries weight   weight_sqr   abs_weight
    10   10   5.440390618262917E-006   1.007650625610014E-010   5.440390618262917E-006
  </DiscreteSampler_grid>
