  0.00000288698900976  0.00000339859995697  0.00000401838029268  0.00000473660891910
  0.00000543193391673  0.00000626002336108  0.00000716823010653  0.00000816806906702
  0.00000922468904744  0.00001037741410689  0.00001171307502006  0.00001312413308065
  0.00001486479960194  0.00001690268554219  0.00001940766593032  0.00002221629190433
  0.00002531367910152  0.00002875345143066  0.00003255680476991  0.00003696445662620
  0.00004175368139975  0.00004685404329627  0.00005248517388443  0.00005869267804941
  0.00006557262518754  0.00007373651157676  0.00008306791779819  0.00009361609947151
  0.00010534427743841  0.00011842534096432  0.00013267130627826  0.00014791967503231
  0.00016422091742278  0.00018222914464483  0.00020367574748763  0.00022954972861234
  0.00025895492921320  0.00029102940449874  0.00032540112516073  0.00036322124261719
  0.00040543301576441  0.00045155710190266  0.00050201389544075  0.00055630758068777
  0.00061398124529131  0.00067626057807248  0.00074672218904302  0.00082149738285841
  0.00089603907425086  0.00097914213776082  0.00108087329091050  0.00120050165629153
  0.00133648721532038  0.00149921683239724  0.00167300204672018  0.00185746707478995
  0.00205666823028062  0.00226050070129854  0.00246862312985849  0.00269006739268483
  0.00292354659679052  0.00318076520988991  0.00348080505568882  0.00382972954673244
  0.00422188868459246  0.00465593931248097  0.00514380416759518  0.00568966538076867
  0.00626373561446017  0.00679138683620962  0.00730413072041366  0.00780640199767728
  0.00838426446421005  0.00902517588400183  0.00971277146931150  0.01048119879739158
  0.01125310748749475  0.01202590308185374  0.01287575989662497  0.01384712742763351
  0.01506305897725161  0.01698158459707834  0.01952693707467436  0.02183959199014939
  0.02370114519130600  0.02559701054700346  0.02791798767479264  0.03113217887541029
  0.03504021991910106  0.04111371727275394  0.04883718413070562  0.05783192178503890
  0.06692652734143367  0.08088556540376945  0.54683567006606437  1.00000000000000000
  0.00000220834701521  0.00000964502382617  0.00002291789068318  0.00004352052763029
  0.00006986344570958  0.00010105894846243  0.00013905080198641  0.00018364387204661
  0.00023134311587255  0.00027967327547169  0.00033377347709535  0.00039590415426828
  0.00046840995868690  0.00055280226069803  0.00064121412292363  0.00072614896594270
  0.00080741348586480  0.00089397030579936  0.00099122964772742  0.00109430506675142
  0.00120548173926504  0.00131801621169159  0.00143184386083856  0.00155012025761517
  0.00167763903540454  0.00180466418421701  0.00193892927704942  0.00206991136600510
  0.00221901577832866  0.00237530011700786  0.00253754160046354  0.00270924668111983
  0.00288946298450559  0.00306965753595333  0.00324846994385722  0.00343701308992563
  0.00363049544945344  0.00382137694894999  0.00402239034248043  0.00423442338069480
  0.00445705767204722  0.00470256119150627  0.00496354508608559  0.00522780687328366
  0.00549259147519956  0.00576127225126814  0.00601579276491472  0.00629790716009938
  0.00660283564780346  0.00691594357589591  0.00726040692679135  0.00762340077518244
  0.00800468706025882  0.00839994293234048  0.00881418626185462  0.00925755326392604
  0.00968359662610624  0.01013174688962134  0.01058577294113281  0.01110139923908418
  0.01164805079476732  0.01221149977247924  0.01280258285393092  0.01341160974473016
  0.01403055500878402  0.01469297148294311  0.01533570101783264  0.01606330933122591
  0.01683600301701004  0.01770113041389586  0.01860552098586328  0.01962861685202889
  0.02070681681968295  0.02180231889877641  0.02294879445080980  0.02410860998236971
  0.02535080678544875  0.02676256965132599  0.02820790745334054  0.02965634212773195
  0.03124619668125258  0.03297717220627130  0.03470366330845576  0.03639726320686338
  0.03820898326110926  0.04037160067377846  0.04277993060577317  0.04513415976640351
  0.04764672768982806  0.05041146341373247  0.05376939235558911  0.05818626483628174
  0.06365848695645819  0.07047098217549208  0.10476547575722155  1.00000000000000000
  0.00014420668736289  0.00031778456555935  0.00044259003724265  0.00056331868044161
  0.00069504514516387  0.00084429910719949  0.00099123518160086  0.00111935934277963
  0.00124756773052264  0.00139850531130266  0.00158584314824988  0.00179594744413213
  0.00201473085621560  0.00224954804609570  0.00250925259273376  0.00278481559996259
  0.00304280880139227  0.00330551468247296  0.00358142964397702  0.00386552690129044
  0.00416299186288875  0.00444591376079726  0.00473422756391001  0.00502283383139372
  0.00530884604092519  0.00563235250399903  0.00594616889911283  0.00625610336065476
  0.00659935817485083  0.00697959683298962  0.00738791502474788  0.00778246294843461
  0.00816315365472227  0.00852543213071844  0.00888461248267076  0.00927091140240735
  0.00970567149252790  0.01018696617724056  0.01069985625641765  0.01123987269392971
  0.01178833724951672  0.01232874366280366  0.01287261873928598  0.01339920338494226
  0.01392717204083107  0.01452245046512511  0.01514687807866304  0.01574467022387133
  0.01638205597054367  0.01692097829878972  0.01747461901595486  0.01802274131478714
  0.01856023488643351  0.01910617259317187  0.01971155650628656  0.02036562196821210
  0.02103442995051856  0.02170127597192202  0.02237352390986581  0.02307766497180726
  0.02379583365422894  0.02452884216992762  0.02528083657038934  0.02608101621882226
  0.02704440995940424  0.02816362509162577  0.02930819215930772  0.03043297480917047
  0.03175534166931294  0.03321962079361276  0.03459890567233429  0.03596881434410151
  0.03755939782190903  0.03934124635199104  0.04124368124883826  0.04339696488037298
  0.04567356801697466  0.04793198884046459  0.05025767880069192  0.05281944950435176
  0.05590592503059236  0.05971863626358846  0.06388368559185152  0.06881185173773202
  0.07429312240408911  0.07979828165707356  0.08391217279244650  0.08736033856398753
  0.09013791989214746  0.09288081291294131  0.09748563797080795  0.10788461077798187
  0.12002520314768061  0.12591770404042046  0.44875709229302929  1.00000000000000000
 -0.00218003294717041  0.01220309300082271  0.02448725240139229  0.03632978695681597
  0.04636908532561040  0.05648268996328401  0.06641339349352833  0.07758308652842356
  0.08891588346127498  0.09924264251344443  0.10895760743764851  0.11865130485464148
  0.12924440431535000  0.14127317458146985  0.15277528789153746  0.16325700427664905
  0.17390259575543004  0.18439614961586201  0.19451871989929034  0.20404875119149218
  0.21492588863365727  0.22699923939234784  0.23821919725590873  0.24907674106433364
  0.25901037576183450  0.26926808064494290  0.27931818868954955  0.28915586698717877
  0.29924704141719422  0.30940788201104258  0.32118298485428154  0.33220739402435084
  0.34330513141688324  0.35409459084606909  0.36545678803640552  0.37730283484384985
  0.38926125789639959  0.40188120098003344  0.41487712915768227  0.42790184226972566
  0.44038298374545976  0.45211846227759256  0.46343152449316288  0.47406251551693496
  0.48437837226524977  0.49474066422711410  0.50498592227099537  0.51521840675420860
  0.52599391411765173  0.53728894206782185  0.54826910491845682  0.55852106474968921
  0.56885794095438613  0.57929833064976166  0.58931731323316749  0.59879068093740562
  0.60846077146751010  0.61833481799561341  0.62824904276839966  0.63845729938109852
  0.64932623638715803  0.66079954032930865  0.67193970285901372  0.68256026300681660
  0.69204909639156531  0.70171456965525902  0.71180000204389138  0.72189310713413113
  0.73177027942417849  0.74201104697197029  0.75225118155765636  0.76234016070779442
  0.77255223452096156  0.78328759709557516  0.79464603380321019  0.80572629807912932
  0.81570434784634283  0.82443801530375638  0.83331873545784019  0.84256664054268282
  0.85272344291308466  0.86370967840113388  0.87214787651162351  0.88111541274470195
  0.89076850877376035  0.90065161516265713  0.91181222380710714  0.92169972647124365
  0.93130834820772812  0.94127976944863778  0.95076354304603483  0.95973807106779774
  0.96903852236382970  0.97863793231398921  0.98960573840712995  1.00000000000000000
  0.00493311144990505  0.01549324171709051  0.02416765750106933  0.03037303186674804
  0.03576561516202992  0.04077053968093329  0.04533716925278797  0.04948904307250487
  0.05341381225351591  0.05722296692709979  0.06090332326166113  0.06426256524736564
  0.06725000316551218  0.07037504930891565  0.07342209731818951  0.07656725694872353
  0.07970409628909214  0.08276178275461754  0.08559100738338131  0.08837408782975972
  0.09120680065954473  0.09385231623566415  0.09628105199981926  0.09862761803961183
  0.10104278307202151  0.10362963009370638  0.10622098640487067  0.10880287888904666
  0.11124743370416924  0.11381350360652163  0.11621463571214234  0.11854247654261818
  0.12076893571782535  0.12278465074814120  0.12461381546323674  0.12655071502777634
  0.12862196550621061  0.13077380671702896  0.13317245937724417  0.13599468572327825
  0.13865912438934305  0.14125641026740426  0.14374179424541775  0.14586541565431468
  0.14857257131391002  0.15151732883553476  0.15445461343729019  0.15751904458410440
  0.16092216076010540  0.16418168882761527  0.16715568635517522  0.17000988209529005
  0.17298274463214067  0.17657264875295817  0.18032249947017814  0.18346634253998101
  0.18648307048034188  0.18953184667356834  0.19260742432326866  0.19572934337866082
  0.19928764003185867  0.20215633643556985  0.20496490835573758  0.20797847242873538
  0.21120695427557301  0.21531245212261607  0.22194630444013125  0.22780629400264332
  0.23498134283144670  0.24300263292149726  0.24896318040524859  0.25320909490698768
  0.25728210982816024  0.26121836540561094  0.26532539639272196  0.26927501723915159
  0.27311582826717840  0.27702921532455577  0.28188171083580715  0.28718932281902138
  0.29321765385699383  0.30548073345997862  0.31364675901351396  0.31943216065940194
  0.32546794488952752  0.33303348439359870  0.34275437742438458  0.35115747328207220
  0.35756365062515649  0.36727108554638183  0.37848639949458507  0.39039773059842431
  0.40757898677907339  0.44009742252162537  0.45716799264408897  1.00000000000000000
 -0.00196641741120559  0.01086371836264869  0.02211849309997491  0.03363656677853727
  0.04486764146263757  0.05596219837128285  0.06671586411543785  0.07719528064688604
  0.08766280064857940  0.09786985054749256  0.10774936336836577  0.11767068901384596
  0.12759720340088179  0.13785497260687130  0.14796590872198248  0.15822266249097289
  0.16859738752790041  0.17956667571198959  0.19079532163216961  0.20222484452070380
  0.21345398276567848  0.22510828526912155  0.23636777930975383  0.24720456637607152
  0.25722925915130762  0.26681985193916813  0.27634917522114683  0.28527169867004637
  0.29396704798783491  0.30264461466685449  0.31187164076473139  0.32230560916335377
  0.33375540808222143  0.34600960773028133  0.35879304551304092  0.37167788176613481
  0.38408916869402576  0.39674588496734342  0.41021315806209330  0.42303894494421912
  0.43488770538794974  0.44665829941396423  0.45895822230999311  0.47104642436074390
  0.48319210222044379  0.49463642380047346  0.50515267389792085  0.51505920022278551
  0.52456807844535547  0.53412151835559896  0.54335794177819519  0.55135929833146879
  0.55934259873600978  0.56794046721435698  0.57749753157890615  0.58820897831999130
  0.59913857485520916  0.61030983482394063  0.62148125052230385  0.63195753092370732
  0.64183709390233534  0.65177687352353531  0.66142241873091434  0.67092508222169278
  0.68056560860646376  0.69075608364269403  0.70274805372259552  0.71405473802087649
  0.72524771062525739  0.73631234389914046  0.74737452165864737  0.75882852045601290
  0.77048456495581019  0.78169071297917903  0.79276974869847849  0.80357188165386539
  0.81394925531331075  0.82308030701526169  0.83215096347387496  0.84156693749521505
  0.85059600557639514  0.85927149537529879  0.86839632522913623  0.87747460768985053
  0.88702976762029084  0.89659942230301704  0.90617400723320363  0.91507197447756705
  0.92412378675984330  0.93366339717507396  0.94476059965210069  0.95627497123991001
  0.96652552068564013  0.97684957846585896  0.98713157089921488  1.00000000000000000
  0.00590961330955113  0.00795527328163166  0.01050062519928444  0.01250351281219673
  0.01433289464022000  0.01606163770096548  0.01773253372728345  0.01937436767556414
  0.02101413360365858  0.02266289381711237  0.02431948559590088  0.02600048365734858
  0.02770140990362017  0.02941749931904224  0.03111608334451015  0.03279316901648822
  0.03447954395111739  0.03616226268510701  0.03785099737596542  0.03958691293260763
  0.04135444895978749  0.04310431374931833  0.04478905867866390  0.04639323896006631
  0.04801059596193752  0.04959926837484986  0.05121901813449676  0.05295204034471587
  0.05479436704201944  0.05670252036750386  0.05860131784249299  0.06039718386599806
  0.06215059541594123  0.06405788755096237  0.06607049275111200  0.06813835809962010
  0.07028447088267395  0.07223794850257029  0.07395670174362262  0.07558803186839405
  0.07727125081691173  0.07891691065718498  0.08072247103988550  0.08265367138683201
  0.08492705767842067  0.08726799820840839  0.08949722087096709  0.09157763835054251
  0.09351477654653506  0.09537431108731290  0.09723265935752815  0.09913679771080980
  0.10124378075030552  0.10322108414768021  0.10533485449797271  0.10744924799964878
  0.10896697092345105  0.11040679100773720  0.11192317425941690  0.11347534454163136
  0.11513867960351910  0.11662973352505389  0.11841741500464180  0.12029692541591136
  0.12213646013245145  0.12391006168930957  0.12566951792652559  0.12748141869803836
  0.12968104939166583  0.13219947771268184  0.13472887083654622  0.13682662727967607
  0.13879481356072210  0.14139368052317483  0.14371797083254520  0.14615349443207906
  0.14907471846923143  0.15215747568195898  0.15533394575909465  0.15787088424549406
  0.16062914098693062  0.16357210259725855  0.16661622401810566  0.16943907785860013
  0.17260485266878611  0.17624391686067795  0.17977467170540953  0.18329838062627063
  0.19282433121696496  0.20068604041567520  0.21429520376109323  0.22836205124520623
  0.23766815192860255  0.24478766310331890  0.53492454958891311  1.00000000000000000
 -0.00316292797662086  0.01359679770919002  0.02659014507088516  0.03931664498559756
  0.05169443495651217  0.06418004994920594  0.07610696631692498  0.08709153591185059
  0.09828187141291525  0.10878207944900932  0.11912958063652468  0.12963683134040116
  0.13970798075448546  0.14974414891230428  0.15941139031519022  0.16908938762936013
  0.17931727061622027  0.18936084892661526  0.19962130029920272  0.20924393322680235
  0.21821213499638895  0.22810923679077377  0.23822382594837108  0.24780944393226423
  0.25625090259245731  0.26406961718570621  0.27249106875238038  0.28095847550088993
  0.28947454430401920  0.29763420021363568  0.30599299196475044  0.31464925890990719
  0.32394354362361732  0.33344305425792026  0.34404686027633513  0.35536699701296975
  0.36762386520415191  0.38041253555722149  0.39270641869949069  0.40446172919870060
  0.41630948521637812  0.42762628679071302  0.43873960460916134  0.44923991824141501
  0.45927603373220810  0.46918716818893957  0.47956115362117474  0.49053142252927961
  0.50108490432697839  0.51095223538842605  0.52077776359823202  0.53039207435723257
  0.53980933442257717  0.54900056361611671  0.55849034959613497  0.56935242988605828
  0.58053365922962863  0.59065300651797337  0.60025897853949151  0.61013427290179723
  0.62022258385832207  0.63054018666256861  0.64046432526877051  0.65112564122048699
  0.66240847013397763  0.67348544371863661  0.68360724214506563  0.69330740049556738
  0.70301548685201654  0.71161247464847677  0.71938518092042303  0.72705492194599741
  0.73493947241804169  0.74406522051402546  0.75375156588411951  0.76239024607860562
  0.77086463965143892  0.78004505379669742  0.78995766220989239  0.80005525324162907
  0.81088991494754958  0.82287761234426615  0.83528947410907439  0.84694005108542625
  0.85892264855824751  0.87005477335142400  0.88104174972866756  0.89197954433617954
  0.90436574212204268  0.91718804497161621  0.93102456039458026  0.94536556988646547
  0.96001258336302497  0.97382244289280917  0.98703490499483570  1.00000000000000000
  0.02255570492528143  0.25275011898871841  0.35031685644478522  0.41335426162626399
  0.45523582831440940  0.49159883795657217  0.52367363184523819  0.55237346620240668
  0.57562459964437895  0.59645946857518206  0.61599664802819931  0.63298585060225177
  0.64801442937393805  0.66284832534119531  0.67666059769117914  0.68900879426067263
  0.70039167344638797  0.71115238268480097  0.72127821763553901  0.73068462844910975
  0.73960683203833566  0.74851656668057287  0.75744613457850463  0.76599586648484608
  0.77375823912856001  0.78103215627150535  0.78841743849839452  0.79563998036668393
  0.80220252549185800  0.80819772886645469  0.81393733930810708  0.81938098334145326
  0.82481798352406410  0.82981323327807710  0.83467334168635987  0.83953655830898510
  0.84433533037540931  0.84908419148232561  0.85361963780639027  0.85785571266324845
  0.86206184343281567  0.86625076885135643  0.87041618516160701  0.87445246753957884
  0.87805749651115261  0.88154201654194675  0.88482918142040290  0.88795665553635772
  0.89103797772123294  0.89418073848456237  0.89733183985638887  0.90045962982209260
  0.90352383587913965  0.90642275142725348  0.90910233694052145  0.91163034180175628
  0.91409360964560549  0.91649214386802391  0.91876612482063191  0.92105454268685827
  0.92336828610959654  0.92568770242564846  0.92798267996450834  0.93022212654922787
  0.93241124911315376  0.93462451658523460  0.93677748514301351  0.93887090363085568
  0.94088674902001290  0.94286272008851102  0.94484885635119598  0.94677805435336360
  0.94863907919525858  0.95046365510051611  0.95226627885291448  0.95405951491427710
  0.95586067865752800  0.95761001777625487  0.95936648444882533  0.96112448335746592
  0.96287003941264404  0.96462496517953489  0.96639895671784348  0.96820548917194416
  0.97012666587457108  0.97216912323241556  0.97412627915703165  0.97607446543828102
  0.97801118261698239  0.97996480408566389  0.98205722123197658  0.98424004743979798
  0.98657545161302984  0.98930144868661207  0.99299197630793601  1.00000000000000000
   1.7380472998489590E-021  -1.0000000000000000     
 F F F F F F F F F F F F F F F F F F F F F F F F F F F F F F F F
  <DiscreteSampler_grid>
  grouped_processes
  1 # 1 for a reference and 2 for a running grid.
  10 # Attribute 'min_bin_probing_points' of the grid.
  1 # Attribute 'grid_mode' of the grid. 1=='default',2=='initialization'
  0.0000000000000000 # Attribute 'small_contrib_threshold' of the grid.
  0.5000000000000000 # Attribute 'damping_power' of the grid.
 # binID   n_entries weight   weight_sqr   abs_weight
    10   10   1.510648094336009E-013   1.631522612817164E-025   1.510648094336009E-013
  </DiscreteSampler_grid>
