# W0 [GeV]	Sigma_muLHC@5.3 TeV [pb]	Sigma_muLHC@7.5 TeV [pb]
2.00000000e+02	7.03020083e-04	4.63340619e-04
2.00633844e+02	7.02615839e-04	4.63024545e-04
2.01269697e+02	7.02210313e-04	4.62707468e-04
2.01907565e+02	7.01774986e-04	4.62375327e-04
2.02547454e+02	7.01290909e-04	4.62018777e-04
2.03189372e+02	7.00805297e-04	4.61661096e-04
2.03833324e+02	7.00318147e-04	4.61302282e-04
2.04479316e+02	6.99829452e-04	4.60942331e-04
2.05127356e+02	6.99309272e-04	4.60559588e-04
2.05777450e+02	6.98763588e-04	4.60158378e-04
2.06429604e+02	6.98216174e-04	4.59755897e-04
2.07083825e+02	6.97667026e-04	4.59352141e-04
2.07740119e+02	6.97116137e-04	4.58947105e-04
2.08398493e+02	6.96501923e-04	4.58496365e-04
2.09058954e+02	6.95863834e-04	4.58028380e-04
2.09721508e+02	6.95223723e-04	4.57558911e-04
2.10386161e+02	6.94581583e-04	4.57087955e-04
2.11052921e+02	6.93937408e-04	4.56615506e-04
2.11721795e+02	6.93291191e-04	4.56141560e-04
2.12392788e+02	6.92642926e-04	4.55666111e-04
2.13065907e+02	6.91992607e-04	4.55189156e-04
2.13741160e+02	6.91340227e-04	4.54710690e-04
2.14418553e+02	6.90677236e-04	4.54224558e-04
2.15098092e+02	6.89934519e-04	4.53681022e-04
2.15779785e+02	6.89189449e-04	4.53135764e-04
2.16463639e+02	6.88442017e-04	4.52588778e-04
2.17149660e+02	6.87692216e-04	4.52040058e-04
2.17837855e+02	6.86923978e-04	4.51472556e-04
2.18528231e+02	6.86111981e-04	4.50859407e-04
2.19220795e+02	6.85297411e-04	4.50244315e-04
2.19915554e+02	6.84480259e-04	4.49627274e-04
2.20612515e+02	6.83660517e-04	4.49008277e-04
2.21311685e+02	6.82799120e-04	4.48387318e-04
2.22013070e+02	6.81889254e-04	4.47764391e-04
2.22716678e+02	6.80976504e-04	4.47139491e-04
2.23422516e+02	6.80060861e-04	4.46512609e-04
2.24130592e+02	6.79142317e-04	4.45883741e-04
2.24840911e+02	6.78220861e-04	4.45213758e-04
2.25553481e+02	6.77296485e-04	4.44519778e-04
2.26268310e+02	6.76369179e-04	4.43823599e-04
2.26985404e+02	6.75438935e-04	4.43125213e-04
2.27704771e+02	6.74505743e-04	4.42424614e-04
2.28426417e+02	6.73500291e-04	4.41690007e-04
2.29150351e+02	6.72476688e-04	4.40946208e-04
2.29876579e+02	6.71449841e-04	4.40200052e-04
2.30605108e+02	6.70419740e-04	4.39451530e-04
2.31335946e+02	6.69386189e-04	4.38700506e-04
2.32069101e+02	6.68296442e-04	4.37909714e-04
2.32804579e+02	6.67203242e-04	4.37116415e-04
2.33542388e+02	6.66106577e-04	4.36320603e-04
2.34282535e+02	6.65006437e-04	4.35522268e-04
2.35025028e+02	6.63893353e-04	4.34711880e-04
2.35769874e+02	6.62734787e-04	4.33856678e-04
2.36517081e+02	6.61572549e-04	4.32998765e-04
2.37266655e+02	6.60406628e-04	4.32138133e-04
2.38018606e+02	6.59237012e-04	4.31274774e-04
2.38772939e+02	6.58045862e-04	4.30408679e-04
2.39529663e+02	6.56819880e-04	4.29539839e-04
2.40288785e+02	6.55590013e-04	4.28668245e-04
2.41050313e+02	6.54356247e-04	4.27793889e-04
2.41814255e+02	6.53118572e-04	4.26916762e-04
2.42580617e+02	6.51851906e-04	4.26010158e-04
2.43349409e+02	6.50560334e-04	4.25078433e-04
2.44120637e+02	6.49264669e-04	4.24143755e-04
2.44894309e+02	6.47964898e-04	4.23206115e-04
2.45670433e+02	6.46661008e-04	4.22265504e-04
2.46449016e+02	6.45322076e-04	4.21300818e-04
2.47230067e+02	6.43967256e-04	4.20325128e-04
2.48013594e+02	6.42608143e-04	4.19346345e-04
2.48799604e+02	6.41244722e-04	4.18364461e-04
2.49588104e+02	6.39876981e-04	4.17379465e-04
2.50379104e+02	6.38454500e-04	4.16367290e-04
2.51172610e+02	6.37022363e-04	4.15349450e-04
2.51968632e+02	6.35585687e-04	4.14328384e-04
2.52767176e+02	6.34144459e-04	4.13304082e-04
2.53568251e+02	6.32698662e-04	4.12274426e-04
2.54371864e+02	6.31248284e-04	4.11219714e-04
2.55178025e+02	6.29793309e-04	4.10161659e-04
2.55986740e+02	6.28333723e-04	4.09100251e-04
2.56798018e+02	6.26869511e-04	4.08035479e-04
2.57611868e+02	6.25386923e-04	4.06961767e-04
2.58428296e+02	6.23862274e-04	4.05869513e-04
2.59247313e+02	6.22332793e-04	4.04773796e-04
2.60068924e+02	6.20798465e-04	4.03674607e-04
2.60893140e+02	6.19259274e-04	4.02571935e-04
2.61719968e+02	6.17702620e-04	4.01457749e-04
2.62549416e+02	6.16125622e-04	4.00330214e-04
2.63381493e+02	6.14543627e-04	3.99199105e-04
2.64216207e+02	6.12956619e-04	3.98064411e-04
2.65053566e+02	6.11364580e-04	3.96926122e-04
2.65893579e+02	6.09752220e-04	3.95774665e-04
2.66736255e+02	6.08125793e-04	3.94613953e-04
2.67581600e+02	6.06494211e-04	3.93449564e-04
2.68429625e+02	6.04857459e-04	3.92281483e-04
2.69280338e+02	6.03215520e-04	3.91109701e-04
2.70133747e+02	6.01551908e-04	3.89921327e-04
2.70989860e+02	5.99879195e-04	3.88726192e-04
2.71848686e+02	5.98201180e-04	3.87527270e-04
2.72710235e+02	5.96517848e-04	3.86324548e-04
2.73574514e+02	5.94829181e-04	3.85118014e-04
2.74441531e+02	5.93119162e-04	3.83907656e-04
2.75311297e+02	5.91403600e-04	3.82693463e-04
2.76183819e+02	5.89682602e-04	3.81475422e-04
2.77059106e+02	5.87956150e-04	3.80253520e-04
2.77937168e+02	5.86222092e-04	3.79025576e-04
2.78818012e+02	5.84472339e-04	3.77783365e-04
2.79701647e+02	5.82717041e-04	3.76537217e-04
2.80588083e+02	5.80956180e-04	3.75287120e-04
2.81477329e+02	5.79189738e-04	3.74033061e-04
2.82369392e+02	5.77414584e-04	3.72775028e-04
2.83264283e+02	5.75628110e-04	3.71513007e-04
2.84162010e+02	5.73835975e-04	3.70246987e-04
2.85062582e+02	5.72038160e-04	3.68976955e-04
2.85966008e+02	5.70234647e-04	3.67702898e-04
2.86872297e+02	5.68422748e-04	3.66422903e-04
2.87781459e+02	5.66602781e-04	3.65137198e-04
2.88693502e+02	5.64777046e-04	3.63847418e-04
2.89608435e+02	5.62945525e-04	3.62553550e-04
2.90526268e+02	5.61108199e-04	3.61255582e-04
2.91447009e+02	5.59264686e-04	3.59954594e-04
2.92370669e+02	5.57415187e-04	3.58649918e-04
2.93297256e+02	5.55559825e-04	3.57341107e-04
2.94226780e+02	5.53698584e-04	3.56028148e-04
2.95159249e+02	5.51831444e-04	3.54711028e-04
2.96094674e+02	5.49961268e-04	3.53394001e-04
2.97033063e+02	5.48085499e-04	3.52073294e-04
2.97974426e+02	5.46203786e-04	3.50748402e-04
2.98918773e+02	5.44316109e-04	3.49419310e-04
2.99866112e+02	5.42422884e-04	3.48086561e-04
3.00816454e+02	5.40528860e-04	3.46756223e-04
3.01769807e+02	5.38628833e-04	3.45421669e-04
3.02726182e+02	5.36722785e-04	3.44082885e-04
3.03685588e+02	5.34810696e-04	3.42739859e-04
3.04648035e+02	5.32894856e-04	3.41395039e-04
3.05613531e+02	5.30979594e-04	3.40053044e-04
3.06582088e+02	5.29058261e-04	3.38706797e-04
3.07553714e+02	5.27130839e-04	3.37356283e-04
3.08528419e+02	5.25197309e-04	3.36001489e-04
3.09506214e+02	5.23263243e-04	3.34647519e-04
3.10487107e+02	5.21330209e-04	3.33295812e-04
3.11471109e+02	5.19391049e-04	3.31939822e-04
3.12458230e+02	5.17445743e-04	3.30579534e-04
3.13448479e+02	5.15494272e-04	3.29214935e-04
3.14441866e+02	5.13546345e-04	3.27854665e-04
3.15438401e+02	5.11598225e-04	3.26495404e-04
3.16438095e+02	5.09643931e-04	3.25131835e-04
3.17440957e+02	5.07683443e-04	3.23763945e-04
3.18446997e+02	5.05716741e-04	3.22391719e-04
3.19456226e+02	5.03758737e-04	3.21035310e-04
3.20468653e+02	5.01798252e-04	3.19679633e-04
3.21484289e+02	4.99831554e-04	3.18319660e-04
3.22503143e+02	4.97858623e-04	3.16955376e-04
3.23525227e+02	4.95879439e-04	3.15586769e-04
3.24550549e+02	4.93915243e-04	3.14213824e-04
3.25579121e+02	4.91945226e-04	3.12836528e-04
3.26610953e+02	4.89968965e-04	3.11454868e-04
3.27646055e+02	4.87986442e-04	3.10068828e-04
3.28684438e+02	4.86001529e-04	3.08682999e-04
3.29726111e+02	4.84030475e-04	3.07316594e-04
3.30771086e+02	4.82053174e-04	3.05945858e-04
3.31819372e+02	4.80069607e-04	3.04570778e-04
3.32870981e+02	4.78079753e-04	3.03191340e-04
3.33925922e+02	4.76092569e-04	3.01818831e-04
3.34984207e+02	4.74116308e-04	3.00463651e-04
3.36045845e+02	4.72133783e-04	2.99104177e-04
3.37110849e+02	4.70144975e-04	2.97740394e-04
3.38179227e+02	4.68149864e-04	2.96372288e-04
3.39250992e+02	4.66163135e-04	2.94999848e-04
3.40326153e+02	4.64183501e-04	2.93623057e-04
3.41404721e+02	4.62197592e-04	2.92241903e-04
3.42486708e+02	4.60205390e-04	2.90856372e-04
3.43572124e+02	4.58206874e-04	2.89466450e-04
3.44660979e+02	4.56235114e-04	2.88097258e-04
3.45753286e+02	4.54271000e-04	2.86734280e-04
3.46849054e+02	4.52300662e-04	2.85366982e-04
3.47948295e+02	4.50324079e-04	2.83995351e-04
3.49051020e+02	4.48341231e-04	2.82619374e-04
3.50157239e+02	4.46352100e-04	2.81274236e-04
3.51266965e+02	4.44356664e-04	2.79929397e-04
3.52380207e+02	4.42354905e-04	2.78580297e-04
3.53496977e+02	4.40346801e-04	2.77226921e-04
3.54617287e+02	4.38335718e-04	2.75869256e-04
3.55741147e+02	4.36366060e-04	2.74507288e-04
3.56868569e+02	4.34390160e-04	2.73141003e-04
3.57999564e+02	4.32407998e-04	2.71770389e-04
3.59134144e+02	4.30419554e-04	2.70395431e-04
3.60272319e+02	4.28438393e-04	2.69026403e-04
3.61414101e+02	4.26492422e-04	2.67684439e-04
3.62559502e+02	4.24540284e-04	2.66338222e-04
3.63708533e+02	4.22581959e-04	2.64987739e-04
3.64861205e+02	4.20617427e-04	2.63632975e-04
3.66017531e+02	4.18646670e-04	2.62286098e-04
3.67177521e+02	4.16669667e-04	2.60951264e-04
3.68341187e+02	4.14686398e-04	2.59612199e-04
3.69508542e+02	4.12696844e-04	2.58268891e-04
3.70679595e+02	4.10700984e-04	2.56921325e-04
3.71854361e+02	4.08734005e-04	2.55596916e-04
3.73032849e+02	4.06783464e-04	2.54285974e-04
3.74215072e+02	4.04826741e-04	2.52970877e-04
3.75401042e+02	4.02863818e-04	2.51651612e-04
3.76590771e+02	4.00894673e-04	2.50328166e-04
3.77784270e+02	3.98951028e-04	2.49000526e-04
3.78981551e+02	3.97009701e-04	2.47668678e-04
3.80182627e+02	3.95062221e-04	2.46332610e-04
3.81387510e+02	3.93108569e-04	2.44992307e-04
3.82596211e+02	3.91148725e-04	2.43647756e-04
3.83808742e+02	3.89223332e-04	2.42344917e-04
3.85025117e+02	3.87293082e-04	2.41039356e-04
3.86245346e+02	3.85356715e-04	2.39729657e-04
3.87469442e+02	3.83414210e-04	2.38415807e-04
3.88697418e+02	3.81472081e-04	2.37102673e-04
3.89929286e+02	3.79560548e-04	2.35812826e-04
3.91165058e+02	3.77642957e-04	2.34518891e-04
3.92404746e+02	3.75719289e-04	2.33220855e-04
3.93648363e+02	3.73789524e-04	2.31918705e-04
3.94895921e+02	3.71875350e-04	2.30623302e-04
3.96147433e+02	3.69998872e-04	2.29345712e-04
3.97402912e+02	3.68116447e-04	2.28064073e-04
3.98662369e+02	3.66228056e-04	2.26778372e-04
3.99925818e+02	3.64333680e-04	2.25488597e-04
4.01193271e+02	3.62433301e-04	2.24211762e-04
4.02464741e+02	3.60526899e-04	2.22947087e-04
4.03740240e+02	3.58614455e-04	2.21678405e-04
4.05019782e+02	3.56695950e-04	2.20405702e-04
4.06303378e+02	3.54771365e-04	2.19128965e-04
4.07591043e+02	3.52887638e-04	2.17871442e-04
4.08882789e+02	3.51018719e-04	2.16620226e-04
4.10178629e+02	3.49143877e-04	2.15365044e-04
4.11478575e+02	3.47263093e-04	2.14105884e-04
4.12782641e+02	3.45376348e-04	2.12842733e-04
4.14090840e+02	3.43523716e-04	2.11605434e-04
4.15403185e+02	3.41670980e-04	2.10368508e-04
4.16719689e+02	3.39812372e-04	2.09127661e-04
4.18040366e+02	3.37947873e-04	2.07882883e-04
4.19365228e+02	3.36080016e-04	2.06636057e-04
4.20694288e+02	3.34249968e-04	2.05417821e-04
4.22027561e+02	3.32414121e-04	2.04195725e-04
4.23365059e+02	3.30572455e-04	2.02969756e-04
4.24706796e+02	3.28724953e-04	2.01739901e-04
4.26052786e+02	3.26882586e-04	2.00514261e-04
4.27403041e+02	3.25070012e-04	1.99311037e-04
4.28757575e+02	3.23251693e-04	1.98103999e-04
4.30116402e+02	3.21427611e-04	1.96893136e-04
4.31479536e+02	3.19597749e-04	1.95678436e-04
4.32846989e+02	3.17781683e-04	1.94481241e-04
4.34218777e+02	3.15987324e-04	1.93310179e-04
4.35594912e+02	3.14187277e-04	1.92135406e-04
4.36975408e+02	3.12381526e-04	1.90956910e-04
4.38360279e+02	3.10570053e-04	1.89774680e-04
4.39749539e+02	3.08781381e-04	1.88588702e-04
4.41143202e+02	3.07006285e-04	1.87398966e-04
4.42541282e+02	3.05225563e-04	1.86205459e-04
4.43943793e+02	3.03439198e-04	1.85008169e-04
4.45350749e+02	3.01647172e-04	1.83807086e-04
4.46762163e+02	2.99886541e-04	1.82643338e-04
4.48178051e+02	2.98130896e-04	1.81487626e-04
4.49598426e+02	2.96369687e-04	1.80328252e-04
4.51023302e+02	2.94602896e-04	1.79165203e-04
4.52452694e+02	2.92830506e-04	1.77998469e-04
4.53886616e+02	2.91098661e-04	1.76861724e-04
4.55325083e+02	2.89363289e-04	1.75722808e-04
4.56768108e+02	2.87622418e-04	1.74580283e-04
4.58215707e+02	2.85876030e-04	1.73434138e-04
4.59667893e+02	2.84130906e-04	1.72289207e-04
4.61124682e+02	2.82422055e-04	1.71170456e-04
4.62586088e+02	2.80707788e-04	1.70048159e-04
4.64052125e+02	2.78988087e-04	1.68922306e-04
4.65522808e+02	2.77262937e-04	1.67792884e-04
4.66998152e+02	2.75547707e-04	1.66671103e-04
4.68478172e+02	2.73859657e-04	1.65569546e-04
4.69962883e+02	2.72166257e-04	1.64464499e-04
4.71452299e+02	2.70467489e-04	1.63355949e-04
4.72946435e+02	2.68763339e-04	1.62243886e-04
4.74445306e+02	2.67077874e-04	1.61145785e-04
4.75948928e+02	2.65411028e-04	1.60061596e-04
4.77457315e+02	2.63738900e-04	1.58973971e-04
4.78970482e+02	2.62061472e-04	1.57882900e-04
4.80488445e+02	2.60378728e-04	1.56788370e-04
4.82011218e+02	2.58723527e-04	1.55713922e-04
4.83538818e+02	2.57078393e-04	1.54647039e-04
4.85071259e+02	2.55428046e-04	1.53576774e-04
4.86608557e+02	2.53772468e-04	1.52503117e-04
4.88150726e+02	2.52111643e-04	1.51426058e-04
4.89697783e+02	2.50486769e-04	1.50375163e-04
4.91249743e+02	2.48863277e-04	1.49325625e-04
4.92806622e+02	2.47234641e-04	1.48272760e-04
4.94368435e+02	2.45600842e-04	1.47216559e-04
4.95935197e+02	2.43963987e-04	1.46159247e-04
4.97506925e+02	2.42367926e-04	1.45147063e-04
4.99083634e+02	2.40766806e-04	1.44131672e-04
5.00665340e+02	2.39160612e-04	1.43113062e-04
5.02252058e+02	2.37549328e-04	1.42091224e-04
5.03843806e+02	2.35943639e-04	1.41066148e-04
5.05440598e+02	2.34369793e-04	1.40037823e-04
5.07042450e+02	2.32790959e-04	1.39006239e-04
5.08649379e+02	2.31207122e-04	1.37971385e-04
5.10261401e+02	2.29618265e-04	1.36933252e-04
5.11878532e+02	2.28043573e-04	1.35912611e-04
5.13500787e+02	2.26492050e-04	1.34919216e-04
5.15128184e+02	2.24935611e-04	1.33922672e-04
5.16760739e+02	2.23374238e-04	1.32922970e-04
5.18398468e+02	2.21807917e-04	1.31920099e-04
5.20041386e+02	2.20277836e-04	1.30943138e-04
5.21689512e+02	2.18771988e-04	1.29983611e-04
5.23342861e+02	2.17261367e-04	1.29021043e-04
5.25001450e+02	2.15745959e-04	1.28055424e-04
5.26665295e+02	2.14225748e-04	1.27086745e-04
5.28334413e+02	2.12700720e-04	1.26114996e-04
5.30008821e+02	2.11170858e-04	1.25140168e-04
5.31688536e+02	2.09636148e-04	1.24162250e-04
5.33373574e+02	2.08096574e-04	1.23181232e-04
5.35063952e+02	2.06552120e-04	1.22197106e-04
5.36759687e+02	2.05070032e-04	1.21257049e-04
5.38460797e+02	2.03586925e-04	1.20316593e-04
5.40167298e+02	2.02099117e-04	1.19373157e-04
5.41879207e+02	2.00606594e-04	1.18426731e-04
5.43596541e+02	1.99115303e-04	1.17481500e-04
5.45319318e+02	1.97659581e-04	1.16561629e-04
5.47047555e+02	1.96199245e-04	1.15638842e-04
5.48781269e+02	1.94734282e-04	1.14713131e-04
5.50520478e+02	1.93264675e-04	1.13784487e-04
5.52265199e+02	1.91804533e-04	1.12862851e-04
5.54015449e+02	1.90371267e-04	1.11960498e-04
5.55771246e+02	1.88933458e-04	1.11055285e-04
5.57532607e+02	1.87491092e-04	1.10147203e-04
5.59299550e+02	1.86044155e-04	1.09236243e-04
5.61072094e+02	1.84614936e-04	1.08337948e-04
5.62850255e+02	1.83204372e-04	1.07452973e-04
5.64634051e+02	1.81789338e-04	1.06565194e-04
5.66423501e+02	1.80369819e-04	1.05674601e-04
5.68218621e+02	1.78945802e-04	1.04781185e-04
5.70019431e+02	1.77547477e-04	1.03906092e-04
5.71825948e+02	1.76159522e-04	1.03038591e-04
5.73638191e+02	1.74767169e-04	1.02168341e-04
5.75456176e+02	1.73370403e-04	1.01295333e-04
5.77279924e+02	1.71969210e-04	1.00419559e-04
5.79109451e+02	1.70601845e-04	9.95674441e-05
5.80944776e+02	1.69236789e-04	9.87172179e-05
5.82785918e+02	1.67867407e-04	9.78642970e-05
5.84632895e+02	1.66493685e-04	9.70086731e-05
5.86485725e+02	1.65117087e-04	9.61513528e-05
5.88344428e+02	1.63779274e-04	9.53209686e-05
5.90209021e+02	1.62437221e-04	9.44879527e-05
5.92079523e+02	1.61090915e-04	9.36522968e-05
5.93955953e+02	1.59740343e-04	9.28139925e-05
5.95838330e+02	1.58394925e-04	9.19795394e-05
5.97726673e+02	1.57079967e-04	9.11663901e-05
5.99621000e+02	1.55760842e-04	9.03506637e-05
6.01521331e+02	1.54437536e-04	8.95323522e-05
6.03427685e+02	1.53110036e-04	8.87114472e-05
6.05340080e+02	1.51803641e-04	8.78997848e-05
6.07258536e+02	1.50531973e-04	8.71037374e-05
6.09183072e+02	1.49256275e-04	8.63051672e-05
6.11113707e+02	1.47976535e-04	8.55040661e-05
6.13050461e+02	1.46692738e-04	8.47004262e-05
6.14993353e+02	1.45404873e-04	8.39111059e-05
6.16942402e+02	1.44112926e-04	8.31317405e-05
6.18897628e+02	1.42816885e-04	8.23499051e-05
6.20859051e+02	1.41516736e-04	8.15655919e-05
6.22826690e+02	1.40212467e-04	8.07787930e-05
6.24800565e+02	1.38952754e-04	8.00113692e-05
6.26780696e+02	1.37704755e-04	7.92485682e-05
6.28767102e+02	1.36452801e-04	7.84833497e-05
6.30759803e+02	1.35196879e-04	7.77157061e-05
6.32758820e+02	1.33936977e-04	7.69456296e-05
6.34764172e+02	1.32712610e-04	7.61999440e-05
6.36775879e+02	1.31487016e-04	7.54536965e-05
6.38793962e+02	1.30257538e-04	7.47050839e-05
6.40818441e+02	1.29024163e-04	7.39540988e-05
6.42849335e+02	1.27794129e-04	7.32040463e-05
6.44886666e+02	1.26614452e-04	7.24764097e-05
6.46930454e+02	1.25431036e-04	7.17464670e-05
6.48980719e+02	1.24243870e-04	7.10142111e-05
6.51037482e+02	1.23052942e-04	7.02796344e-05
6.53100763e+02	1.21858240e-04	6.95510232e-05
6.55170583e+02	1.20659751e-04	6.88395932e-05
6.57246963e+02	1.19457464e-04	6.81259084e-05
6.59329923e+02	1.18251366e-04	6.74099619e-05
6.61419485e+02	1.17041446e-04	6.66917463e-05
6.63515669e+02	1.15857150e-04	6.59843709e-05
6.65618496e+02	1.14701108e-04	6.52890055e-05
6.67727987e+02	1.13541403e-04	6.45914362e-05
6.69844164e+02	1.12378022e-04	6.38916562e-05
6.71967048e+02	1.11210954e-04	6.31896584e-05
6.74096659e+02	1.10079273e-04	6.25032023e-05
6.76233020e+02	1.08964131e-04	6.18237192e-05
6.78376151e+02	1.07845454e-04	6.11420827e-05
6.80526075e+02	1.06723233e-04	6.04582858e-05
6.82682812e+02	1.05597454e-04	5.97723219e-05
6.84846384e+02	1.04468108e-04	5.91064257e-05
6.87016813e+02	1.03335183e-04	5.84426225e-05
6.89194120e+02	1.02198667e-04	5.77767156e-05
6.91378328e+02	1.01058550e-04	5.71086983e-05
6.93569458e+02	9.99161239e-05	5.64391349e-05
6.95767532e+02	9.88279633e-05	5.57927769e-05
6.97972573e+02	9.77363541e-05	5.51443706e-05
7.00184601e+02	9.66412854e-05	5.44939092e-05
7.02403641e+02	9.55427461e-05	5.38413864e-05
7.04629712e+02	9.44483902e-05	5.31919520e-05
7.06862839e+02	9.33807275e-05	5.25607496e-05
7.09103043e+02	9.23096812e-05	5.19275468e-05
7.11350347e+02	9.12352406e-05	5.12923372e-05
7.13604772e+02	9.01573948e-05	5.06551145e-05
7.15866343e+02	8.90906156e-05	5.00254930e-05
7.18135081e+02	8.80437530e-05	4.94093524e-05
7.20411009e+02	8.69935727e-05	4.87912592e-05
7.22694150e+02	8.59400641e-05	4.81712070e-05
7.24984527e+02	8.48832167e-05	4.75491898e-05
7.27282163e+02	8.38441233e-05	4.69391080e-05
7.29587080e+02	8.28180418e-05	4.63378374e-05
7.31899302e+02	8.17887084e-05	4.57346612e-05
7.34218852e+02	8.07561128e-05	4.51295734e-05
7.36545753e+02	7.97202448e-05	4.45225679e-05
7.38880029e+02	7.87084059e-05	4.39316754e-05
7.41221702e+02	7.77027069e-05	4.33450826e-05
7.43570797e+02	7.66938205e-05	4.27566307e-05
7.45927336e+02	7.56817368e-05	4.21663139e-05
7.48291344e+02	7.46664456e-05	4.15741262e-05
7.50662844e+02	7.36814855e-05	4.10020205e-05
7.53041860e+02	7.26960828e-05	4.04298551e-05
7.55428415e+02	7.17075572e-05	3.98558763e-05
7.57822534e+02	7.07158987e-05	3.92800785e-05
7.60224241e+02	6.97249018e-05	3.87049512e-05
7.62633559e+02	6.87625656e-05	3.81488603e-05
7.65050512e+02	6.77971795e-05	3.75910070e-05
7.67475126e+02	6.68287338e-05	3.70313857e-05
7.69907423e+02	6.58572190e-05	3.64699909e-05
7.72347429e+02	6.48927641e-05	3.59134424e-05
7.74795168e+02	6.39503823e-05	3.53715517e-05
7.77250665e+02	6.30050138e-05	3.48279437e-05
7.79713943e+02	6.20566493e-05	3.42826128e-05
7.82185028e+02	6.11052792e-05	3.37355537e-05
7.84663945e+02	6.01671771e-05	3.31972508e-05
7.87150718e+02	5.92445951e-05	3.26691558e-05
7.89645371e+02	5.83190892e-05	3.21393871e-05
7.92147931e+02	5.73906502e-05	3.16079394e-05
7.94658423e+02	5.64592688e-05	3.10748075e-05
7.97176870e+02	5.55469283e-05	3.05609281e-05
7.99703299e+02	5.46435870e-05	3.00567428e-05
8.02237735e+02	5.37373828e-05	2.95509595e-05
8.04780203e+02	5.28283067e-05	2.90435733e-05
8.07330728e+02	5.19163495e-05	2.85345791e-05
8.09889337e+02	5.10292398e-05	2.80239718e-05
8.12456055e+02	5.01449992e-05	2.75117463e-05
8.15030907e+02	4.92579562e-05	2.69978974e-05
8.17613919e+02	4.83681020e-05	2.64824200e-05
8.20205118e+02	4.74757899e-05	2.59656658e-05
8.22804528e+02	4.66130807e-05	2.54792153e-05
8.25412177e+02	4.57476373e-05	2.49912231e-05
8.28028090e+02	4.48794512e-05	2.45016843e-05
8.30652293e+02	4.40085136e-05	2.40105942e-05
8.33284813e+02	4.31410335e-05	2.35219207e-05
8.35925676e+02	4.22970360e-05	2.30484604e-05
8.38574908e+02	4.14503637e-05	2.25734996e-05
8.41232537e+02	4.06010081e-05	2.20970336e-05
8.43898588e+02	3.97489607e-05	2.16190576e-05
8.46573088e+02	3.89060613e-05	2.11506823e-05
8.49256065e+02	3.80804673e-05	2.06995639e-05
8.51947544e+02	3.72522568e-05	2.02470158e-05
8.54647553e+02	3.64214216e-05	1.97930335e-05
8.57356119e+02	3.55879532e-05	1.93376125e-05
8.60073270e+02	3.47690139e-05	1.88807481e-05
8.62799031e+02	3.39613529e-05	1.84224357e-05
8.65533431e+02	3.31511324e-05	1.79626709e-05
8.68276497e+02	3.23383440e-05	1.75014490e-05
8.71028257e+02	3.15229798e-05	1.70387654e-05
8.73788737e+02	3.07277262e-05	1.65964162e-05
8.76557966e+02	2.99381761e-05	1.61605650e-05
8.79335971e+02	2.91461237e-05	1.57233324e-05
8.82122780e+02	2.83515612e-05	1.52847142e-05
8.84918421e+02	2.75544806e-05	1.48447060e-05
8.87722923e+02	2.67826179e-05	1.44206048e-05
8.90536312e+02	2.60108862e-05	1.39967667e-05
8.93358617e+02	2.52367087e-05	1.35715854e-05
8.96189868e+02	2.44600776e-05	1.31450566e-05
8.99030090e+02	2.36838301e-05	1.27189610e-05
9.01879315e+02	2.29319711e-05	1.23083615e-05
9.04737569e+02	2.21777292e-05	1.18964607e-05
9.07604881e+02	2.14210970e-05	1.14832544e-05
9.10481281e+02	2.06620669e-05	1.10687387e-05
9.13366796e+02	1.99087364e-05	1.06579611e-05
9.16261457e+02	1.91742331e-05	1.02591047e-05
9.19165291e+02	1.84374020e-05	9.85898415e-06
9.22078328e+02	1.76982358e-05	9.45759555e-06
9.25000597e+02	1.69567270e-05	9.05493487e-06
9.27932128e+02	1.62259911e-05	8.65912869e-06
9.30872949e+02	1.55085208e-05	8.27172192e-06
9.33823090e+02	1.47887767e-05	7.88308737e-06
9.36782581e+02	1.40667516e-05	7.49322116e-06
9.39751451e+02	1.33424382e-05	7.10211937e-06
9.42729731e+02	1.26336808e-05	6.72085620e-06
9.45717449e+02	1.19328045e-05	6.34466939e-06
9.48714635e+02	1.12297070e-05	5.96729035e-06
9.51721321e+02	1.05243812e-05	5.58871532e-06
9.54737535e+02	9.81682007e-06	5.20894050e-06
9.57763309e+02	9.12956871e-06	4.84187093e-06
9.60798671e+02	8.44512467e-06	4.47671272e-06
9.63843654e+02	7.75851147e-06	4.11039724e-06
9.66898287e+02	7.06972224e-06	3.74292083e-06
9.69962600e+02	6.37875009e-06	3.37427980e-06
