# W0 [GeV]	Sigma_LHeC [pb]	Sigma_muLHC [pb]	Sigma_FCCmuh [pb]
1.01536600e+01	3.12195956e-05	4.55830123e-04	1.85936807e-03
1.02468604e+01	3.12195956e-05	4.55830123e-04	1.85936807e-03
1.03409162e+01	3.12195956e-05	4.55830123e-04	1.85936807e-03
1.04358354e+01	3.12195956e-05	4.55830123e-04	1.85936807e-03
1.05316258e+01	3.12195956e-05	4.55830123e-04	1.85936807e-03
1.06282955e+01	3.12195956e-05	4.55830123e-04	1.85936807e-03
1.07258526e+01	3.12195956e-05	4.55830123e-04	1.85936807e-03
1.08243051e+01	3.12195956e-05	4.55830123e-04	1.85936807e-03
1.09236613e+01	3.12195956e-05	4.55830123e-04	1.85936807e-03
1.10239295e+01	3.12195956e-05	4.55830123e-04	1.85936807e-03
1.11251181e+01	3.12195956e-05	4.55830123e-04	1.85936807e-03
1.12272354e+01	3.12195956e-05	4.55830123e-04	1.85936807e-03
1.13302901e+01	3.12195956e-05	4.55830123e-04	1.85936807e-03
1.14342908e+01	3.12195956e-05	4.55830123e-04	1.85936807e-03
1.15392460e+01	3.12195956e-05	4.55830123e-04	1.85936807e-03
1.16451647e+01	3.12195956e-05	4.55830123e-04	1.85936807e-03
1.17520555e+01	3.12195956e-05	4.55830123e-04	1.85936807e-03
1.18599276e+01	3.12195956e-05	4.55830123e-04	1.85936807e-03
1.19687897e+01	3.12195956e-05	4.55830123e-04	1.85936807e-03
1.20786512e+01	3.12195956e-05	4.55830123e-04	1.85936807e-03
1.21895210e+01	3.12195956e-05	4.55830123e-04	1.85936807e-03
1.23014085e+01	3.12195956e-05	4.55830123e-04	1.85936807e-03
1.24143230e+01	3.12195956e-05	4.55830123e-04	1.85936807e-03
1.25282740e+01	3.12195956e-05	4.55830123e-04	1.85936807e-03
1.26432709e+01	3.12195956e-05	4.55830123e-04	1.85936807e-03
1.27593234e+01	3.12195956e-05	4.55830123e-04	1.85936807e-03
1.28764411e+01	3.12195956e-05	4.55830123e-04	1.85936807e-03
1.29946339e+01	3.12195956e-05	4.55830123e-04	1.85936807e-03
1.31139115e+01	3.12195956e-05	4.55830123e-04	1.85936807e-03
1.32342840e+01	3.12195956e-05	4.55830123e-04	1.85936807e-03
1.33557614e+01	3.12195956e-05	4.55830123e-04	1.85936807e-03
1.34783538e+01	3.12195956e-05	4.55830123e-04	1.85936807e-03
1.36020715e+01	3.12195956e-05	4.55830123e-04	1.85936807e-03
1.37269248e+01	3.12195956e-05	4.55830123e-04	1.85936807e-03
1.38529241e+01	3.12195956e-05	4.55830123e-04	1.85936807e-03
1.39800800e+01	3.12195956e-05	4.55830123e-04	1.85936807e-03
1.41084030e+01	3.12195956e-05	4.55830123e-04	1.85936807e-03
1.42379040e+01	3.12195956e-05	4.55830123e-04	1.85936807e-03
1.43685936e+01	3.12195956e-05	4.55830123e-04	1.85936807e-03
1.45004828e+01	3.12195956e-05	4.55830123e-04	1.85936807e-03
1.46335826e+01	3.12195956e-05	4.55830123e-04	1.85936807e-03
1.47679041e+01	3.12195956e-05	4.55830123e-04	1.85936807e-03
1.49034586e+01	3.12195956e-05	4.55830123e-04	1.85936807e-03
1.50402573e+01	3.12195956e-05	4.55830123e-04	1.85936807e-03
1.51783117e+01	3.12195956e-05	4.55830123e-04	1.85936807e-03
1.53176333e+01	3.12195956e-05	4.55830123e-04	1.85936807e-03
1.54582337e+01	3.12195956e-05	4.55830123e-04	1.85936807e-03
1.56001247e+01	3.12195956e-05	4.55830123e-04	1.85936807e-03
1.57433181e+01	3.12195956e-05	4.55830123e-04	1.85936807e-03
1.58878259e+01	3.12195956e-05	4.55830123e-04	1.85936807e-03
1.60336602e+01	3.12195956e-05	4.55830123e-04	1.85936807e-03
1.61808330e+01	3.12195956e-05	4.55830123e-04	1.85936807e-03
1.63293567e+01	3.12195956e-05	4.55830123e-04	1.85936807e-03
1.64792437e+01	3.12195956e-05	4.55830123e-04	1.85936807e-03
1.66305066e+01	3.12195956e-05	4.55830123e-04	1.85936807e-03
1.67831579e+01	3.12195956e-05	4.55830123e-04	1.85936807e-03
1.69372103e+01	3.12195956e-05	4.55830123e-04	1.85936807e-03
1.70926769e+01	3.12195956e-05	4.55830123e-04	1.85936807e-03
1.72495704e+01	3.12195956e-05	4.55830123e-04	1.85936807e-03
1.74079041e+01	3.12195956e-05	4.55830123e-04	1.85936807e-03
1.75676911e+01	3.12195956e-05	4.55830123e-04	1.85936807e-03
1.77289448e+01	3.12195956e-05	4.55830123e-04	1.85936807e-03
1.78916786e+01	3.12195956e-05	4.55830123e-04	1.85936807e-03
1.80559062e+01	3.12195956e-05	4.55830123e-04	1.85936807e-03
1.82216412e+01	3.12195956e-05	4.55830123e-04	1.85936807e-03
1.83888975e+01	3.12195956e-05	4.55830123e-04	1.85936807e-03
1.85576890e+01	3.12195956e-05	4.55830123e-04	1.85936807e-03
1.87280299e+01	3.12195956e-05	4.55830123e-04	1.85936807e-03
1.88999343e+01	3.12195956e-05	4.55830123e-04	1.85936807e-03
1.90734167e+01	3.12195956e-05	4.55830123e-04	1.85936807e-03
1.92484914e+01	3.12195956e-05	4.55830123e-04	1.85936807e-03
1.94251731e+01	3.12195956e-05	4.55830123e-04	1.85936807e-03
1.96034766e+01	3.12195956e-05	4.55830123e-04	1.85936807e-03
1.97834168e+01	3.12195956e-05	4.55830123e-04	1.85936807e-03
1.99650086e+01	3.12195956e-05	4.55830123e-04	1.85936807e-03
2.01482672e+01	3.12195956e-05	4.55830123e-04	1.85936807e-03
2.03332080e+01	3.12195956e-05	4.55830123e-04	1.85936807e-03
2.05198464e+01	3.12195956e-05	4.55830123e-04	1.85936807e-03
2.07081979e+01	3.12195956e-05	4.55830123e-04	1.85936807e-03
2.08982783e+01	3.12195956e-05	4.55830123e-04	1.85936807e-03
2.10901034e+01	3.12195956e-05	4.55830123e-04	1.85936807e-03
2.12836893e+01	3.12195956e-05	4.55830123e-04	1.85936807e-03
2.14790521e+01	3.12195956e-05	4.55830123e-04	1.85936807e-03
2.16762081e+01	3.12195956e-05	4.55830123e-04	1.85936807e-03
2.18751738e+01	3.12195956e-05	4.55830123e-04	1.85936807e-03
2.20759659e+01	3.12195956e-05	4.55830123e-04	1.85936807e-03
2.22786010e+01	3.12195956e-05	4.55830123e-04	1.85936807e-03
2.24830961e+01	3.12195956e-05	4.55830123e-04	1.85936807e-03
2.26894682e+01	3.12195956e-05	4.55830123e-04	1.85936807e-03
2.28977347e+01	3.12195956e-05	4.55830123e-04	1.85936807e-03
2.31079128e+01	3.12195956e-05	4.55830123e-04	1.85936807e-03
2.33200201e+01	3.12195956e-05	4.55830123e-04	1.85936807e-03
2.35340744e+01	3.12195956e-05	4.55830123e-04	1.85936807e-03
2.37500935e+01	3.12195956e-05	4.55830123e-04	1.85936807e-03
2.39680954e+01	3.12195956e-05	4.55830123e-04	1.85936807e-03
2.41880983e+01	3.12195956e-05	4.55830123e-04	1.85936807e-03
2.44101207e+01	3.12195956e-05	4.55830123e-04	1.85936807e-03
2.46341810e+01	3.12195956e-05	4.55830123e-04	1.85936807e-03
2.48602979e+01	3.12195956e-05	4.55830123e-04	1.85936807e-03
2.50884904e+01	3.12195956e-05	4.55830123e-04	1.85936807e-03
2.53187775e+01	3.12195956e-05	4.55830123e-04	1.85936807e-03
2.55511783e+01	3.12195956e-05	4.55830123e-04	1.85936807e-03
2.57857124e+01	3.12195956e-05	4.55830123e-04	1.85936807e-03
2.60223992e+01	3.12195956e-05	4.55830123e-04	1.85936807e-03
2.62612586e+01	3.12195956e-05	4.55830123e-04	1.85936807e-03
2.65023105e+01	3.12195956e-05	4.55830123e-04	1.85936807e-03
2.67455749e+01	3.12195956e-05	4.55830123e-04	1.85936807e-03
2.69910724e+01	3.12195956e-05	4.55830123e-04	1.85936807e-03
2.72388232e+01	3.12195956e-05	4.55830123e-04	1.85936807e-03
2.74888481e+01	3.12195956e-05	4.55830123e-04	1.85936807e-03
2.77411680e+01	3.12195956e-05	4.55830123e-04	1.85936807e-03
2.79958040e+01	3.12195956e-05	4.55830123e-04	1.85936807e-03
2.82527772e+01	3.12195956e-05	4.55830123e-04	1.85936807e-03
2.85121092e+01	3.12195956e-05	4.55830123e-04	1.85936807e-03
2.87738217e+01	3.12195956e-05	4.55830123e-04	1.85936807e-03
2.90379363e+01	3.12195956e-05	4.55830123e-04	1.85936807e-03
2.93044753e+01	3.12195956e-05	4.55830123e-04	1.85936807e-03
2.95734608e+01	3.12195956e-05	4.55830123e-04	1.85936807e-03
2.98449154e+01	3.12195956e-05	4.55830123e-04	1.85936807e-03
3.01188616e+01	3.12195956e-05	4.55830123e-04	1.85936807e-03
3.03953224e+01	3.12195956e-05	4.55830123e-04	1.85936807e-03
3.06743208e+01	3.12195956e-05	4.55830123e-04	1.85936807e-03
3.09558802e+01	3.12195956e-05	4.55830123e-04	1.85936807e-03
3.12400239e+01	3.12195956e-05	4.55830123e-04	1.85936807e-03
3.15267758e+01	3.12195956e-05	4.55830123e-04	1.85936807e-03
3.18161599e+01	3.12195956e-05	4.55830123e-04	1.85936807e-03
3.21082001e+01	3.12195956e-05	4.55830123e-04	1.85936807e-03
3.24029210e+01	3.12195956e-05	4.55830123e-04	1.85936807e-03
3.27003472e+01	3.12195956e-05	4.55830123e-04	1.85936807e-03
3.30005034e+01	3.12195956e-05	4.55830123e-04	1.85936807e-03
3.33034147e+01	3.12195956e-05	4.55830123e-04	1.85936807e-03
3.36091065e+01	3.12195956e-05	4.55830123e-04	1.85936807e-03
3.39176042e+01	3.12195956e-05	4.55830123e-04	1.85936807e-03
3.42289336e+01	3.12195956e-05	4.55830123e-04	1.85936807e-03
3.45431207e+01	3.12195956e-05	4.55830123e-04	1.85936807e-03
3.48601917e+01	3.12195956e-05	4.55830123e-04	1.85936807e-03
3.51801732e+01	3.12195956e-05	4.55830123e-04	1.85936807e-03
3.55030917e+01	3.12195956e-05	4.55830123e-04	1.85936807e-03
3.58289743e+01	3.12195956e-05	4.55830123e-04	1.85936807e-03
3.61578481e+01	3.12195956e-05	4.55830123e-04	1.85936807e-03
3.64897407e+01	3.12195956e-05	4.55830123e-04	1.85936807e-03
3.68246797e+01	3.12195956e-05	4.55830123e-04	1.85936807e-03
3.71626932e+01	3.12195956e-05	4.55830123e-04	1.85936807e-03
3.75038092e+01	3.12195956e-05	4.55830123e-04	1.85936807e-03
3.78480564e+01	3.12195956e-05	4.55830123e-04	1.85936807e-03
3.81954634e+01	3.12195956e-05	4.55830123e-04	1.85936807e-03
3.85460592e+01	3.12195956e-05	4.55830123e-04	1.85936807e-03
3.88998732e+01	3.12195956e-05	4.55830123e-04	1.85936807e-03
3.92569348e+01	3.12195956e-05	4.55830123e-04	1.85936807e-03
3.96172739e+01	3.12195956e-05	4.55830123e-04	1.85936807e-03
3.99809205e+01	3.12195956e-05	4.55830123e-04	1.85936807e-03
4.03479050e+01	3.12195956e-05	4.55830123e-04	1.85936807e-03
4.07182581e+01	3.12195956e-05	4.55830123e-04	1.85936807e-03
4.10920107e+01	3.12195956e-05	4.55830123e-04	1.85936807e-03
4.14691939e+01	3.12195956e-05	4.55830123e-04	1.85936807e-03
4.18498393e+01	3.12195956e-05	4.55830123e-04	1.85936807e-03
4.22339786e+01	3.12195956e-05	4.55830123e-04	1.85936807e-03
4.26216440e+01	3.12195956e-05	4.55830123e-04	1.85936807e-03
4.30128677e+01	3.12195956e-05	4.55830123e-04	1.85936807e-03
4.34076824e+01	3.12195956e-05	4.55830123e-04	1.85936807e-03
4.38061212e+01	3.12195956e-05	4.55830123e-04	1.85936807e-03
4.42082172e+01	3.12195956e-05	4.55830123e-04	1.85936807e-03
4.46140041e+01	3.12195956e-05	4.55830123e-04	1.85936807e-03
4.50235156e+01	3.12195956e-05	4.55830123e-04	1.85936807e-03
4.54367861e+01	3.12195956e-05	4.55830123e-04	1.85936807e-03
4.58538500e+01	3.12195956e-05	4.55830123e-04	1.85936807e-03
4.62747421e+01	3.12195956e-05	4.55830123e-04	1.85936807e-03
4.66994976e+01	3.12195956e-05	4.55830123e-04	1.85936807e-03
4.71281519e+01	3.12195956e-05	4.55830123e-04	1.85936807e-03
4.75607408e+01	3.12195956e-05	4.55830123e-04	1.85936807e-03
4.79973005e+01	3.12195956e-05	4.55830123e-04	1.85936807e-03
4.84378673e+01	3.12195956e-05	4.55830123e-04	1.85936807e-03
4.88824781e+01	3.12195956e-05	4.55830123e-04	1.85936807e-03
4.93311699e+01	3.12195956e-05	4.55830123e-04	1.85936807e-03
4.97839803e+01	3.12195956e-05	4.55830123e-04	1.85936807e-03
5.02409471e+01	3.12195956e-05	4.55830123e-04	1.85936807e-03
5.07021083e+01	3.12195956e-05	4.55830123e-04	1.85936807e-03
5.11675025e+01	3.12195956e-05	4.55830123e-04	1.85936807e-03
5.16371686e+01	3.12195956e-05	4.55830123e-04	1.85936807e-03
5.21111458e+01	3.12195956e-05	4.55830123e-04	1.85936807e-03
5.25894735e+01	3.12195956e-05	4.55830123e-04	1.85936807e-03
5.30721919e+01	3.12195956e-05	4.55830123e-04	1.85936807e-03
5.35593411e+01	3.12195956e-05	4.55830123e-04	1.85936807e-03
5.40509618e+01	3.12195956e-05	4.55830123e-04	1.85936807e-03
5.45470952e+01	3.12195956e-05	4.55830123e-04	1.85936807e-03
5.50477825e+01	3.12195956e-05	4.55830123e-04	1.85936807e-03
5.55530656e+01	3.12195956e-05	4.55830123e-04	1.85936807e-03
5.60629868e+01	3.12195956e-05	4.55830123e-04	1.85936807e-03
5.65775885e+01	3.12195956e-05	4.55830123e-04	1.85936807e-03
5.70969137e+01	3.12195956e-05	4.55830123e-04	1.85936807e-03
5.76210058e+01	3.12195956e-05	4.55830123e-04	1.85936807e-03
5.81499085e+01	3.12195956e-05	4.55830123e-04	1.85936807e-03
5.86836660e+01	3.12195956e-05	4.55830123e-04	1.85936807e-03
5.92223229e+01	3.12195956e-05	4.55830123e-04	1.85936807e-03
5.97659241e+01	3.12195956e-05	4.55830123e-04	1.85936807e-03
6.03145151e+01	3.12195956e-05	4.55830123e-04	1.85936807e-03
6.08681415e+01	3.12195956e-05	4.55830123e-04	1.85936807e-03
6.14268497e+01	3.12195956e-05	4.55830123e-04	1.85936807e-03
6.19906862e+01	3.12195956e-05	4.55830123e-04	1.85936807e-03
6.25596982e+01	3.12195956e-05	4.55830123e-04	1.85936807e-03
6.31339332e+01	3.12195956e-05	4.55830123e-04	1.85936807e-03
6.37134390e+01	3.12195956e-05	4.55830123e-04	1.85936807e-03
6.42982641e+01	3.12195956e-05	4.55830123e-04	1.85936807e-03
6.48884574e+01	3.12195956e-05	4.55830123e-04	1.85936807e-03
6.54840680e+01	3.12195956e-05	4.55830123e-04	1.85936807e-03
6.60851457e+01	3.12195956e-05	4.55830123e-04	1.85936807e-03
6.66917407e+01	3.12195956e-05	4.55830123e-04	1.85936807e-03
6.73039036e+01	3.12195956e-05	4.55830123e-04	1.85936807e-03
6.79216856e+01	3.12195956e-05	4.55830123e-04	1.85936807e-03
6.85451382e+01	3.12195956e-05	4.55830123e-04	1.85936807e-03
6.91743135e+01	3.12195956e-05	4.55830123e-04	1.85936807e-03
6.98092639e+01	3.12195956e-05	4.55830123e-04	1.85936807e-03
7.04500426e+01	3.12195956e-05	4.55830123e-04	1.85936807e-03
7.10967029e+01	3.12195956e-05	4.55830123e-04	1.85936807e-03
7.17492990e+01	3.12195956e-05	4.55830123e-04	1.85936807e-03
7.24078852e+01	3.12195956e-05	4.55830123e-04	1.85936807e-03
7.30725166e+01	3.12195956e-05	4.55830123e-04	1.85936807e-03
7.37432486e+01	3.12195956e-05	4.55830123e-04	1.85936807e-03
7.44201373e+01	3.12195956e-05	4.55830123e-04	1.85936807e-03
7.51032391e+01	3.12195956e-05	4.55830123e-04	1.85936807e-03
7.57926111e+01	3.12195956e-05	4.55830123e-04	1.85936807e-03
7.64883109e+01	3.12195956e-05	4.55830123e-04	1.85936807e-03
7.71903964e+01	3.12195956e-05	4.55830123e-04	1.85936807e-03
7.78989264e+01	3.12195956e-05	4.55830123e-04	1.85936807e-03
7.86139600e+01	3.12195956e-05	4.55830123e-04	1.85936807e-03
7.93355569e+01	3.12195956e-05	4.55830123e-04	1.85936807e-03
8.00637773e+01	3.12195956e-05	4.55830123e-04	1.85936807e-03
8.07986821e+01	3.12195956e-05	4.55830123e-04	1.85936807e-03
8.15403325e+01	3.12195956e-05	4.55830123e-04	1.85936807e-03
8.22887906e+01	3.12195956e-05	4.55830123e-04	1.85936807e-03
8.30441187e+01	3.12195956e-05	4.55830123e-04	1.85936807e-03
8.38063800e+01	3.12195956e-05	4.55830123e-04	1.85936807e-03
8.45756380e+01	3.12195956e-05	4.55830123e-04	1.85936807e-03
8.53519571e+01	3.12195956e-05	4.55830123e-04	1.85936807e-03
8.61354020e+01	3.12195956e-05	4.55830123e-04	1.85936807e-03
8.69260382e+01	3.12195956e-05	4.55830123e-04	1.85936807e-03
8.77239316e+01	3.12195956e-05	4.55830123e-04	1.85936807e-03
8.85291488e+01	3.12195956e-05	4.55830123e-04	1.85936807e-03
8.93417571e+01	3.12195956e-05	4.55830123e-04	1.85936807e-03
9.01618244e+01	3.12195956e-05	4.55830123e-04	1.85936807e-03
9.09894190e+01	3.12195956e-05	4.55830123e-04	1.85936807e-03
9.18246101e+01	3.12195956e-05	4.55830123e-04	1.85936807e-03
9.26674675e+01	3.12195956e-05	4.55830123e-04	1.85936807e-03
9.35180614e+01	3.12195956e-05	4.55830123e-04	1.85936807e-03
9.43764629e+01	3.12195956e-05	4.55830123e-04	1.85936807e-03
9.52427437e+01	3.12195956e-05	4.55830123e-04	1.85936807e-03
9.61169760e+01	3.12195956e-05	4.55830123e-04	1.85936807e-03
9.69992330e+01	3.12195956e-05	4.55830123e-04	1.85936807e-03
9.78895881e+01	3.12195956e-05	4.55830123e-04	1.85936807e-03
9.87881158e+01	3.12195956e-05	4.55830123e-04	1.85936807e-03
9.96948911e+01	3.12195956e-05	4.55830123e-04	1.85936807e-03
1.00609990e+02	3.12195956e-05	4.55830123e-04	1.85936807e-03
1.01533488e+02	3.12195956e-05	4.55830123e-04	1.85936807e-03
1.02465463e+02	3.12195956e-05	4.55830123e-04	1.85936807e-03
1.03405993e+02	3.12195956e-05	4.55830123e-04	1.85936807e-03
1.04355155e+02	3.12195956e-05	4.55830123e-04	1.85936807e-03
1.05313031e+02	3.12195956e-05	4.55830123e-04	1.85936807e-03
1.06279698e+02	3.12195956e-05	4.55830123e-04	1.85936807e-03
1.07255238e+02	3.12195956e-05	4.55830123e-04	1.85936807e-03
1.08239733e+02	3.12195956e-05	4.55830123e-04	1.85936807e-03
1.09233265e+02	3.12195956e-05	4.55830123e-04	1.85936807e-03
1.10235916e+02	3.12195956e-05	4.55830123e-04	1.85936807e-03
1.11247771e+02	3.12195956e-05	4.55830123e-04	1.85936807e-03
1.12268913e+02	3.12195956e-05	4.55830123e-04	1.85936807e-03
1.13299429e+02	3.12195956e-05	4.55830123e-04	1.85936807e-03
1.14339403e+02	3.12195956e-05	4.55830123e-04	1.85936807e-03
1.15388924e+02	3.12195956e-05	4.55830123e-04	1.85936807e-03
1.16448077e+02	3.12195956e-05	4.55830123e-04	1.85936807e-03
1.17516953e+02	3.12195956e-05	4.55830123e-04	1.85936807e-03
1.18595641e+02	3.12195956e-05	4.55830123e-04	1.85936807e-03
1.19684229e+02	3.12195956e-05	4.55830123e-04	1.85936807e-03
1.20782810e+02	3.12195956e-05	4.55830123e-04	1.85936807e-03
1.21891474e+02	3.12195956e-05	4.55830123e-04	1.85936807e-03
1.23010315e+02	3.12195956e-05	4.55830123e-04	1.85936807e-03
1.24139425e+02	3.12195956e-05	4.55830123e-04	1.85936807e-03
1.25278900e+02	3.12195956e-05	4.55830123e-04	1.85936807e-03
1.26428834e+02	3.12195956e-05	4.55830123e-04	1.85936807e-03
1.27589323e+02	3.12195956e-05	4.55830123e-04	1.85936807e-03
1.28760465e+02	3.12195956e-05	4.55830123e-04	1.85936807e-03
1.29942356e+02	3.12195956e-05	4.55830123e-04	1.85936807e-03
1.31135096e+02	3.12195956e-05	4.55830123e-04	1.85936807e-03
1.32338784e+02	3.12195956e-05	4.55830123e-04	1.85936807e-03
1.33553520e+02	3.12195956e-05	4.55830123e-04	1.85936807e-03
1.34779407e+02	3.12195956e-05	4.55830123e-04	1.85936807e-03
1.36016546e+02	3.12195956e-05	4.55830123e-04	1.85936807e-03
1.37265041e+02	3.12195956e-05	4.55830123e-04	1.85936807e-03
1.38524996e+02	3.12195956e-05	4.55830123e-04	1.85936807e-03
1.39796515e+02	3.12195956e-05	4.55830123e-04	1.85936807e-03
1.41079706e+02	3.12195956e-05	4.55830123e-04	1.85936807e-03
1.42374676e+02	3.12195956e-05	4.55830123e-04	1.85936807e-03
1.43681532e+02	3.12195956e-05	4.55830123e-04	1.85936807e-03
1.45000383e+02	3.12195956e-05	4.55830123e-04	1.85936807e-03
1.46331341e+02	3.12195956e-05	4.55830123e-04	1.85936807e-03
1.47674515e+02	3.12195956e-05	4.55830123e-04	1.85936807e-03
1.49030018e+02	3.12195956e-05	4.55830123e-04	1.85936807e-03
1.50397963e+02	3.12195956e-05	4.55830123e-04	1.85936807e-03
1.51778465e+02	3.12195956e-05	4.55830123e-04	1.85936807e-03
1.53171638e+02	3.12195956e-05	4.55830123e-04	1.85936807e-03
1.54577599e+02	3.12195956e-05	4.55830123e-04	1.85936807e-03
1.55996466e+02	3.12195956e-05	4.55830123e-04	1.85936807e-03
1.57428356e+02	3.12195956e-05	4.55830123e-04	1.85936807e-03
1.58873390e+02	3.12195956e-05	4.55830123e-04	1.85936807e-03
1.60331687e+02	3.12195956e-05	4.55830123e-04	1.85936807e-03
1.61803371e+02	3.12195956e-05	4.55830123e-04	1.85936807e-03
1.63288562e+02	3.12195956e-05	4.55830123e-04	1.85936807e-03
1.64787387e+02	3.12195956e-05	4.55830123e-04	1.85936807e-03
1.66299969e+02	3.12195956e-05	4.55830123e-04	1.85936807e-03
1.67826435e+02	3.12195956e-05	4.55830123e-04	1.85936807e-03
1.69366912e+02	3.12195956e-05	4.55830123e-04	1.85936807e-03
1.70921530e+02	3.12195956e-05	4.55830123e-04	1.85936807e-03
1.72490417e+02	3.12195956e-05	4.55830123e-04	1.85936807e-03
1.74073705e+02	3.12195956e-05	4.55830123e-04	1.85936807e-03
1.75671526e+02	3.12195956e-05	4.55830123e-04	1.85936807e-03
1.77284014e+02	3.12195956e-05	4.55830123e-04	1.85936807e-03
1.78911302e+02	3.12195956e-05	4.55830123e-04	1.85936807e-03
1.80553528e+02	3.12195956e-05	4.55830123e-04	1.85936807e-03
1.82210827e+02	3.12195956e-05	4.55830123e-04	1.85936807e-03
1.83883339e+02	3.12195956e-05	4.55830123e-04	1.85936807e-03
1.85571202e+02	3.12195956e-05	4.55830123e-04	1.85936807e-03
1.87274559e+02	3.12195956e-05	4.55830123e-04	1.85936807e-03
1.88993550e+02	3.12195956e-05	4.55830123e-04	1.85936807e-03
1.90728321e+02	3.12195956e-05	4.55830123e-04	1.85936807e-03
1.92479014e+02	3.12195956e-05	4.55830123e-04	1.85936807e-03
1.94245778e+02	3.12195956e-05	4.55830123e-04	1.85936807e-03
1.96028758e+02	3.12195956e-05	4.55830123e-04	1.85936807e-03
1.97828104e+02	3.12195956e-05	4.55830123e-04	1.85936807e-03
1.99643967e+02	3.12195956e-05	4.55830123e-04	1.85936807e-03
2.01476497e+02	3.12195956e-05	4.55830123e-04	1.85936807e-03
2.03325848e+02	3.12195956e-05	4.55830123e-04	1.85936807e-03
2.05192175e+02	3.12195956e-05	4.55830123e-04	1.85936807e-03
2.07075632e+02	3.12195956e-05	4.55830123e-04	1.85936807e-03
2.08976377e+02	3.12195956e-05	4.55830123e-04	1.85936807e-03
2.10894570e+02	3.12195956e-05	4.55830123e-04	1.85936807e-03
2.12830369e+02	3.12195956e-05	4.55830123e-04	1.85936807e-03
2.14783938e+02	3.12195956e-05	4.55830123e-04	1.85936807e-03
2.16755437e+02	3.12195956e-05	4.55830123e-04	1.85936807e-03
2.18745034e+02	3.12195956e-05	4.55830123e-04	1.85936807e-03
2.20752893e+02	3.12195956e-05	4.55830123e-04	1.85936807e-03
2.22779182e+02	3.12195956e-05	4.55830123e-04	1.85936807e-03
2.24824070e+02	3.12195956e-05	4.55830123e-04	1.85936807e-03
2.26887728e+02	3.12195956e-05	4.55830123e-04	1.85936807e-03
2.28970329e+02	3.12195956e-05	4.55830123e-04	1.85936807e-03
2.31072046e+02	3.12195956e-05	4.55830123e-04	1.85936807e-03
2.33193054e+02	3.12195956e-05	4.55830123e-04	1.85936807e-03
2.35333531e+02	3.12195956e-05	4.55830123e-04	1.85936807e-03
2.37493656e+02	3.12195956e-05	4.55830123e-04	1.85936807e-03
2.39673608e+02	3.12195956e-05	4.55830123e-04	1.85936807e-03
2.41873570e+02	3.12195956e-05	4.55830123e-04	1.85936807e-03
2.44093725e+02	3.12195956e-05	4.55830123e-04	1.85936807e-03
2.46334260e+02	3.12195956e-05	4.55830123e-04	1.85936807e-03
2.48595360e+02	3.12195956e-05	4.55830123e-04	1.85936807e-03
2.50877215e+02	3.12195956e-05	4.55830123e-04	1.85936807e-03
2.53180015e+02	3.12195956e-05	4.55830123e-04	1.85936807e-03
2.55503952e+02	3.12195956e-05	4.55830123e-04	1.85936807e-03
2.57849220e+02	3.12195956e-05	4.55830123e-04	1.85936807e-03
2.60216016e+02	3.12195956e-05	4.55830123e-04	1.85936807e-03
2.62604537e+02	3.12195956e-05	4.55830123e-04	1.85936807e-03
2.65014982e+02	3.12195956e-05	4.55830123e-04	1.85936807e-03
2.67447552e+02	3.12195956e-05	4.55830123e-04	1.85936807e-03
2.69902451e+02	3.12195956e-05	4.55830123e-04	1.85936807e-03
2.72379883e+02	3.12195956e-05	4.55830123e-04	1.85936807e-03
2.74880056e+02	3.12195956e-05	4.55830123e-04	1.85936807e-03
2.77403178e+02	3.12195956e-05	4.55830123e-04	1.85936807e-03
2.79949459e+02	3.12195956e-05	4.55830123e-04	1.85936807e-03
2.82519113e+02	3.12195956e-05	4.55830123e-04	1.85936807e-03
2.85112354e+02	3.12195956e-05	4.55830123e-04	1.85936807e-03
2.87729398e+02	3.12195956e-05	4.55830123e-04	1.85936807e-03
2.90370463e+02	3.12195956e-05	4.55830123e-04	1.85936807e-03
2.93035771e+02	3.12195956e-05	4.55830123e-04	1.85936807e-03
2.95725544e+02	3.12195956e-05	4.55830123e-04	1.85936807e-03
2.98440007e+02	3.12195956e-05	4.55830123e-04	1.85936807e-03
3.01179385e+02	3.12195956e-05	4.55830123e-04	1.85936807e-03
3.03943908e+02	3.12195956e-05	4.55830123e-04	1.85936807e-03
3.06733807e+02	3.12195956e-05	4.55830123e-04	1.85936807e-03
3.09549314e+02	3.12195956e-05	4.55830123e-04	1.85936807e-03
3.12390664e+02	3.12195956e-05	4.55830123e-04	1.85936807e-03
3.15258096e+02	3.12195956e-05	4.55830123e-04	1.85936807e-03
3.18151847e+02	3.12195956e-05	4.55830123e-04	1.85936807e-03
3.21072160e+02	3.12195956e-05	4.55830123e-04	1.85936807e-03
3.24019279e+02	3.12195956e-05	4.55830123e-04	1.85936807e-03
3.26993449e+02	3.12195956e-05	4.55830123e-04	1.85936807e-03
3.29994920e+02	3.12195956e-05	4.55830123e-04	1.85936807e-03
3.33023940e+02	3.12195956e-05	4.55830123e-04	1.85936807e-03
3.36080764e+02	3.12195956e-05	4.55830123e-04	1.85936807e-03
3.39165647e+02	3.12195956e-05	4.55830123e-04	1.85936807e-03
3.42278845e+02	3.12195956e-05	4.55830123e-04	1.85936807e-03
3.45420620e+02	3.12195956e-05	4.55830123e-04	1.85936807e-03
3.48591233e+02	3.12195956e-05	4.55830123e-04	1.85936807e-03
3.51790949e+02	3.12195956e-05	4.55830123e-04	1.85936807e-03
3.55020035e+02	3.12195956e-05	4.55830123e-04	1.85936807e-03
3.58278761e+02	3.12195956e-05	4.55830123e-04	1.85936807e-03
3.61567399e+02	3.12195956e-05	4.55830123e-04	1.85936807e-03
3.64886223e+02	3.12195956e-05	4.55830123e-04	1.85936807e-03
3.68235511e+02	3.12195956e-05	4.55830123e-04	1.85936807e-03
3.71615542e+02	3.12195956e-05	4.55830123e-04	1.85936807e-03
3.75026598e+02	3.12195956e-05	4.55830123e-04	1.85936807e-03
3.78468964e+02	3.12195956e-05	4.55830123e-04	1.85936807e-03
3.81942927e+02	3.12195956e-05	4.55830123e-04	1.85936807e-03
3.85448778e+02	3.12195956e-05	4.55830123e-04	1.85936807e-03
3.88986809e+02	3.12112738e-05	4.55830123e-04	1.85936807e-03
3.92557316e+02	3.11487477e-05	4.55830123e-04	1.85936807e-03
3.96160596e+02	3.10856476e-05	4.55631015e-04	1.85873559e-03
3.99796951e+02	3.10219684e-05	4.55199841e-04	1.85736594e-03
4.03466684e+02	3.06997285e-05	4.53154424e-04	1.85216968e-03
4.07170101e+02	3.03081089e-05	4.50675628e-04	1.84528121e-03
4.10907512e+02	2.99128947e-05	4.48174078e-04	1.83375899e-03
4.14679229e+02	2.95140528e-05	4.44726528e-04	1.82071914e-03
4.18485566e+02	2.91115499e-05	4.40150943e-04	1.80588259e-03
4.22326842e+02	2.84688923e-05	4.35004471e-04	1.78908452e-03
4.26203376e+02	2.77516179e-05	4.29608382e-04	1.77142582e-03
4.30115494e+02	2.69888117e-05	4.23718459e-04	1.75201302e-03
4.34063520e+02	2.62082525e-05	4.17603000e-04	1.73177931e-03
4.38047786e+02	2.54074080e-05	4.11222146e-04	1.71057553e-03
4.42068623e+02	2.45927157e-05	4.04478403e-04	1.68830760e-03
4.46126367e+02	2.37691634e-05	3.97587846e-04	1.66549756e-03
4.50221357e+02	2.29414238e-05	3.90634041e-04	1.64173371e-03
4.54353935e+02	2.21122248e-05	3.83616407e-04	1.61748125e-03
4.58524446e+02	2.12831109e-05	3.76534358e-04	1.59266704e-03
4.62733238e+02	2.04635435e-05	3.69194963e-04	1.56730475e-03
4.66980663e+02	1.96444803e-05	3.61732663e-04	1.54159344e-03
4.71267074e+02	1.88434586e-05	3.54204068e-04	1.51545088e-03
4.75592831e+02	1.80498729e-05	3.46628297e-04	1.48906836e-03
4.79958294e+02	1.72680545e-05	3.39011239e-04	1.46244367e-03
4.84363827e+02	1.65235402e-05	3.31394877e-04	1.43558258e-03
4.88809798e+02	1.57855957e-05	3.23742647e-04	1.40849740e-03
4.93296580e+02	1.50408775e-05	3.16135129e-04	1.38134431e-03
4.97824545e+02	1.43162195e-05	3.08526825e-04	1.35407375e-03
5.02394072e+02	1.36205154e-05	3.00940089e-04	1.32672729e-03
5.07005543e+02	1.29517746e-05	2.93427323e-04	1.29963640e-03
5.11659343e+02	1.22914423e-05	2.85909979e-04	1.27245531e-03
5.16355860e+02	1.16650470e-05	2.78512792e-04	1.24502473e-03
5.21095486e+02	1.10517473e-05	2.71143650e-04	1.21768533e-03
5.25878617e+02	1.04584566e-05	2.63837394e-04	1.19056156e-03
5.30705653e+02	9.89319746e-06	2.56648119e-04	1.16367605e-03
5.35576995e+02	9.33738200e-06	2.49474740e-04	1.13676164e-03
5.40493052e+02	8.81622647e-06	2.42469348e-04	1.11023086e-03
5.45454233e+02	8.30801165e-06	2.35510763e-04	1.08376198e-03
5.50460953e+02	7.81991633e-06	2.28643673e-04	1.05747723e-03
5.55513630e+02	7.35809254e-06	2.21919357e-04	1.03153142e-03
5.60612685e+02	6.90555148e-06	2.15224859e-04	1.00560705e-03
5.65758544e+02	6.48543617e-06	2.08725772e-04	9.80186439e-04
5.70951637e+02	6.07715071e-06	2.02340710e-04	9.55051105e-04
5.76192397e+02	5.68766551e-06	1.96146695e-04	9.30430538e-04
5.81481263e+02	5.32169347e-06	1.89895826e-04	9.05583980e-04
5.86818674e+02	4.96435504e-06	1.83619136e-04	8.80606396e-04
5.92205078e+02	4.63603774e-06	1.77683867e-04	8.56626677e-04
5.97640924e+02	4.31801115e-06	1.71808544e-04	8.32788579e-04
6.03126665e+02	4.01672596e-06	1.66048383e-04	8.09266222e-04
6.08662759e+02	3.73548629e-06	1.60445091e-04	7.86182984e-04
6.14249670e+02	3.46183663e-06	1.54884780e-04	7.63183939e-04
6.19887862e+02	3.21290273e-06	1.49536256e-04	7.40811594e-04
6.25577808e+02	2.97252641e-06	1.44248496e-04	7.18593157e-04
6.31319981e+02	2.74641904e-06	1.39079133e-04	6.96716682e-04
6.37114862e+02	2.53679702e-06	1.34060501e-04	6.75297970e-04
6.42962934e+02	2.33359902e-06	1.29085830e-04	6.54007971e-04
6.48864686e+02	2.15080374e-06	1.24317204e-04	6.33769080e-04
6.54820609e+02	1.97486932e-06	1.19607386e-04	6.13344417e-04
6.60831202e+02	1.81066286e-06	1.15014629e-04	5.92732276e-04
6.66896967e+02	1.65951561e-06	1.10563697e-04	5.72894964e-04
6.73018408e+02	1.51359361e-06	1.06156312e-04	5.53294134e-04
6.79196039e+02	1.38392149e-06	1.01946287e-04	5.34338754e-04
6.85430373e+02	1.25958459e-06	9.77911626e-05	5.15538743e-04
6.91721933e+02	1.14459489e-06	9.37482552e-05	4.97095555e-04
6.98071243e+02	1.04431166e-06	8.98360087e-05	4.79086074e-04
7.04478833e+02	9.49397070e-07	8.59655049e-05	4.61190570e-04
7.10945239e+02	8.53611255e-07	8.22785218e-05	4.43921887e-04
7.17470999e+02	7.66591688e-07	7.86414074e-05	4.26803672e-04
7.24056659e+02	6.94722375e-07	7.51093265e-05	4.10039229e-04
7.30702770e+02	6.22193374e-07	7.17667701e-05	3.93954404e-04
7.37409884e+02	5.49655863e-07	6.84850294e-05	3.78065547e-04
7.44178563e+02	4.92242131e-07	6.51731656e-05	3.62030846e-04
7.51009372e+02	4.37687678e-07	6.19448663e-05	3.46280544e-04
7.57902881e+02	3.88393938e-07	5.88808345e-05	3.31119969e-04
7.64859665e+02	3.44349962e-07	5.59861651e-05	3.16342157e-04
7.71880306e+02	3.02663174e-07	5.31490003e-05	3.01686540e-04
7.78965389e+02	2.70284805e-07	5.02857933e-05	2.87931012e-04
7.86115506e+02	2.37609236e-07	4.74966433e-05	2.74049223e-04
7.93331253e+02	2.04633737e-07	4.48575871e-05	2.60040013e-04
8.00613234e+02	1.77526035e-07	4.23134742e-05	2.46637113e-04
8.07962057e+02	1.53055402e-07	3.98027697e-05	2.33452103e-04
8.15378334e+02	1.34719106e-07	3.74293489e-05	2.20801393e-04
8.22862685e+02	1.16214501e-07	3.50905199e-05	2.08267517e-04
8.30415735e+02	9.75400429e-08	3.28318451e-05	1.96038504e-04
8.38038114e+02	8.25929068e-08	3.06562747e-05	1.84132877e-04
8.45730459e+02	6.93345404e-08	2.85107225e-05	1.72327868e-04
8.53493411e+02	5.87909442e-08	2.64875279e-05	1.61019417e-04
8.61327620e+02	4.89952714e-08	2.44941812e-05	1.49814598e-04
8.69233740e+02	4.06775057e-08	2.25724061e-05	1.38891935e-04
8.77212429e+02	3.36360228e-08	2.07233351e-05	1.28262320e-04
8.85264354e+02	2.71841875e-08	1.89012382e-05	1.17726634e-04
8.93390189e+02	2.22670632e-08	1.71871353e-05	1.07650378e-04
9.01590610e+02	1.77509670e-08	1.54986694e-05	9.76675936e-05
9.09866303e+02	1.40462902e-08	1.38737887e-05	8.79486546e-05
9.18217958e+02	1.09999961e-08	1.23467202e-05	7.84950687e-05
9.26646273e+02	8.26505452e-09	1.08600124e-05	6.91291168e-05
9.35151951e+02	6.29766367e-09	9.35965808e-06	6.01799910e-05
9.43735703e+02	4.51746194e-09	7.89996500e-06	5.13137406e-05
9.52398246e+02	3.12510885e-09	6.53406677e-06	4.26910750e-05
9.61140301e+02	2.02428142e-09	5.22175151e-06	3.43082471e-05
9.69962600e+02	1.06466810e-09	3.93026946e-06	2.60070911e-05
