  0.00213727988381679  0.00215187076293739  0.00216794348321253  0.00218513204654555
  0.00220144003895265  0.00221933653648927  0.00223840766271012  0.00226350903666263
  0.00228866728264347  0.00231386893895477  0.00234614336392621  0.00238224308287961
  0.00242893892411855  0.00248246181475143  0.00254849167364622  0.00262483993024697
  0.00271061348761570  0.00281344834755944  0.00292605172441996  0.00304937528078559
  0.00317522434828453  0.00329949247188646  0.00342206534023627  0.00354379433634689
  0.00367228546497779  0.00382259811732028  0.00398834255087171  0.00414460008258161
  0.00431113029130437  0.00449656954631737  0.00470601556872018  0.00495015276216294
  0.00521762540149534  0.00549011319112384  0.00579366441136134  0.00616717049366459
  0.00653673441382787  0.00692043782054144  0.00732376683218836  0.00775701125342400
  0.00819827752515487  0.00865406280694139  0.00911976625388021  0.00962195890252287
  0.01017888585572337  0.01073789498891580  0.01131513595180063  0.01192823427641172
  0.01256652426567103  0.01319551448825310  0.01378343791983241  0.01439212988605693
  0.01506504145141340  0.01589347254637098  0.01685596741183656  0.01785013187770502
  0.01870683286852232  0.01952833676682780  0.02033305463021078  0.02122464019422336
  0.02221943435001225  0.02328153711241110  0.02432716964288235  0.02519947565760688
  0.02621287561673767  0.02723304963436008  0.02835729500357246  0.02954193378408150
  0.03098254621954593  0.03282273616067187  0.03519402093865587  0.03768094420908177
  0.03991729552741095  0.04203057663090558  0.04421751038689787  0.04653176379011523
  0.04898599548222450  0.05192032885305336  0.05502807890646141  0.05817525603789682
  0.06134561360248804  0.06492670890917275  0.06913056159132672  0.07384473885444760
  0.08100844952410263  0.08975947035473897  0.09754245207106341  0.10396093310905116
  0.11138067904653301  0.12178819889461497  0.13104387278635221  0.15304222234139009
  0.17194582429515101  0.19656537430542712  0.61025282208976150  1.00000000000000000
  0.00031320755257661  0.00035212775287841  0.00038824412456727  0.00043124839960623
  0.00048056453179042  0.00053691366914660  0.00058695620635332  0.00063682660381831
  0.00069383331067364  0.00076427147615444  0.00085418087130111  0.00095519715695707
  0.00108092214791004  0.00119318304323159  0.00133319654445572  0.00151132601852405
  0.00172692239096169  0.00197260920593697  0.00223767045454850  0.00252449633165235
  0.00284285654128608  0.00320990742393098  0.00365419064020918  0.00409898318785225
  0.00454895639093757  0.00502230880445077  0.00554591679927527  0.00601058766269867
  0.00642941303044817  0.00683561724684549  0.00728171172746185  0.00780318963353211
  0.00836919911492165  0.00895974389184015  0.00959422559011214  0.01031835901808522
  0.01115976452314948  0.01203907453117618  0.01294339335257196  0.01384556209061567
  0.01474027903685928  0.01554729076086468  0.01624004262728344  0.01690443981344425
  0.01769087845964955  0.01857632153362424  0.01950805061369735  0.02031988694592837
  0.02116235704619002  0.02216151343603672  0.02343268636985657  0.02478013980275159
  0.02627465089753283  0.02789233230414961  0.02952145139741263  0.03113849667919771
  0.03272000926521776  0.03427060857294289  0.03587404251902362  0.03751553263113475
  0.03918898236811318  0.04083565817089417  0.04206151437564765  0.04309043958017017
  0.04413212499459541  0.04509856044542161  0.04632764241435729  0.04819169399033567
  0.05006420120998747  0.05217611536907299  0.05441090737478364  0.05684798181820498
  0.05958966717980538  0.06237934724096182  0.06545847197820792  0.06851030660310856
  0.07144078544803362  0.07411153174095486  0.07686542662647154  0.07956283769504689
  0.08214032255092127  0.08490654215376692  0.08833667503163137  0.09306789040440493
  0.09846338846823766  0.10387851504410310  0.11028556841736468  0.11652377609135753
  0.12555653160020269  0.13790921251941529  0.15375493927177819  0.17489043463572773
  0.19441409510805036  0.25039818523479884  0.64731458820299770  1.00000000000000000
  0.00040130957117030  0.00043834968108179  0.00048669634395719  0.00054964069200766
  0.00063288684983550  0.00072258746509324  0.00084156434389900  0.00097413684872443
  0.00112198588204782  0.00126146075497829  0.00139257611867417  0.00153029852273616
  0.00168115530903723  0.00187301520488751  0.00210141971314049  0.00234447192665987
  0.00260113441166488  0.00290253518607342  0.00323862500821373  0.00360764170248982
  0.00398009600623190  0.00433384428821858  0.00470669106861982  0.00514735025079087
  0.00568399525121583  0.00624909107427714  0.00682420733091249  0.00741285132351956
  0.00803627927377331  0.00862956316453866  0.00918855165101158  0.00967396041019011
  0.01016611121422887  0.01067447947339403  0.01128235240547020  0.01184910940133105
  0.01239400046993747  0.01302775449796569  0.01375570407271432  0.01467731754593612
  0.01552423616241801  0.01641471396359665  0.01714508311768976  0.01790234767523677
  0.01869982398594940  0.01953110412972953  0.02048849017977284  0.02149886298553517
  0.02252611643830415  0.02358529390638124  0.02465802140333087  0.02587349255384800
  0.02718211188104036  0.02850060770720870  0.02966711420688219  0.03088149479606930
  0.03235286587793371  0.03386791706173292  0.03535782805646825  0.03687319995243504
  0.03818750795463824  0.03971737867098414  0.04091335005789826  0.04226407346678598
  0.04377851496303430  0.04538965013787024  0.04716613460279178  0.04894631929271785
  0.05070672770403335  0.05246090695217016  0.05421880440551085  0.05593794786081446
  0.05734751626812497  0.05885424180822420  0.06073247548453676  0.06288939094465693
  0.06527614799699449  0.06914338488303931  0.07458995467231321  0.08039514817800425
  0.08478424267169497  0.08794988322760344  0.09120841877766712  0.09462968332280926
  0.09817561694093020  0.10107863997730795  0.10396170725275142  0.10720857835962511
  0.11350316277881421  0.12429798555570248  0.13476119878523782  0.15001813716821760
  0.19874374287639443  0.25720673149751788  0.40368168123306930  1.00000000000000000
 -0.00302487584581581  0.01415803069895076  0.02943656752479631  0.04508293929348584
  0.05826074742199842  0.06995381859889870  0.08169406102828534  0.09257276908832167
  0.10356878781179836  0.11233116532791400  0.12123312509306639  0.13095570199215484
  0.14065316894177873  0.15089599560001643  0.16054129374861914  0.17069344581707271
  0.18031912782267870  0.19002565852691211  0.19892233367400017  0.20847005113564523
  0.21844494248268312  0.23075321760470374  0.24411250642140878  0.25608803668626501
  0.26779076339754865  0.27974304744877021  0.29032952650223903  0.30015364299141950
  0.30928962476396871  0.31836373244593796  0.32866733796950437  0.33894291743808447
  0.35063776041023559  0.36394597293134906  0.37777187024477321  0.39180636738953756
  0.40731505071154406  0.42095654779825464  0.43030204347556833  0.43888117624037470
  0.44728397087114352  0.45567465119772788  0.46436235757270716  0.47225636056504033
  0.48111418750645130  0.49188678299846089  0.50255283118152949  0.51128608251215302
  0.52042818716958927  0.52968151973052946  0.53948297245269483  0.54824524153388265
  0.55572014450718121  0.56403797288860813  0.57435139500352395  0.58558268781920453
  0.59579708996004044  0.60676654788722362  0.61668036696577144  0.62658193439699983
  0.63643159381462988  0.64696858150563441  0.65732601702700533  0.66694585016514740
  0.67831885958684213  0.69115391339546806  0.70442533523985718  0.71775457097746864
  0.73009194848220138  0.74199271166637237  0.75487580036273405  0.76798993051951303
  0.78121442592655210  0.79401921361380901  0.80630153723265974  0.81693199926813420
  0.82689398244451573  0.83537946033717481  0.84431097011763645  0.85329866402242893
  0.86326290934001437  0.87383051032742853  0.88430810720150055  0.89470622458182525
  0.90328255388077816  0.91031309240515035  0.91668497386497361  0.92259484791368440
  0.92841458551905032  0.93674261086980859  0.94698809019217567  0.95798122585691448
  0.96883842835082301  0.97992028772749962  0.98998935728633675  1.00000000000000000
 -0.00289060958200164  0.01231280240697218  0.02308144691317359  0.03207683732191921
  0.04138122934682995  0.05112278038316313  0.06100620714758465  0.07030953881738526
  0.07955322925888865  0.08957477368725658  0.10115183020880369  0.11211482095166882
  0.12321746995025298  0.13529427040523706  0.14754167443800589  0.16069224213316019
  0.17301799771903073  0.18437745815956519  0.19539216672321436  0.20707604727432041
  0.21790418455945301  0.22826505334712316  0.23902196519520866  0.24985424301142964
  0.26073105746819936  0.27246409104699620  0.28467031821170646  0.29632579456416758
  0.30458384982140529  0.31286412079264952  0.32139743775371449  0.33056155423408895
  0.33963061122813326  0.34917616591268669  0.36088517365323286  0.37214697773019051
  0.38246265125133155  0.39274968050948261  0.40349574356140749  0.41618484166714242
  0.42934970418200330  0.44296910417406976  0.45656031609399861  0.47045261966066115
  0.48440126873360995  0.49637219478959405  0.50689868530936000  0.51743328108136066
  0.52695719685738773  0.53648959402071306  0.54483461834384261  0.55317915983248456
  0.56279174381504304  0.57190739911242028  0.57975788926661342  0.58794053261635248
  0.59680718644444852  0.60617955841264937  0.61591335201070174  0.62613840130222687
  0.63706765774442775  0.64727265389863653  0.65623270687346713  0.66459743621151945
  0.67279412703752672  0.68140097226606167  0.69046394622796592  0.70042099585822915
  0.70817950245284089  0.71645007431804097  0.72473593888917676  0.73321134719671899
  0.74233812454509396  0.75267141107326996  0.76391823470623055  0.77721955383883012
  0.78859817743729144  0.79873075357948153  0.80827134173933723  0.81868884965309763
  0.82975999684061952  0.84133353015769186  0.85220805884001882  0.86184991549395473
  0.87031013835175197  0.87952082047229074  0.88909389249444670  0.90047650808463242
  0.91488440716628572  0.92658455098117576  0.93695558802656187  0.94739987955866733
  0.95910868604090938  0.97342678859265597  0.98702881446766400  1.00000000000000000
 -0.00169291428742536  0.00624359700784164  0.01450686168962813  0.02496255704197324
  0.03760786995240905  0.04885354899853760  0.05785063025789386  0.06584631068708380
  0.07358141177463479  0.08184809426394121  0.09178109728234105  0.10353709130994050
  0.11443881606463335  0.12449383405276726  0.13444956594690510  0.14472850424114803
  0.15506724768809613  0.16502906221287936  0.17516141440358587  0.18602446785545670
  0.19758873022603579  0.21081518223427195  0.22417302141045931  0.23715613839213454
  0.25066651804209616  0.26503798695057568  0.28027383067863026  0.29442322375263869
  0.30462372369823032  0.31504851910395970  0.32559741900666644  0.33594153322620435
  0.34525803416797723  0.35438023810308078  0.36444778297461206  0.37219992855178002
  0.37858232589551527  0.38442284128561038  0.39055920338823502  0.39725632706523856
  0.40433214735232115  0.41220427244775054  0.42095258381038547  0.43175328066851315
  0.44285179895087379  0.45374838466215389  0.46582563078615630  0.47842469134908483
  0.49015274075742821  0.50130582358582187  0.51183786831537581  0.52146262602190763
  0.53092729627898516  0.54140578838803810  0.55431579943912335  0.56727351326303033
  0.57880521012668185  0.58995905976465179  0.60037783609797557  0.61076567486236699
  0.62119118929136496  0.63289083239777022  0.64524152776092758  0.65744590490910693
  0.66937705075644305  0.68097014118102150  0.69266227745237086  0.70215998948544645
  0.71120782558437856  0.71937465770117759  0.73054577643262564  0.74456663533618483
  0.76029625197762685  0.77543174152548300  0.78772163433314957  0.79918729436104063
  0.80923196326560498  0.82013391553394865  0.83164933240586403  0.84350639063751620
  0.85433328725387803  0.86335152747656918  0.87235177479301329  0.88142997206606222
  0.89014868142485160  0.89870332253760976  0.90702647937083847  0.91586081340785919
  0.92616486693851818  0.93670001494224309  0.94729573220103491  0.95913727308136609
  0.97118637451353462  0.98098537322138102  0.99085151867016552  1.00000000000000000
  0.00108881992054703  0.00809379077827943  0.01481105278218038  0.02019558824407984
  0.02435560141540021  0.02830839852138188  0.03189463594751148  0.03537274047590696
  0.03893887730517510  0.04244165199205197  0.04562992170153350  0.04877492923363883
  0.05161129473511458  0.05432170830666899  0.05687167003113162  0.05930898981601544
  0.06176223208471494  0.06416289217429756  0.06657659664845712  0.06907065554550708
  0.07164672959058895  0.07410832037174876  0.07649309912664751  0.07893092025399534
  0.08133386971183149  0.08350134980362081  0.08567793848237468  0.08789271514728247
  0.09012652232927422  0.09240924512947266  0.09507934098798851  0.09766026315008226
  0.10013993445922466  0.10236823013736972  0.10432234852764563  0.10631872535118078
  0.10847500399427744  0.11062365086230064  0.11288740224191261  0.11547588217647303
  0.11883282337929912  0.12196759696668996  0.12473814826386966  0.12769805005366272
  0.13073243012030897  0.13378942924602319  0.13684480918877676  0.13984962960384131
  0.14293078612241153  0.14560343816664179  0.14769401275689248  0.14931769727905644
  0.15119157170013711  0.15341388460380256  0.15581005866280156  0.15827731449152663
  0.16017848353066533  0.16221011378172798  0.16471738013211706  0.16758304183416570
  0.17066016321725294  0.17353524657150279  0.17631937038056486  0.17906501354205853
  0.18186383355412489  0.18502134590973254  0.18880767183537908  0.19317465910485951
  0.19675160248296092  0.20014838058383908  0.20351630701327669  0.20794845049223165
  0.21356465280792927  0.21947384162196176  0.22348527051717815  0.22656769025712031
  0.22930766347125456  0.23226277778903670  0.23573419069552157  0.24016354453288449
  0.24642717318610871  0.25290434046485244  0.25809322768334675  0.26302294285196065
  0.26918461398552163  0.28261766006742767  0.29617677772796180  0.30855134928709160
  0.32127734837419986  0.33385989381507503  0.34864323991887158  0.36528654388373921
  0.38106480802667875  0.41344785692066560  0.64961052742780567  1.00000000000000000
 -0.00119505054939974  0.01365846285205926  0.02371708827033529  0.03371010567162055
  0.04272175018059587  0.05252954316528435  0.06343780266914492  0.07557466062667002
  0.08873736842609642  0.10132224132708245  0.11204017508948837  0.12234156845598254
  0.13184546185975543  0.14089336291795659  0.15065737603579449  0.16068981928512846
  0.17054968857062300  0.18042347628866351  0.18999242385722651  0.20060138555694906
  0.21163531535241009  0.22358187972776178  0.23586509774972109  0.24612382801115104
  0.25549364742437364  0.26451061160724237  0.27385117877973369  0.28311719431998661
  0.29238928213984722  0.30118344056310792  0.31105737531848210  0.32192764143744984
  0.33301017837320995  0.34335982359740708  0.35283809380228359  0.36268630574852062
  0.37289292681845360  0.38342630591376420  0.39357029455887060  0.40384726551957478
  0.41540250058899314  0.42574078703790735  0.43516735425290065  0.44434818433640316
  0.45354171486019951  0.46444128832593989  0.47519575425924060  0.48592149213274671
  0.49649675966359347  0.50792619719993770  0.52029036786907734  0.53262320157421117
  0.54400888075414811  0.55382409888716744  0.56311393534715892  0.57307183505080106
  0.58305016888165229  0.59411842285896355  0.60558602625811275  0.61762970394109196
  0.62899233654860887  0.64007142081041590  0.65148327080149859  0.66208180170851516
  0.67293804520005007  0.68513776503440538  0.69755453085260810  0.70973694610132820
  0.72182033949701463  0.73267606899246240  0.74257140809887501  0.75273341610702560
  0.76418281838355051  0.77722313350659611  0.79055733165484576  0.80112978464803641
  0.81038048393096795  0.81971479850498064  0.82908236111246802  0.83838078614797884
  0.84682025298479291  0.85540232002867611  0.86561787240369181  0.87511594732394338
  0.88315766090595915  0.89081807012353109  0.89890950124179847  0.90850003088303843
  0.92100945146499080  0.93330859098892605  0.94242659304320930  0.95149311174651574
  0.96045772510129745  0.97240735041186876  0.98629712731487729  1.00000000000000000
  0.00476481631485169  0.36041771830012237  0.47344633225004046  0.54488005366378622
  0.59076067356571860  0.62972701757906346  0.66005223534195678  0.68257131897749068
  0.70128691942195875  0.71849253493758503  0.73453331756875095  0.74947357949284388
  0.76259677894131384  0.77421826729918974  0.78411573976004079  0.79367746972514353
  0.80123255543420058  0.80825562079323654  0.81528573907709556  0.82279377314557678
  0.83006529252977024  0.83693637408588728  0.84353942746343402  0.84951543851834876
  0.85502360247681508  0.85981172759637559  0.86434823937583627  0.86928360181722264
  0.87446270685925487  0.87915462108152531  0.88358543742977524  0.88761535292982330
  0.89184032693289328  0.89582257607314630  0.89919059777403298  0.90205778683575022
  0.90485405648850170  0.90761572222024589  0.91040304884977674  0.91328342152873765
  0.91608497114271226  0.91859182538474493  0.92101708252103753  0.92327282871475624
  0.92541821044579675  0.92753488067907841  0.92962384848421686  0.93167981245482112
  0.93358055881533175  0.93538017527448591  0.93721678252520502  0.93908744596658722
  0.94106367611865727  0.94305644732105565  0.94492449308615256  0.94660879921689767
  0.94817300747347733  0.94968496287957760  0.95121059377385031  0.95283771566882081
  0.95422969045173966  0.95562546714453667  0.95705329687830309  0.95850490852339243
  0.95994367567810956  0.96140023348209003  0.96275500269998093  0.96402235941739434
  0.96522560514829492  0.96637162480783578  0.96756543807932005  0.96861404529794837
  0.96960639715342600  0.97064425479215177  0.97158530584821245  0.97240802291648454
  0.97318941745252807  0.97394747266178139  0.97471276906578996  0.97553803561573704
  0.97641543365140859  0.97732893719210701  0.97826551004329276  0.97923182349357341
  0.98035985130566738  0.98151068308657841  0.98273764151704113  0.98398319865172135
  0.98518792592034077  0.98634976326119705  0.98757673662917911  0.98890798791229484
  0.99040195076012216  0.99226896086547012  0.99511850123277912  1.00000000000000000
   6.1177788942232967E-019  -1.0000000000000000     
 F F F F F F F F F F F F F F F F F F F F F F F F F F F F F F F F
  <DiscreteSampler_grid>
  grouped_processes
  1 # 1 for a reference and 2 for a running grid.
  10 # Attribute 'min_bin_probing_points' of the grid.
  1 # Attribute 'grid_mode' of the grid. 1=='default',2=='initialization'
  0.0000000000000000 # Attribute 'small_contrib_threshold' of the grid.
  0.5000000000000000 # Attribute 'damping_power' of the grid.
 # binID   n_entries weight   weight_sqr   abs_weight
    10   10   5.604481308635671E-011   3.009096480351126E-020   5.604481308635671E-011
  </DiscreteSampler_grid>
