  0.00083563863634849  0.01269992451317886  0.02510697287440980  0.03853969864039852
  0.05248994351184629  0.06589031417445146  0.07888188421081886  0.09189936903411579
  0.10565424207089093  0.12023155320977125  0.13407048611058681  0.14720927968371467
  0.15950703935533153  0.17148044031599893  0.18326994607496414  0.19524080053745660
  0.20743571251374088  0.21970821455761583  0.23170579960253346  0.24316516755823492
  0.25454097728535374  0.26617150192820815  0.27778898104230004  0.28939867844822253
  0.30142175505693480  0.31337327208062049  0.32476733113964429  0.33596388944228994
  0.34728201852380536  0.35878370576126101  0.37024147164151827  0.38155326386336069
  0.39255258241733998  0.40325275438070202  0.41399701717791682  0.42498296504121280
  0.43604196905248288  0.44711609957145881  0.45826034148193118  0.46948414559277352
  0.48076950586959877  0.49208618428451723  0.50351920090629754  0.51460027879491110
  0.52553710445333435  0.53637032512772231  0.54721063109697476  0.55836975286751289
  0.56980253893892274  0.58125882669560913  0.59248249519919161  0.60343091953458483
  0.61418340076813138  0.62472055215577316  0.63513534754141165  0.64565707705533792
  0.65652899012792942  0.66763950250721049  0.67850220932507421  0.68905538733915062
  0.69933300552436584  0.70966536001155744  0.72016382750480878  0.73096803665236887
  0.74190826644696117  0.75285660818269906  0.76362569893321997  0.77440249513816528
  0.78523057263406881  0.79640109034137430  0.80772268193210583  0.81897682363521440
  0.82981154279908920  0.84042345702489696  0.85095926791666343  0.86154724270144090
  0.87216012750626826  0.88272191972688285  0.89308234715599311  0.90319708149177114
  0.91306891492427222  0.92265791361427196  0.93190887758361918  0.94063288135493128
  0.94885112411396688  0.95670587973943066  0.96363684126312776  0.96977992186822015
  0.97574434374051433  0.98103945667747783  0.98537738182033308  0.98939038719954597
  0.99249099952720465  0.99517603504263252  0.99765460843129605  1.00000000000000000
  0.00018926332140957  0.00025019952318534  0.00028710256018469  0.00032530151932510
  0.00036528518054646  0.00040590554373513  0.00044503118380888  0.00048375171093387
  0.00052491607912166  0.00057154392728602  0.00062058586717812  0.00067337076171164
  0.00073147313960287  0.00079346765771433  0.00085109603893885  0.00091094481519676
  0.00097378451526495  0.00104142671943759  0.00111411865439769  0.00118751822715551
  0.00126187235408875  0.00133897481373383  0.00142166406347451  0.00151150304803785
  0.00160878501609110  0.00171202381694508  0.00181568238047197  0.00192569316592593
  0.00204173637308301  0.00216942657437310  0.00231149644293865  0.00246409813347591
  0.00262434668961047  0.00279193481053894  0.00296804499816674  0.00315278264155720
  0.00335038740829002  0.00356654038122197  0.00379967861081399  0.00404370928860103
  0.00429519348475674  0.00455506424171200  0.00482960778434661  0.00511652181678208
  0.00541286912979344  0.00572343340705489  0.00604839030889310  0.00639449147931166
  0.00676026866988431  0.00714427227176458  0.00752947473650207  0.00792155466761664
  0.00833115457476811  0.00876566775563954  0.00922120238537557  0.00968517377363799
  0.01017220563431241  0.01068586469432468  0.01124337092074773  0.01181751639713089
  0.01241408340687041  0.01306753269459694  0.01380349304713424  0.01462036913363628
  0.01549264585336424  0.01641597851642575  0.01738916680374990  0.01840514517272776
  0.01944012237139119  0.02053767167426794  0.02175261504817968  0.02311608753674414
  0.02462462782293251  0.02623342305160298  0.02789717948770293  0.02968525441542967
  0.03168399904238010  0.03387686754246996  0.03629583914085278  0.03890003406205502
  0.04154682284892843  0.04446859990414947  0.04749035630715166  0.05075228408218045
  0.05427109846647554  0.05925010108759830  0.06663800727837356  0.07864949776935753
  0.09036961553020309  0.09924505316967203  0.10910111873406579  0.11985979796556567
  0.13745186052367125  0.16506684473115790  0.18894535942510418  1.00000000000000000
  0.00000257835727359  0.00000276025503865  0.00000302787980068  0.00000332007300291
  0.00000365032810878  0.00000403593921980  0.00000447577697429  0.00000501098033855
  0.00000562608112756  0.00000628512327568  0.00000696543139820  0.00000774742204204
  0.00000860397923309  0.00000952297155794  0.00001061608404495  0.00001183202743434
  0.00001316115362487  0.00001452601515810  0.00001603210991078  0.00001766620757486
  0.00001944573584986  0.00002159820394667  0.00002414456880385  0.00002676388092694
  0.00002955392570537  0.00003257775683267  0.00003587037591581  0.00003973365566032
  0.00004418231495769  0.00004916824985889  0.00005480991368275  0.00006084122709453
  0.00006724509120832  0.00007422726674001  0.00008202580010109  0.00009099606314671
  0.00010107329144568  0.00011214387482043  0.00012439944884998  0.00013747618043733
  0.00015118901859249  0.00016642643760162  0.00018291984944652  0.00020103136977912
  0.00022079592991918  0.00024223511900244  0.00026499996262488  0.00028924207013308
  0.00031606029384805  0.00034556254641304  0.00037698077845124  0.00041059846889168
  0.00044733911078887  0.00048704843749687  0.00053000903340636  0.00057736246741531
  0.00062897017933880  0.00068381368712465  0.00074153095829840  0.00080500181204900
  0.00087631452924687  0.00095349135716070  0.00104186453442236  0.00113801057990070
  0.00123821836741739  0.00134617046450133  0.00146476583310106  0.00159665633976584
  0.00174338964507163  0.00190112121676860  0.00207784902228856  0.00229227724784799
  0.00253169000144321  0.00279596766882222  0.00308270694110018  0.00340027129631338
  0.00375619485094480  0.00416616350831208  0.00465954214274624  0.00525527313423423
  0.00592739855891276  0.00669762964909550  0.00759711812262452  0.00864439703709411
  0.00989753939514849  0.01139848894310864  0.01328900844439005  0.01567519280847057
  0.01877150433539767  0.02266735115185476  0.02771899944908667  0.03539084872440190
  0.04651007713056116  0.06283211115395994  0.23337451939439127  1.00000000000000000
 -0.00240762385281186  0.00986276950943937  0.02012570566129237  0.03068826178265068
  0.04128765230752166  0.05174326110065669  0.06225794994193079  0.07356524090974387
  0.08490803732362334  0.09609575705247621  0.10744972211572841  0.11906281057312725
  0.13051297190477526  0.14176877644996591  0.15311219221003911  0.16454690826174903
  0.17578876334475294  0.18680629250601014  0.19767734730914233  0.20838956939292003
  0.21908676294948662  0.22945091831826966  0.23928738622555246  0.24937344403859046
  0.25976474215498752  0.27040218380895642  0.28057109827247217  0.28948573749985629
  0.29905307134687925  0.30904528913312596  0.31959875022516232  0.33015096173389830
  0.34067216782810167  0.35120725552176757  0.36160748050231667  0.37208331816014290
  0.38247213852004547  0.39288575118970059  0.40326413558028412  0.41382766758270684
  0.42454527858880597  0.43533885593298755  0.44669827642382998  0.45817458970990349
  0.46943886758964071  0.48036843057568135  0.49087590862542313  0.50102699431687403
  0.51103886670650278  0.52139931844875531  0.53172439412638450  0.54212404467042197
  0.55248276871308699  0.56258890569897391  0.57277718285774415  0.58316981308565563
  0.59411209559545686  0.60514401892370129  0.61617902234854860  0.62698632731859394
  0.63688284953801799  0.64673536595970349  0.65678700260207501  0.66712524239486737
  0.67738768986921427  0.68740259740478959  0.69794734883979903  0.70871087789690679
  0.71954223808464612  0.73031608631986855  0.74100982135257254  0.75165535257439131
  0.76211806421541595  0.77242150487845207  0.78274923853838607  0.79316783636064991
  0.80377398995995564  0.81451457888671808  0.82546178408880122  0.83634594617883595
  0.84658695950025897  0.85691916346883379  0.86734031583669247  0.87749440098092579
  0.88743255363861751  0.89744648917635206  0.90758099058963215  0.91753823043537308
  0.92752921837169167  0.93760788176600895  0.94826407680937375  0.95887466955107892
  0.96918063274602728  0.97923116416244926  0.98938699287202614  1.00000000000000000
 -0.00235493063584385  0.00914978893817628  0.01950495390681944  0.02991680370919848
  0.04065141815280149  0.05145160592132147  0.06221138444555589  0.07302762335793353
  0.08348061170284665  0.09426115735607647  0.10433926531381765  0.11502578403386821
  0.12545398207112571  0.13644112338005868  0.14759991288295171  0.15891694158671324
  0.16980598609299380  0.18023227281622348  0.19049108687667227  0.20078459753121095
  0.21104411753345567  0.22161055253968948  0.23169946836697800  0.24171612249322852
  0.25152275766684501  0.26114942524309209  0.27076314404145146  0.28102543726759405
  0.29105129498625859  0.30256572602048548  0.31327033571002394  0.32403197713857496
  0.33404879035839519  0.34407921326387214  0.35429568541229711  0.36496196299260680
  0.37573588249405088  0.38663697669845676  0.39770936561181391  0.40925384228008643
  0.42056598090660041  0.43172744673704255  0.44285080815589850  0.45393622274837941
  0.46479435209210823  0.47549847069924828  0.48622639489831943  0.49664825176150246
  0.50700417546326104  0.51753980845786585  0.52804730143059853  0.53858084319133515
  0.54918194115347752  0.55974709528045608  0.57031242135636939  0.58093888142535743
  0.59216560621080994  0.60400058609017737  0.61584894457638240  0.62741106766972921
  0.63841058531319594  0.64900255406279173  0.65918538558879403  0.66969225886404171
  0.67998179341891241  0.68945196357681438  0.69766042728363353  0.70590711215503132
  0.71486375461337293  0.72474272422422736  0.73456166230021369  0.74435813230005676
  0.75420568994146375  0.76453194912622502  0.77482934757497679  0.78502112086786724
  0.79510984920769479  0.80599402193210956  0.81677154551038056  0.82774890228097520
  0.83854632416739494  0.84949073580164935  0.86005992272605736  0.87043482532652861
  0.88091777272258154  0.89182498780791641  0.90297341678116783  0.91393514321616809
  0.92495181268948823  0.93599264055660625  0.94664986798783746  0.95710631430003379
  0.96718942133824215  0.97771273392928193  0.98875290804066696  1.00000000000000000
 -0.00247584028605201  0.01015544843856791  0.02084174614636865  0.03105788284934161
  0.04134765353168974  0.05170289056727600  0.06183076636671030  0.07181396053988556
  0.08085740439410073  0.09080082245296149  0.10138014742127018  0.11275041665444013
  0.12414685783652595  0.13432324461569400  0.14482289957849614  0.15545244749566572
  0.16572563792233946  0.17551420020669845  0.18525777391713405  0.19545842851975725
  0.20600190343911495  0.21636287256436298  0.22658566268663269  0.23669389220067188
  0.24661529520377873  0.25669894821515510  0.26706527561362758  0.27774638069435825
  0.28858583519708736  0.29929186953407738  0.30980701256112686  0.32042123777342857
  0.33139770331061397  0.34249982851650218  0.35333243626283534  0.36374786848204255
  0.37403482929277015  0.38426541901657579  0.39433596028840207  0.40432523287530830
  0.41419308577490815  0.42409901388714827  0.43412457407964494  0.44421586529114443
  0.45434924355964001  0.46480071256784666  0.47577709574741256  0.48719424034277159
  0.49895500913016017  0.51040706290670956  0.52157760058623914  0.53245954787349203
  0.54332811379979407  0.55427732857519318  0.56493368471330496  0.57516421439633358
  0.58559948478367885  0.59606949249773933  0.60613239547975628  0.61622762130055020
  0.62639951353456458  0.63847349774779516  0.65015672372168221  0.66155766984378039
  0.67238729829059596  0.68334651952545711  0.69389193890066980  0.70470569415246664
  0.71544640199082010  0.72664862216335357  0.73803084813201836  0.74941382001074408
  0.76119960750673932  0.77280147890662165  0.78330659430194638  0.79373542083150983
  0.80416806756821524  0.81485287509481164  0.82615895203058465  0.83699210626149867
  0.84856387967398261  0.85911781176649404  0.87006320358146105  0.88055304731805717
  0.89090770124116858  0.90095260140679179  0.91065035296405539  0.92043681281946133
  0.92998413938094615  0.93933641072862284  0.94888720311681374  0.95831673700794173
  0.96855827223836310  0.97890607749570790  0.98933784172004702  1.00000000000000000
  0.00105337174946880  0.00358003923881250  0.00669458000215670  0.00939908316354242
  0.01188824572015643  0.01423963653427133  0.01649889026733537  0.01873028163130427
  0.02092642880114230  0.02306450469008732  0.02517394995377836  0.02730477025752314
  0.02938261541901142  0.03151457734829934  0.03358794077637854  0.03574334228338540
  0.03784633525537940  0.03992955807689358  0.04197788454460804  0.04396967104528852
  0.04592180420731762  0.04782930457201254  0.04958977297623793  0.05131562185246129
  0.05310161838531002  0.05498832509487263  0.05693891711938309  0.05893820991801987
  0.06093395739455275  0.06282892495003715  0.06471342288411031  0.06655993003379071
  0.06830394188267123  0.07011134393198221  0.07196036893657896  0.07381893281385941
  0.07577712316530287  0.07779975381996475  0.07980674759882166  0.08180493628043042
  0.08384503656897073  0.08596915490911017  0.08801945380183115  0.08996815500008379
  0.09192128920841458  0.09388535028408285  0.09591926438437008  0.09807686651138815
  0.10037692904576477  0.10244803153414937  0.10413027204181349  0.10575448706112753
  0.10736112550998614  0.10901003136126351  0.11057224428342666  0.11288149742708165
  0.11544394850026467  0.11802312672152120  0.12048878408821050  0.12298141828849932
  0.12553389430832876  0.12820962216428916  0.13096729809210841  0.13370438741679955
  0.13706787556335248  0.14043589670586840  0.14317128447572075  0.14597859440256580
  0.14875123443352517  0.15143468646015459  0.15453093713085864  0.15816774316208412
  0.16214544063442277  0.16590329090184378  0.16920006797023368  0.17270523730841586
  0.17669863481334777  0.18117965290144866  0.18569628658033466  0.19174715377361479
  0.19712938918648834  0.20197950003067061  0.20808798357553521  0.21467353429211072
  0.21840826244048331  0.22275076000894561  0.22951626490093727  0.23712254857577963
  0.24268095411164087  0.24815420863144408  0.25596013881084145  0.26678621480273695
  0.28227963875201012  0.31239853368947107  0.38068968920387786  1.00000000000000000
 -0.00243297701907530  0.00974369899454561  0.02003264110053430  0.03090700484645662
  0.04182702779760455  0.05281979657917448  0.06360172000671778  0.07458710838112569
  0.08612491987945610  0.09829383173792515  0.10997969181328603  0.12117646799196582
  0.13242480075712867  0.14410795441956917  0.15520224187738993  0.16595431334473845
  0.17653305479585502  0.18724672591655367  0.19830116322427582  0.20990348468618625
  0.22217507559686214  0.23444213026639613  0.24641397049582872  0.25832105011666806
  0.26991163796043183  0.28132895340297032  0.29260147498593875  0.30403942355527480
  0.31489817687807631  0.32578959772964200  0.33638996862042542  0.34711421461960112
  0.35738516409613486  0.36762646986224390  0.37819972507680255  0.38895034113981264
  0.39970628849265155  0.41049605387084503  0.42119444659121280  0.43168019887679937
  0.44149389752545021  0.45080102428158586  0.45998434965594370  0.46947346164523701
  0.47938667932919710  0.48960408924460991  0.49959164477439882  0.50922933737747766
  0.51879664156186711  0.52856785583032584  0.53884284841376506  0.54958283539851316
  0.56023035717839387  0.57052337344770054  0.58053781754453093  0.59080950407759769
  0.60124927478763723  0.61188168859081660  0.62212461692336885  0.63177162679065446
  0.64137353602450919  0.65096570023053280  0.66070715903989208  0.67046928518401250
  0.68045517644570519  0.69078131235824924  0.70087411605186223  0.71070718866926208
  0.72045162690125419  0.73037407211844818  0.74074934670310577  0.75074630919873286
  0.76179023101848553  0.77244786059081139  0.78326899141504736  0.79430002577151027
  0.80561052544392153  0.81637740393071334  0.82642220541865530  0.83647978318482907
  0.84717181194827174  0.85782888632826759  0.86834002957952883  0.87871903328668088
  0.88910897301097347  0.89925891010421233  0.90908609254249839  0.91921229863891762
  0.92975533326002358  0.94037501304882731  0.95054397458001882  0.96078157444332590
  0.97088886544963982  0.98079753353831223  0.99026477630696319  1.00000000000000000
 -0.01857846664588512  0.17932827077345631  0.23791513239638898  0.28132081528548286
  0.31519278801242062  0.34486298591643000  0.37151037604290116  0.39538360466623418
  0.41675651653457285  0.43634258692704586  0.45441000964299971  0.47169398240377286
  0.48774812405816653  0.50287522371010773  0.51718975414956025  0.53078528754456100
  0.54357406326686630  0.55574712815696836  0.56745557374535305  0.57873335612911025
  0.58963769974637514  0.60002009438825221  0.60970079179262460  0.61923616188408637
  0.62849252036129777  0.63769992268530173  0.64653608831694798  0.65507420634755398
  0.66340641340143336  0.67159628526663506  0.67957435765076990  0.68725961073641118
  0.69453027310538784  0.70153509412618131  0.70841807422273473  0.71517228585837533
  0.72189178156640421  0.72860336060378161  0.73485970335130035  0.74087624686392251
  0.74694728105247654  0.75295670670087333  0.75880592329436192  0.76459281880152674
  0.77025590477530126  0.77580549284929945  0.78127948319519913  0.78669805080777522
  0.79203877355948094  0.79727599438613095  0.80242609117474162  0.80749264056622672
  0.81237212378165058  0.81716001405648397  0.82190914805801618  0.82680030838231555
  0.83161263480332048  0.83625473915184190  0.84066027349478056  0.84490950737758441
  0.84915409162759103  0.85347823883316476  0.85796366339925534  0.86238225876724994
  0.86676663187724556  0.87118020446722944  0.87545213013574219  0.87955496019806734
  0.88354352456969443  0.88739097457174321  0.89117097337648588  0.89500853129268443
  0.89874332996739603  0.90250545878510424  0.90625478381429403  0.90992283658131645
  0.91352866384728659  0.91713649632227379  0.92079988267784618  0.92452443481375368
  0.92832556817388134  0.93198035912602883  0.93556945017842086  0.93918457953820500
  0.94285275532953827  0.94653973726526830  0.95020230848522858  0.95387213846458141
  0.95777961878615214  0.96174727029799123  0.96594533947882721  0.97039100230031095
  0.97509132554675537  0.98074664970861103  0.98845819265816415  1.00000000000000000
   1.5670031468797643E-010  -1.0000000000000000     
 F F F F F F F F F F F F F F F F F F F F F F F F F F F F F F F F
  <DiscreteSampler_grid>
  grouped_processes
  1 # 1 for a reference and 2 for a running grid.
  10 # Attribute 'min_bin_probing_points' of the grid.
  1 # Attribute 'grid_mode' of the grid. 1=='default',2=='initialization'
  0.0000000000000000 # Attribute 'small_contrib_threshold' of the grid.
  0.5000000000000000 # Attribute 'damping_power' of the grid.
 # binID   n_entries weight   weight_sqr   abs_weight
    10   10   4.601088725268146E+001   1.278737580721647E+004   4.601088725268146E+001
  </DiscreteSampler_grid>
