  0.00000244964157583  0.00000438789559831  0.00000569924769815  0.00000683789053460
  0.00000811180719545  0.00000960981949160  0.00001145240674440  0.00001335013873039
  0.00001492300424871  0.00001666350049113  0.00001853965323366  0.00002081715531882
  0.00002380328690581  0.00002744528397363  0.00003177308988054  0.00003585135056918
  0.00003932653415850  0.00004302315093150  0.00004686973933676  0.00005149239787203
  0.00005648055345873  0.00006228462067208  0.00006840059740457  0.00007463523516123
  0.00008092953913440  0.00008709886979494  0.00009421367040552  0.00010151943309371
  0.00010983565114706  0.00011915003067911  0.00012938668399556  0.00014098326885895
  0.00015416934376085  0.00016833565889382  0.00018307753115616  0.00020036065447235
  0.00021732365260500  0.00023229245141257  0.00025067836966121  0.00027340294242660
  0.00029798129191422  0.00032616086147110  0.00036033603213305  0.00040247567451209
  0.00044941764575477  0.00049388640041462  0.00054104683683686  0.00059374498373722
  0.00065483056418276  0.00072530319971210  0.00081283158846047  0.00092439329887554
  0.00107245242166172  0.00125016010643187  0.00139229441349742  0.00151422916595432
  0.00164130151962600  0.00181090912147428  0.00203580376922227  0.00233290441339238
  0.00267340779175850  0.00309231826838537  0.00361172525283855  0.00427527680252296
  0.00505085107773672  0.00600970886482822  0.00712661402992767  0.00846747243009244
  0.00988721707959463  0.01125460488516319  0.01266211724163121  0.01415302825326737
  0.01577414427152851  0.01767721266030424  0.01980415702417609  0.02234910024772210
  0.02552094742676083  0.02866890378298989  0.03155188807648444  0.03482042685861205
  0.03854066583665294  0.04397868680446872  0.04843137772768408  0.05319421086214277
  0.05790740605864476  0.06516622359336625  0.07268612049045758  0.07956688742676563
  0.08718138250474196  0.09908512125439313  0.11192608162832424  0.11373256107931215
  0.13214133780921491  0.17175982832760567  0.21137831884599806  1.00000000000000000
  0.00025034936106222  0.00032147500885840  0.00046156282795543  0.00061694812050337
  0.00077098389311394  0.00092421192873492  0.00108607246994222  0.00127461457010703
  0.00151301294343936  0.00182283434177072  0.00222563366361142  0.00265779724039688
  0.00306905525447655  0.00349225976631932  0.00396644256573509  0.00447352357682944
  0.00499102084986613  0.00554463901717388  0.00604806428595293  0.00664128713660008
  0.00726455343612649  0.00801330192068613  0.00896272675348866  0.00995125702942945
  0.01080493756822683  0.01161513354695055  0.01248192713652315  0.01341125251966335
  0.01435020725451269  0.01532938748003326  0.01626571489806179  0.01713047400359492
  0.01796540267696373  0.01890098770494392  0.01986320637223533  0.02080335662645911
  0.02194726006093996  0.02311690211815436  0.02433968334408619  0.02556058069662373
  0.02655428166977115  0.02738770456860450  0.02820166582163638  0.02917990034912258
  0.03026039139069588  0.03130890114765972  0.03246764895167741  0.03381610886529712
  0.03557198740271153  0.03772705734642119  0.04043556859737291  0.04366757916712878
  0.04600066675443076  0.04753767112510724  0.04875930964864349  0.04999446461389134
  0.05110009889715943  0.05232506801578967  0.05357244711709191  0.05499342757708679
  0.05652920650341247  0.05828826807369977  0.06032151333869270  0.06262616037522642
  0.06545511999055632  0.06842303650396066  0.07149475176420725  0.07396282605609202
  0.07577416341221252  0.07752488672356490  0.07920706442852497  0.08059804839206193
  0.08211095274690891  0.08368535239917084  0.08616756599737238  0.08914345414280417
  0.09186480259063626  0.09550094508326361  0.09908305961231574  0.10133865230242456
  0.10413754548098639  0.10685165516656894  0.10979360123358650  0.11276469782611689
  0.11671607035922910  0.12253063510923499  0.12757837980799611  0.13196579309073220
  0.13601358256943144  0.13963354229655620  0.14392288905195022  0.15020142728319605
  0.15940177991050170  0.17019492497255073  0.18163157735467414  1.00000000000000000
  0.00008340428542428  0.00023301277296103  0.00025311937308947  0.00027857558699432
  0.00030061269845059  0.00031224595810415  0.00032322574235108  0.00033455182814240
  0.00035067501369312  0.00037273917406883  0.00039910669748417  0.00042360135703197
  0.00044841027477040  0.00047815812876623  0.00052208503476012  0.00057919792498515
  0.00064225882274505  0.00072971016594531  0.00086258697410647  0.00105451426822443
  0.00131959938086958  0.00156999860950477  0.00183803413678603  0.00213190767049782
  0.00249010499171084  0.00291144824765275  0.00334563639192950  0.00386341802725984
  0.00438763018526046  0.00499397031864142  0.00552563574963423  0.00597259492715905
  0.00645506224138649  0.00698693252431691  0.00758068427789046  0.00819291424581166
  0.00876531881974623  0.00929224213370121  0.00974778304835753  0.01024418169684341
  0.01074260611862420  0.01131700636228583  0.01200834365600164  0.01274996675532781
  0.01340676923570973  0.01406695550835433  0.01471781412117766  0.01538192196955125
  0.01609061420984089  0.01686063571174383  0.01766201625177175  0.01850287181491769
  0.01941427815993671  0.02032387372574575  0.02119685540874390  0.02206460600893155
  0.02296894264437412  0.02394142999409017  0.02497239517672078  0.02606533860599180
  0.02711516508825977  0.02815777664294156  0.02936566328862020  0.03078230156233849
  0.03225540072246563  0.03371167935944135  0.03520942374156882  0.03710572949644329
  0.03887137753321614  0.04118512930252852  0.04355561393331078  0.04598786316674137
  0.04853256744719960  0.05123692225892003  0.05421523880259286  0.05755875857904508
  0.06013791757245144  0.06325172800393337  0.06693544458437803  0.07108834466379028
  0.07560175021988612  0.08019136020258599  0.08476404946284521  0.08821383817849229
  0.09206216848866655  0.09598420213441311  0.09985239253781189  0.10597262314804630
  0.11202792043539907  0.11846976923482970  0.12429763617179937  0.13058684237064550
  0.13708856301024436  0.14834130330828779  0.17325630803194153  1.00000000000000000
 -0.00258128180869802  0.01043032785146200  0.02027967568728485  0.02714178335770521
  0.03309792954867981  0.03920643006801298  0.04515364747443853  0.05345034262355097
  0.06239150239066095  0.07238099359937507  0.08330847680868164  0.09543138458583959
  0.10805200251448795  0.11886599797461546  0.12845711610477847  0.13757098021530983
  0.14814835902913473  0.16108842288176872  0.17540620860673073  0.18971451965555383
  0.20310036833467490  0.21519535025019379  0.22563987368356964  0.23497720656930746
  0.24379740207902065  0.25344888748738154  0.26411288979882858  0.27368480907217380
  0.28393859446115671  0.29491494110069033  0.30713526927844181  0.31813067369544656
  0.32810632561018771  0.33857139302079786  0.35013457568483169  0.36250441121953669
  0.37419871493541473  0.38499329060938314  0.39512261298108586  0.40412816264439039
  0.41419362717389824  0.42461807508034394  0.43590774746403299  0.44711245984950959
  0.45772318524054006  0.46735834676727667  0.47612455954748317  0.48439941547876508
  0.49288527909926244  0.50274527403358449  0.51723491754724094  0.53466829941857097
  0.54936175334642723  0.56263355585235741  0.57616978036448974  0.58988254448771293
  0.60344712090610697  0.61528539066786525  0.62693689093684823  0.63891766398475391
  0.64918788056377219  0.65698054383168647  0.66502393507849744  0.67549056075357261
  0.68761640211039898  0.69876474149452172  0.70861860025637546  0.71870930485401707
  0.72919500521397695  0.74034177759475817  0.75077834936628274  0.76292303187610633
  0.77361371558569003  0.78455131865057381  0.79465685437245959  0.80506018037425486
  0.81586329358378784  0.82486401255736819  0.83262965955180512  0.84011354192486232
  0.84827969697695138  0.85844227384315097  0.87034607458934721  0.88234511113516045
  0.89513865510352408  0.90835701814547043  0.92167896046161069  0.93466974949028558
  0.94496706337980585  0.95380662850569364  0.96140699363946303  0.96816342337171413
  0.97620740789916738  0.98460234560446769  0.99262454168595282  1.00000000000000000
  0.00235496277731124  0.03468177376277883  0.04977892401477977  0.06046981860097003
  0.06918693510451121  0.07647201320758863  0.08300479306112181  0.08919491387136312
  0.09541347022465300  0.10173497031872736  0.10780704515088815  0.11288354841128154
  0.11747899630308573  0.12188647320378139  0.12613299631351244  0.13010776602692509
  0.13343372890670677  0.13672167092990389  0.13953985384649073  0.14239838675673935
  0.14564444768245588  0.14905577337264289  0.15240179923020422  0.15579566870235678
  0.15932873226428468  0.16290339748726412  0.16658501570550205  0.17096974778477331
  0.17516238286047142  0.17879446749698238  0.18209129423589515  0.18535946891039912
  0.18841631595250738  0.19129055533164191  0.19427421324265073  0.19726907048689934
  0.20036291125440947  0.20382029697392459  0.20753028183428063  0.21112306842010989
  0.21458446848270180  0.21746528821850097  0.22018136056718318  0.22288459770544497
  0.22593195246820691  0.22885276359708795  0.23178538737579646  0.23465184183326615
  0.23746727096511358  0.24045714540539276  0.24351384481198241  0.24688405863964002
  0.25000017325474655  0.25211568617400010  0.25421889576779433  0.25637077665599484
  0.25857919464729157  0.26149593903526114  0.26458612666172671  0.26746615648427691
  0.27043882724782453  0.27355715769506894  0.27632026550545347  0.27860057345799349
  0.28093083278386977  0.28342320187623721  0.28586437752325672  0.28860231995195895
  0.29205185387734350  0.29567238374053545  0.29846914198607211  0.30154716300541928
  0.30483411377900343  0.30769274644432948  0.31134441110385169  0.31548526938865590
  0.31953953319239442  0.32292428592723482  0.32587142114595119  0.32862346297409278
  0.33188895273180952  0.33547751389891595  0.33953994194526371  0.34400915296392010
  0.35005559554730259  0.35332015442928649  0.35574756390837708  0.35867683347701473
  0.36185884938470303  0.36502909163600811  0.36834519106203983  0.39988537873085628
  0.45481695676153905  0.56985044844277266  0.63586614902987004  1.00000000000000000
 -0.00253167953728147  0.01033996874146275  0.02127077383623505  0.03186397898398172
  0.04213351180995548  0.05211500647046895  0.06115525469913454  0.06907544792398207
  0.07682948918224146  0.08530388375467486  0.09483338228121808  0.10630913786732241
  0.11689692160224491  0.12575787327759974  0.13494215325976980  0.14500032283889888
  0.15875773984193581  0.17426784397830575  0.18908198190740641  0.20211972055313568
  0.21379586350232693  0.22456589177073952  0.23556641640743883  0.24740617934929321
  0.25708864429781758  0.26687640568947207  0.27700551717274646  0.28908004879345323
  0.30245164476446007  0.31527791068017774  0.32772481051918512  0.34047005419768089
  0.35331677187926130  0.36609359897347332  0.37978202587312426  0.39203790987397708
  0.40192044816151673  0.41037905147365378  0.41877528664432961  0.42754950517104656
  0.43723918387908889  0.44729511047241660  0.45664601083392886  0.46528620047835417
  0.47211473008514071  0.47971220403148357  0.48914985833886132  0.50102987203594385
  0.51232269379578199  0.52354962252627946  0.53515300341464311  0.54828511043930339
  0.56214186959843837  0.57625844538274418  0.58988715794572377  0.60221432011215004
  0.61348674606582398  0.62367765451338719  0.63424480040585562  0.64465739411653322
  0.65449381206902701  0.66287177548122567  0.67365852008090854  0.68255438919977551
  0.69109416655785705  0.70001920388095751  0.70874764423355974  0.71807329539579368
  0.72761706963271833  0.73710132104800197  0.74887030332984073  0.76219449267724293
  0.77772212135224661  0.79032615712698495  0.80112660250822820  0.81097957212014593
  0.82086885415360233  0.83065348352463553  0.84041285494655726  0.84981884970920363
  0.86098879842413079  0.87338716494955349  0.88479512790669479  0.89458638867942508
  0.90277655977813942  0.91110399466417191  0.92042509640027415  0.93007550716486165
  0.93997925492427736  0.95018559497244137  0.95948297074351896  0.96782511687752248
  0.97485010393240668  0.98238770046328483  0.98993945827813523  1.00000000000000000
  0.00109906345389289  0.00692033270423295  0.01250390743479421  0.01699423264159109
  0.02097752739605798  0.02455127576698457  0.02793569305129652  0.03120297335166084
  0.03433391567651198  0.03742257233781615  0.04029590923404586  0.04277977954472955
  0.04484871868809855  0.04679642647809321  0.04865182168058326  0.05046867234547592
  0.05250865285389838  0.05449312704483333  0.05655951848742932  0.05873932290631285
  0.06093499446340098  0.06300116524315985  0.06485799197263811  0.06678256545396502
  0.06859338639104182  0.07027910398470139  0.07188969188352620  0.07347720445758615
  0.07520721526116966  0.07712097017406018  0.07880914107580907  0.08026153175433613
  0.08186754964307401  0.08340823661128091  0.08511716115892552  0.08691596352420307
  0.08862282144478786  0.09047544535586466  0.09225104357343666  0.09384183523453296
  0.09536776709406025  0.09686870437947057  0.09864243885985687  0.10053026710659632
  0.10235815328987907  0.10430467123446295  0.10634290657619312  0.10871281249800474
  0.11144398612672672  0.11470931362943285  0.11764128941551233  0.11983217585430705
  0.12206158960324699  0.12383135708159516  0.12664888254540935  0.12988009098966666
  0.13305218880070452  0.13648146285386684  0.13978948431532384  0.14315107735174265
  0.14630869480042155  0.14944290086002060  0.15292876911902381  0.15576773239711222
  0.15722139469636523  0.15872998455473103  0.16014111166766604  0.16155149811159514
  0.16294415531339623  0.16424070187548345  0.16692915606834613  0.16935225987179384
  0.17137534925878536  0.17356055607466167  0.17572651425463676  0.17761405328726224
  0.17965176849673303  0.18162924077198406  0.18341882053252739  0.18645417940308748
  0.19176478660030230  0.19594637959410668  0.19956196790518266  0.20284506136656485
  0.20753054953865246  0.21340362777327648  0.21959132548040811  0.22558786430254116
  0.23142596658159212  0.23600872401539344  0.24019473107195674  0.24518535372553027
  0.30344503735182127  0.36170472097811224  0.55565652578879376  1.00000000000000000
 -0.00148645772862131  0.00531020741005941  0.01224562891626533  0.01894976225091357
  0.02538937357779040  0.03279645717952324  0.04055520827598655  0.04861763401764834
  0.05804835933506991  0.06919282595095386  0.07998421382178932  0.08994574766395246
  0.09865765322865980  0.10630378130964670  0.11355596848029949  0.12137189920472119
  0.13110503859749345  0.14312707277537826  0.15640544336164589  0.16833534971414668
  0.17986266873486587  0.18737823087826108  0.19392657545599826  0.20025202627376801
  0.20748757255405684  0.21765362605224794  0.22853658876473512  0.23952178963221962
  0.24944067250866112  0.25932615862772457  0.26943274545955004  0.27986719987389808
  0.29050947602132932  0.30053726458931040  0.31102761162786929  0.32295042551605130
  0.33537372807816407  0.34761312601811978  0.36071834769789790  0.37378934596438734
  0.38393170534539633  0.39451501278608936  0.40443164966142253  0.41397005763468808
  0.42359234824619391  0.43289146983714710  0.44319935312214392  0.45487637919758306
  0.46747805424672639  0.48246053592957194  0.49897748008917864  0.51501641559931366
  0.53273192643756107  0.54987350465189477  0.56414340061139812  0.57725233486961214
  0.58882591640547988  0.59931469257980385  0.60890164755989673  0.61784215498345307
  0.62670076903378436  0.63706294375217110  0.64743285795325567  0.66161813647185608
  0.67612624309193747  0.69153407280148560  0.70893062086065584  0.72612538970952623
  0.74174811615526048  0.75386744120430249  0.76372974820560036  0.77235038981843074
  0.77904229769586431  0.78577857859006284  0.79445722275579111  0.80398804355247966
  0.81342413757547727  0.82268950303275257  0.83251465748529274  0.84353929439906605
  0.85414380470467111  0.86605416302308380  0.87707974920310572  0.88799950801168970
  0.89888970550562541  0.91026318484399227  0.92149376793915860  0.93232237248559913
  0.94375183902205784  0.95443024079338634  0.96248534456227830  0.96929101208308488
  0.97641691720626256  0.98396510022119377  0.99228509741055149  1.00000000000000000
  0.02806402086653777  0.39675627026205351  0.51829163465182804  0.59047911345556292
  0.64092511154580867  0.67870654212685255  0.70908631808354194  0.73532054228033572
  0.75773161594067373  0.77600976923261455  0.79173712655692918  0.80666948608814082
  0.82012562181448589  0.83079837047602467  0.83977686151786779  0.84919638697738464
  0.85797955834312212  0.86530353475630140  0.87218378664195284  0.87811981279165197
  0.88395291692228295  0.88912696279175052  0.89423679271497758  0.89877563246815440
  0.90294573167124448  0.90680825649746766  0.91059560169156517  0.91436784025686479
  0.91771870014303614  0.92070310036387504  0.92332033931123247  0.92575413525595185
  0.92829713129465774  0.93078049784892858  0.93313400607223806  0.93542629364584196
  0.93755039887419245  0.93939720368973945  0.94136322829116592  0.94338264565766528
  0.94523252622609444  0.94691552505408438  0.94842069238872306  0.94981751054441510
  0.95112909947782232  0.95246256684193864  0.95384696807518254  0.95523759109578799
  0.95660433677838574  0.95790782219205806  0.95909574838192380  0.96023833268559411
  0.96125626447855639  0.96226246031081419  0.96333948663507551  0.96436037799562535
  0.96528925042517866  0.96614509454146458  0.96691396265611784  0.96773641862833704
  0.96859682530785796  0.96949684724089091  0.97045162793206574  0.97143779154619181
  0.97231309997976501  0.97317847097082932  0.97402227953055676  0.97481740980696208
  0.97557229375552568  0.97632571123622247  0.97709911872299504  0.97790133487409425
  0.97871887937832647  0.97952874306856841  0.98023855153665729  0.98090878286560101
  0.98157327865249344  0.98224873403687418  0.98298029843348900  0.98372341491056625
  0.98445940446347213  0.98516698706971395  0.98579311708297279  0.98639985895132543
  0.98699013869397711  0.98756651714338672  0.98815855492819693  0.98876458116547483
  0.98940683022339004  0.99009144917296543  0.99079355319048557  0.99188526638307173
  0.99319117467428775  0.99476765516271415  0.99674171883755169  1.00000000000000000
   6.2756712775988111E-017  -1.0000000000000000     
 F F F F F F F F F F F F F F F F F F F F F F F F F F F F F F F F
  <DiscreteSampler_grid>
  grouped_processes
  1 # 1 for a reference and 2 for a running grid.
  10 # Attribute 'min_bin_probing_points' of the grid.
  1 # Attribute 'grid_mode' of the grid. 1=='default',2=='initialization'
  0.0000000000000000 # Attribute 'small_contrib_threshold' of the grid.
  0.5000000000000000 # Attribute 'damping_power' of the grid.
 # binID   n_entries weight   weight_sqr   abs_weight
    10   10   6.249868269597951E-010   9.762422160076495E-019   6.249868269597951E-010
  </DiscreteSampler_grid>
