  0.00011573455894599  0.00023682767295026  0.00030015523260158  0.00036231513988679
  0.00043322925822014  0.00051126871794118  0.00062922009041106  0.00076716347536822
  0.00091987642085417  0.00108439705976823  0.00125472327344826  0.00146082333361605
  0.00166712081303094  0.00188208876647161  0.00211111680946457  0.00236326963875220
  0.00267303522306370  0.00299254143789122  0.00332327290833025  0.00366514155195452
  0.00402066291448987  0.00439554641734089  0.00479497526012616  0.00523341165569833
  0.00570515252510353  0.00623268285438301  0.00682685185001007  0.00742823538883848
  0.00804364675583976  0.00870086002899318  0.00942700360528264  0.01025443891786299
  0.01118259027578756  0.01203750657632333  0.01283374976010873  0.01361329738164548
  0.01444177809616437  0.01531264149700259  0.01623855879773373  0.01725187546827281
  0.01831809453392757  0.01945274882302431  0.02068317081356217  0.02189992270664608
  0.02306271983495233  0.02435643923910700  0.02568461112245816  0.02720131296414684
  0.02889045402651304  0.03067680413269199  0.03235074902710040  0.03403705101469232
  0.03582737221328412  0.03778449484208884  0.03963428429443059  0.04152107290959163
  0.04335007539081026  0.04520537838670228  0.04689909747686783  0.04808299728609595
  0.04914589855556854  0.05002227271769412  0.05088673535131512  0.05210452196355393
  0.05366968948345981  0.05538115749780945  0.05702581230272223  0.05873060816476554
  0.06058080761039503  0.06247391363363865  0.06440850727747641  0.06605014159983907
  0.06777678276008012  0.06960238756623467  0.07115588428568564  0.07236470474757599
  0.07349887144038916  0.07553804977601150  0.07803224993120947  0.08061646018098689
  0.08365844318911245  0.08759266220088618  0.09178918954015121  0.09567864592920862
  0.09945334626668145  0.10352168880444543  0.10802374830608086  0.11359871242372620
  0.12067566038349298  0.13045522692251890  0.14075292773268760  0.15384988235358224
  0.17710499847043640  0.22938674328460221  0.35792219564757638  1.00000000000000000
  0.00000330463200700  0.00000398956090168  0.00000453538296424  0.00000516656433609
  0.00000583742513058  0.00000663365733607  0.00000756654633800  0.00000853970047659
  0.00000949892127825  0.00001079545140090  0.00001243309634918  0.00001468690379886
  0.00001746044190189  0.00002034528391956  0.00002319930770406  0.00002632521028631
  0.00002986751947252  0.00003367989546704  0.00003772101580777  0.00004148761971435
  0.00004539093172412  0.00004950589353915  0.00005420283704645  0.00005956737703162
  0.00006508268514806  0.00007062006249555  0.00007646503919709  0.00008204603072360
  0.00008752760490172  0.00009398393390170  0.00010149836862452  0.00011067778219323
  0.00012087297530905  0.00013028288243604  0.00013967290397948  0.00014871552847007
  0.00015755810547660  0.00016521045547684  0.00017222273080608  0.00017937729542180
  0.00018712223889638  0.00019585560508238  0.00020482449850120  0.00021367348407943
  0.00022232365337567  0.00023137643297831  0.00024106258043429  0.00025138231859150
  0.00026507978392363  0.00028157290457110  0.00029939419584645  0.00031764742269302
  0.00033584113087928  0.00035421024184691  0.00037220800196333  0.00038939630457213
  0.00040955614964991  0.00043155633199240  0.00045485895718245  0.00048133421489312
  0.00051105628051386  0.00054543049229818  0.00058978258037362  0.00063973361862456
  0.00069153245350250  0.00074071319814856  0.00078780745116364  0.00083662501595674
  0.00088890781284180  0.00094416721775863  0.00100676206160787  0.00106513992771535
  0.00111687109597184  0.00118632041846298  0.00127208425473204  0.00137579952925754
  0.00150174104136799  0.00165252184272703  0.00182804387386297  0.00205206034699677
  0.00230175781721194  0.00259745593081239  0.00295763909651569  0.00342602680453330
  0.00402769068016688  0.00471331343411062  0.00563358232636322  0.00694164152736124
  0.00875248529133748  0.01137477371600835  0.01466001709046582  0.02019753168569812
  0.03254153971727437  0.06507413890713748  0.23391705074834471  1.00000000000000000
  0.00023128821610987  0.00070009208347549  0.00107283820880356  0.00151894303408466
  0.00203697517603897  0.00265323457020683  0.00332160715252295  0.00404722854967500
  0.00478182687102545  0.00558151995742865  0.00645530409957100  0.00748900254550255
  0.00850707660288717  0.00958241450432169  0.01075196182040971  0.01185557508873587
  0.01288127591046190  0.01383714203209169  0.01491707666374717  0.01622441514597784
  0.01766807274042451  0.01905043011896077  0.02040196647546586  0.02188079436617335
  0.02348330109982286  0.02522053008131010  0.02702967203519771  0.02892933154890186
  0.03035593413575883  0.03180145855419932  0.03313716762126986  0.03457523302215141
  0.03603860035133237  0.03765644501616749  0.03929168020150567  0.04096318936150903
  0.04284491316403208  0.04488393154430190  0.04680160710898993  0.04880561636925720
  0.05077338164239289  0.05289228329089921  0.05513260971410913  0.05756864960414874
  0.06008985433696457  0.06276778676772148  0.06545748043817534  0.06766196393368878
  0.06946892811791819  0.07113216076337688  0.07278398298221694  0.07424388329959548
  0.07559273658536743  0.07708138913668890  0.07872518928067075  0.08053529673676237
  0.08200954975293294  0.08338960999088516  0.08485292036100445  0.08657172701140325
  0.08851653210906850  0.09044613297641388  0.09191454420251202  0.09441960344948772
  0.09829449042641669  0.10353824127839939  0.10929969904515253  0.11497739104384012
  0.12071113247199837  0.12580450896505391  0.13025286672543493  0.13570303144649548
  0.14259106877511596  0.14997995160350389  0.15800595553426608  0.16683407246445456
  0.17644113278053392  0.18605129760016187  0.19565150550973462  0.20555370566337963
  0.21436451446490468  0.22264670992500232  0.23185521231284711  0.24110940659658320
  0.25041630333819798  0.25793949811213912  0.26538792301050373  0.27456888083016512
  0.28505684572022355  0.29461428194370093  0.30268467891997608  0.31060255659109032
  0.31946726453144136  0.35830276189077964  0.45061542993334586  1.00000000000000000
 -0.00385009002824025  0.01107262970609419  0.02453983061821596  0.03772157595926143
  0.05091179941636358  0.06339183760121733  0.07608556792840873  0.08941630152412720
  0.10250830206292863  0.11411574014537948  0.12530867279161845  0.13681577408292789
  0.14973569243742682  0.16270951203952830  0.17544496029501491  0.18827237893008442
  0.20133957467759256  0.21377958663346200  0.22557339758039383  0.23745768997921415
  0.24912912031927442  0.26111924684425569  0.27371841864792984  0.28687024204893724
  0.30124396067347203  0.31517898556774465  0.32917220475659048  0.34298566974605643
  0.35681683331166669  0.37114822341988823  0.38618623491600146  0.40095568121851977
  0.41405104251171593  0.42779356904681659  0.44182979680307677  0.45325775795969209
  0.46110875330491324  0.46757114349776924  0.47526468663639959  0.48471480965948111
  0.49346064920598354  0.50146849255016246  0.51026451266923112  0.52025600541882011
  0.53084024133486041  0.54245889477721509  0.55483127025024703  0.56722897277218387
  0.57846328092477906  0.58801241612991040  0.59659354320010971  0.60419507080375878
  0.61202211900015502  0.62096366004374337  0.63014137570861006  0.63946712916223036
  0.64998917533883460  0.65797225043725660  0.66485325082323976  0.67221296330662761
  0.68108479496899732  0.69025953889846159  0.69905806339176535  0.70864775870764607
  0.71856152449166744  0.72736461422657572  0.73604962493380255  0.74543263135563997
  0.75471890739588565  0.76217865035670240  0.77035330430393245  0.78017505518247987
  0.79190251513716314  0.80269057855255943  0.81336952992427169  0.82464063383665487
  0.83582012491156432  0.84832886632910820  0.85678851577718818  0.86311890314371653
  0.86948727620109734  0.87607589755484316  0.88359867022807137  0.89149530697674562
  0.89735696880874349  0.90343668366994678  0.91091158740415112  0.91931346137254633
  0.92876256945131264  0.93801006939428810  0.94597646346836750  0.95451482988476610
  0.96483868318451049  0.97736373917606401  0.98946851810151992  1.00000000000000000
 -0.00377533731858384  0.03187836728048106  0.04836802230718060  0.05868572636517344
  0.06752933561368257  0.07580399539101411  0.08354823792516872  0.09015485191426996
  0.09597154601470480  0.10141631610510000  0.10641191655023328  0.11135882975371308
  0.11627219483151621  0.12147370095465154  0.12664127267440764  0.13115671074857302
  0.13520307269526763  0.13887808730093079  0.14291474479748509  0.14690784541939667
  0.15044345934570488  0.15423843351740449  0.15817371792872895  0.16271612767307930
  0.16702440684524647  0.17131042568626126  0.17531857287925517  0.17944191494005352
  0.18331048972323158  0.18694389003863071  0.19034611524507788  0.19357559513499223
  0.19685308185266703  0.20022229020537688  0.20354993880982480  0.20679967197358362
  0.20993759826132127  0.21339501289995200  0.21688132487555345  0.22015710375673270
  0.22384389496580645  0.22768906020557167  0.23124959742570153  0.23473228419815023
  0.23856727886292622  0.24236880011781067  0.24477363526978366  0.24805831129885675
  0.25169998885553491  0.25609387490737401  0.26177772613131245  0.26944390538765950
  0.27875574533939168  0.28697248148247950  0.29374964928786718  0.29934748948208195
  0.30452403412177198  0.30939578840596815  0.31429958617189713  0.31896250652036034
  0.32333765895589933  0.32757734488245560  0.33236199521477139  0.33469928041108465
  0.33626742831963141  0.33783127628194254  0.33955616881795780  0.34142849025216337
  0.34376685999078171  0.34612727457055392  0.34819873718356664  0.34992692479062687
  0.35146183058690883  0.35335342341831172  0.35652093740367091  0.35946036439197854
  0.36248417506493308  0.36543625374097177  0.36844596266004542  0.37249123168735260
  0.37595946818777404  0.37808660140194672  0.37986785226501224  0.38269061412420291
  0.38558478878536911  0.38714876991981195  0.38741636463210843  0.38920072528649818
  0.39548720246195418  0.40151429525111315  0.40740717103684959  0.41349116777411310
  0.41955436200646684  0.44685728860644680  0.55681867055767387  1.00000000000000000
 -0.00112623685603367  0.00600381150506028  0.01336604018148236  0.02136461580738513
  0.02958807839973188  0.03765645647399230  0.04749970224013577  0.05956492022758308
  0.07069333228891066  0.08098122275686681  0.09135767476383831  0.10115700063793122
  0.11055813837219315  0.11938718296987171  0.12810049279675451  0.13685979782164281
  0.14606371082485076  0.15540205965089640  0.16337542617901765  0.17176114078079180
  0.18125715010618401  0.19414079444395471  0.20841259702624246  0.22048564886358885
  0.23175177692868745  0.24289035046160593  0.25229581097352682  0.26033436402954413
  0.26780450903708425  0.27646474598786380  0.28506942133989049  0.29428975714138933
  0.30497116500555455  0.31571577079629676  0.32723490090284169  0.33811487095945492
  0.34875096978010012  0.35905797496075359  0.36931835555794262  0.37822665726559090
  0.38817028515631663  0.39759852061174711  0.40830555957282755  0.42041673802215296
  0.43489820314519406  0.45030443130772313  0.46530056295926042  0.47474392547286876
  0.48428877055628405  0.49469371833924936  0.50556475988099991  0.51917953573648978
  0.53449310471881351  0.54874020613850250  0.56193591735275239  0.57471242003173861
  0.58728531179647481  0.59960490583246928  0.61110062604892390  0.62146464667642121
  0.63106242392612977  0.64099094999701256  0.65185170364402945  0.66291887227283608
  0.67432420810152527  0.68363336953099174  0.69165454111059776  0.70136446630393823
  0.71081536866147477  0.72042472967326088  0.73344988552702683  0.74676202693144922
  0.75950463135515511  0.77095525129755027  0.78137413031059355  0.79153319148453338
  0.80223946788172829  0.81359376258700666  0.82533003507673097  0.83818319203533576
  0.85020285809635787  0.85978786960412423  0.86793595228145171  0.87673815041233460
  0.88624480789710458  0.89510822473011198  0.90393295717903621  0.91266262749877403
  0.92389484610629580  0.93587562464153107  0.94647247182252192  0.95494998927750718
  0.96373228884883611  0.97399787220540202  0.98612299859791186  1.00000000000000000
  0.00044766457543832  0.00981649086218654  0.01691859558359626  0.02212092958176728
  0.02643358747568575  0.03028765419309803  0.03373870181938831  0.03700922111749710
  0.04025734826328257  0.04298818679546771  0.04540875972713335  0.04809796796186054
  0.05077851689514254  0.05350944528407618  0.05615223742844607  0.05867124614273206
  0.06112799674449237  0.06361033396911174  0.06606888212643615  0.06850314963756413
  0.07094672311257399  0.07319573061325070  0.07519702209659115  0.07722428125406876
  0.07924205872359345  0.08108114824587399  0.08276152377203488  0.08441919565134202
  0.08613685939332844  0.08798297705714146  0.09007374449522138  0.09229314683732967
  0.09476993435648924  0.09748974916303300  0.09975489847735658  0.10160519946067968
  0.10361796494035265  0.10567477481281852  0.10793044670211235  0.11023366579538790
  0.11270109076244815  0.11539796795518033  0.11773608749510592  0.12007656827909631
  0.12261869701551327  0.12517452492301784  0.12854410697841392  0.13188560887037737
  0.13513456835230805  0.13840382286514527  0.14178326369892516  0.14560221806943954
  0.14910465198602602  0.15255533265643162  0.15563426790418539  0.15852620857167549
  0.16125310507457016  0.16377781527902224  0.16611225024691584  0.16814670111087404
  0.17016642054078734  0.17248245979045068  0.17497283614018691  0.17738694779646472
  0.18078812082154649  0.18379171962053287  0.18630308871850512  0.18839819493225965
  0.18984543988208163  0.19160340846361573  0.19332985796829597  0.19507434402463311
  0.19752062469593160  0.20172377601614147  0.20646709325691204  0.21162683436133814
  0.21733607254687259  0.22248726290400367  0.22722517912508808  0.23270354394381196
  0.23933976368511814  0.24872222630384999  0.25825334074725209  0.26733829292501221
  0.27237295233149433  0.27562196376512677  0.27821129703649627  0.28098869930977277
  0.28430589454452676  0.28693003254365829  0.28998185278116229  0.29456912567069315
  0.29965428234123986  0.30460357407130517  0.31110841754822199  1.00000000000000000
 -0.00115962328627411  0.00650483235822275  0.01435243554448453  0.02338624506963250
  0.03263695793886589  0.04260010067937023  0.05270474537991762  0.06160292553400338
  0.06938938271082490  0.07698788783923141  0.08573938586358650  0.09445087627278434
  0.10132158636397988  0.10628135403893214  0.11129101047397075  0.11660527128807920
  0.12375212131982197  0.13305405379768717  0.14357424039289143  0.15398137793257829
  0.16294522952281093  0.17053357795507801  0.17720632981682985  0.18415749412576984
  0.19181500758635486  0.20027810758377898  0.20886204361931740  0.21776291357179414
  0.22653920500309241  0.23582401174579604  0.24547320209346349  0.25502525775697166
  0.26410511937782383  0.27302489220118381  0.28260854603340424  0.29252863426479464
  0.30273526556675251  0.31381803348753545  0.32569159826182359  0.33966945050448272
  0.35718693643588428  0.37513328305679150  0.39205033749293278  0.40514818626328319
  0.41891816175563579  0.43178314122475842  0.44594301324430624  0.45787305153499913
  0.47149725342190968  0.48472916383286113  0.49905663376503900  0.51449019899781956
  0.53275526690793262  0.55018362420448874  0.56491773755722707  0.57588681788880802
  0.58626603505675001  0.59821301136834459  0.61289290056025159  0.62658236123908762
  0.64028665575136912  0.65335777554306818  0.66623521956349374  0.67981286859966683
  0.69195853140812535  0.70279130252245203  0.71317216592349764  0.72316350384017758
  0.73273405111177614  0.74332099215222469  0.75441427851874143  0.76547034283128812
  0.77394407390000808  0.78128489718296723  0.78741096247973685  0.79328385543638757
  0.80005416822095743  0.80880275427486636  0.81861345866206980  0.82819639564943581
  0.83795985960402231  0.84789631110599606  0.85772322515471644  0.86725854009784642
  0.87607252412039005  0.88417339454869370  0.89287430527267930  0.90301148794003172
  0.91373405963936505  0.92522749965464179  0.93603898370740746  0.94731777979472731
  0.95846281342795403  0.97026363372713975  0.98156222327286080  1.00000000000000000
 -0.05213616941507931  0.63537832392118376  0.74439508081210515  0.79819171603224970
  0.83489142938401795  0.86006454135199806  0.87862847992675330  0.89164953169207251
  0.90269164053428519  0.91270322720728292  0.92042963822055590  0.92649499301373195
  0.93221017591598010  0.93734583155747253  0.94125179361831979  0.94459891158935871
  0.94780939706985223  0.95067409930178748  0.95310066644453673  0.95542703177719224
  0.95757747434171014  0.95925100414967202  0.96062030667346932  0.96187596631042893
  0.96312192480510306  0.96432009788437845  0.96542080409890618  0.96644353689608964
  0.96743873796595148  0.96843140119517368  0.96943249718930835  0.97040213216448190
  0.97132078810190658  0.97218978125392885  0.97302919548481381  0.97382729126234990
  0.97457032906970309  0.97527546528400488  0.97593339077221641  0.97653822915938637
  0.97714638509273066  0.97776803065918971  0.97838242413886456  0.97894388783803721
  0.97948067410211570  0.97995621251083953  0.98043101140223787  0.98084233202010829
  0.98122901606880752  0.98160495332020858  0.98197897515693766  0.98235420523879324
  0.98272039411116852  0.98306537621847767  0.98338945010727308  0.98371708917392120
  0.98406989249785082  0.98441930094825802  0.98475289736147498  0.98508280737425991
  0.98541424324715021  0.98574814063837313  0.98610809198783544  0.98647334242700147
  0.98683580921687553  0.98720173711978121  0.98757346468363116  0.98794177714664377
  0.98831235169788589  0.98867841419596658  0.98902724300025668  0.98936274295585147
  0.98969669946963146  0.99004577315723752  0.99038751628115906  0.99066386535038753
  0.99092894748891458  0.99118490721972830  0.99143248916520699  0.99167138663413390
  0.99190546697334681  0.99214803084965453  0.99243360755667065  0.99274660719473740
  0.99307410968261156  0.99341460785361813  0.99377633156733969  0.99414102351663070
  0.99453177903250423  0.99496595702300195  0.99536002676240887  0.99585046383527376
  0.99642125165115547  0.99705614964667588  0.99803286089744292  1.00000000000000000
   5.0374567143019240E-021  -1.0000000000000000     
 F F F F F F F F F F F F F F F F F F F F F F F F F F F F F F F F
  <DiscreteSampler_grid>
  grouped_processes
  1 # 1 for a reference and 2 for a running grid.
  10 # Attribute 'min_bin_probing_points' of the grid.
  1 # Attribute 'grid_mode' of the grid. 1=='default',2=='initialization'
  0.0000000000000000 # Attribute 'small_contrib_threshold' of the grid.
  0.5000000000000000 # Attribute 'damping_power' of the grid.
 # binID   n_entries weight   weight_sqr   abs_weight
    10   10   4.577052605061394E-013   1.971660093573283E-024   4.577052605061394E-013
  </DiscreteSampler_grid>
