  0.00183406768118920  0.00820851321590956  0.01572467838278412  0.02500492441851128
  0.03780202680708884  0.05067050886414762  0.06260463514819449  0.07399974787595327
  0.08572832021678002  0.09867605689651104  0.11181443883870464  0.12414428585183916
  0.13599407582118722  0.14847844412882222  0.16017140255343726  0.17245002036903828
  0.18485744742017546  0.19784850715449548  0.20931086584228509  0.22065190363995416
  0.23197692378173529  0.24369364985105396  0.25580083287317362  0.26771928477142520
  0.27966567345826232  0.29205336330545079  0.30500861544700231  0.31846694824121602
  0.33118885445704144  0.34333192191621037  0.35529459954757858  0.36784418137332320
  0.38055694226135689  0.39296556917732234  0.40465067015382195  0.41573901618438247
  0.42664931267969530  0.43877820405920576  0.45098889568022671  0.46348370816130979
  0.47499963369233916  0.48600452660778437  0.49708453457376695  0.50846463096741457
  0.51948921574437890  0.53025892150960463  0.54129477095616929  0.55337600156593736
  0.56426950105048945  0.57261119245147341  0.58061072649017764  0.58848107049756671
  0.59621537388480361  0.60712023237335300  0.61840932761900058  0.62976156705632114
  0.64040256626347691  0.65121647479703237  0.66180175263952157  0.67251664210344986
  0.68291111854043784  0.69398969097641316  0.70613345367279268  0.71871954631991120
  0.73007951274009431  0.74084859058275154  0.75080882032452956  0.76121820227572679
  0.77119079217665365  0.78095066944568869  0.79085744951354398  0.80161749664602311
  0.81305546628510128  0.82370697450874120  0.83334421656822577  0.84280099623186733
  0.85247534678750703  0.86259104006043219  0.87341694937039338  0.88474901655581739
  0.89582242717664229  0.90650161437617960  0.91717959120088055  0.92796897917956944
  0.93866058972200461  0.94874075569846783  0.95778055225335723  0.96532862488094373
  0.97228761061325830  0.97847471960374344  0.98360790196176373  0.98799231096370910
  0.99148921270765500  0.99453343577760112  0.99734342426329947  1.00000000000000000
  0.00000302483442078  0.00000349834835276  0.00000382427917626  0.00000406193382782
  0.00000426588593201  0.00000448772474723  0.00000470482340718  0.00000491677559313
  0.00000523949187043  0.00000563475657633  0.00000605171468778  0.00000658697456741
  0.00000716057235753  0.00000780868863759  0.00000851469544574  0.00000927397931432
  0.00001010599872916  0.00001097530667180  0.00001198613426143  0.00001306585982585
  0.00001433236605246  0.00001571991720971  0.00001741952688650  0.00001923944007307
  0.00002115002330069  0.00002321521223502  0.00002547604621569  0.00002807129582802
  0.00003098747030297  0.00003425009271616  0.00003770470556006  0.00004153530246061
  0.00004579606211079  0.00005035232284785  0.00005558210652221  0.00006138206153179
  0.00006790430580130  0.00007557620562623  0.00008378619097366  0.00009338362869195
  0.00010413707654207  0.00011662594468284  0.00013006855007002  0.00014384597519009
  0.00015853360824076  0.00017340656748533  0.00018832777328127  0.00020345619279961
  0.00022058338888837  0.00023958953700637  0.00025981657320000  0.00028179244125025
  0.00030650300012850  0.00033355604093924  0.00036254379006752  0.00039359998159407
  0.00042596403507994  0.00046017966568062  0.00049711245623188  0.00053773528704866
  0.00057383840826976  0.00061307101771356  0.00065413960704602  0.00069641037125519
  0.00076164060676114  0.00083348340436280  0.00091029025420514  0.00099891312835269
  0.00109338975565789  0.00119260931063000  0.00129340198467464  0.00141539419376432
  0.00154150610818130  0.00168434921191996  0.00184938335495859  0.00203695111610197
  0.00224800727990690  0.00249076397172817  0.00278113747955319  0.00314592529550330
  0.00359602652952658  0.00410142079675443  0.00465463719449188  0.00530059036278739
  0.00604058017038790  0.00691763265287136  0.00806746050951756  0.00954350593268272
  0.01162481737857485  0.01426886852421829  0.01799326506891802  0.02398351513605640
  0.03472341933637583  0.06556643125930643  0.29425507406149942  1.00000000000000000
  0.00000287988481266  0.00024632320601589  0.00041371861839066  0.00054284355135598
  0.00067123576386282  0.00080256683010182  0.00094291933362468  0.00109380921469514
  0.00124573321365285  0.00139887379397564  0.00156458495342568  0.00174042383976358
  0.00190894071894490  0.00207959742087875  0.00226742438016355  0.00247631584268027
  0.00269418372108594  0.00291730758825977  0.00314414261374434  0.00337325289307473
  0.00361220280282170  0.00386004151844680  0.00410864646925384  0.00436064796465682
  0.00462208356437921  0.00489625524034629  0.00516830889846825  0.00543526203883909
  0.00569739204431462  0.00595820104249196  0.00623482798930993  0.00653097478199854
  0.00682994123477343  0.00713936021318543  0.00746825078972213  0.00783039373499899
  0.00820185139942874  0.00858861272277964  0.00900499693562486  0.00939809342707456
  0.00972730298096736  0.01005175803659557  0.01033029270784912  0.01065807663980199
  0.01104089201881367  0.01143796398919200  0.01186140887430258  0.01229825945195328
  0.01281216598714090  0.01344011826412181  0.01409726093205987  0.01478328250025144
  0.01539963360261873  0.01595216243344609  0.01650150901399364  0.01706741873924527
  0.01768551262813937  0.01840649518997538  0.01916782050697574  0.01994340652890756
  0.02069150313616461  0.02144374906105315  0.02227515057401257  0.02329405539143851
  0.02438265925265656  0.02546520393099853  0.02655801485718256  0.02769959940810660
  0.02887371229268198  0.03038054074948409  0.03227048466933948  0.03423935278761246
  0.03621674852925510  0.03836528872102528  0.04058251564123359  0.04317190484127902
  0.04591817062948471  0.04875185606422726  0.05245284275600913  0.05796470191708281
  0.06362951967941649  0.07106776737172520  0.08113339924688474  0.09165166796076803
  0.09670751778572927  0.10158025153857772  0.10368851505587021  0.10480417953895309
  0.10591984402203596  0.10703550850511884  0.13724948858490299  0.17089052344645234
  0.20453155830800171  0.23817259316955106  0.30227605522646472  1.00000000000000000
 -0.00287457035694079  0.01046294642162423  0.02121712182299409  0.03145177302941995
  0.03877303008786741  0.04522887506656245  0.05138418540156427  0.05779268070085230
  0.06626483189446866  0.07659260492626999  0.08722842630700373  0.09806771895951630
  0.10887573998259066  0.11919613716349184  0.12949955213384057  0.14000354966385636
  0.15080316286256867  0.16172584386372127  0.17431751643300952  0.18705109595770911
  0.19834749474172850  0.20887505656186151  0.21959031984446650  0.23051308120841857
  0.24068228940840219  0.25065828774339327  0.26086071986826886  0.27095528673952834
  0.28144344164496538  0.29250734628842306  0.30455851842931753  0.31695766489137522
  0.32919435370045796  0.34052826247209872  0.35121478303600556  0.36237661591867787
  0.37375671570657309  0.38492477819395277  0.39541080290557518  0.40519419828145320
  0.41523020314300207  0.42604418790086668  0.43717048679361731  0.44496335991140340
  0.45196940961467286  0.45876983689131956  0.46568272783411030  0.47534977877194090
  0.48662094566512154  0.49801958444858985  0.50873144299195250  0.51908879349466353
  0.52960639653109076  0.54050578808353456  0.55120121538756617  0.56209216474196577
  0.57307587632409873  0.58384068657237920  0.59445209063670335  0.60461703924609944
  0.61495323711743288  0.62525025667299672  0.63529371313645855  0.64499178573746196
  0.65430891738102792  0.66370445762724539  0.67325134033900369  0.68334244572248126
  0.69417471563437794  0.70614513035293514  0.71794401900556026  0.72965737414816001
  0.74149063647488200  0.75267738115216132  0.76352230164600554  0.77427118326168132
  0.78556806718445449  0.79692085609961660  0.80806328261613125  0.81949660437212102
  0.83016529424494945  0.84097716350906238  0.85199425027610387  0.86334865630309610
  0.87421418215842617  0.88577504029776877  0.89735042684610578  0.90872852151678729
  0.92007154142939995  0.93117158585022952  0.94321178873688583  0.95492279858689222
  0.96659140434175617  0.97826480963978857  0.98926565695305568  1.00000000000000000
 -0.00193675398571320  0.00892578950480625  0.01893096233131805  0.02952343256399670
  0.04098919204719251  0.05286018467477677  0.06416895735191300  0.07548305782393103
  0.08654286485075555  0.09737752443816576  0.10865600748768156  0.12043887215236251
  0.13159188885098544  0.14199192932879337  0.15267823353822366  0.16388962469746657
  0.17484592913221284  0.18577133226860917  0.19674161599026499  0.20763238963023090
  0.21803742134362633  0.22786184293574846  0.23745009061520972  0.24693874938053167
  0.25726960615848316  0.26830379720179576  0.27838750166210124  0.28801808957129132
  0.29750058454618272  0.30782561076195908  0.31893158245559977  0.33019733344835839
  0.34123013815411052  0.34950149910339584  0.35733178641887448  0.36537944722620047
  0.37359395477627655  0.38427481670469127  0.39416349172272824  0.40368694651054987
  0.41349850630890078  0.42394714294899677  0.43450031442988674  0.44480131935820016
  0.45466600216437147  0.46446992328628905  0.47470156664050484  0.48494531509832378
  0.49505933320220918  0.50509579400583404  0.51591418160981228  0.52744723653905679
  0.54016674993500990  0.55234669499704614  0.56461323101840311  0.57634844369667948
  0.58821026221796524  0.60042992710655740  0.61290377473791324  0.62584555168226164
  0.63824282007791522  0.65050056583064730  0.65877388300565387  0.66634193529218921
  0.67382708849077244  0.68105884201097155  0.68926479317612044  0.70068611950076587
  0.71249350676562007  0.72521953256581551  0.73721754250105154  0.74942018095411722
  0.76182863163310888  0.77402594732592334  0.78517303501335356  0.79552834425904306
  0.80528576250854256  0.81546991525434809  0.82558265894896954  0.83598586330335378
  0.84649073313757095  0.85688299362203446  0.86710506125907605  0.87674497310005850
  0.88609530434423367  0.89532912128928599  0.90498644645299453  0.91529270866062140
  0.92623933802156833  0.93759589078596728  0.94867939311901806  0.95917829255499010
  0.96922436166174020  0.97920372597092220  0.98974011558586106  1.00000000000000000
 -0.00243990667240887  0.00993154907402367  0.02042621657804990  0.03076768608252041
  0.04127000047643348  0.05237242445335034  0.06369633653485482  0.07397139561096241
  0.08399648732186879  0.09443683221652545  0.10525871459739303  0.11623245752032484
  0.12716577979658406  0.13842416080234737  0.14928868632640821  0.15926618772684820
  0.16889889728270754  0.17935486459329208  0.19040878485729854  0.20030237302653320
  0.20918442390477968  0.21864917659456373  0.22863955132106181  0.23918001640690767
  0.24974961885165592  0.26011939663728478  0.27057679955321057  0.28170067178450398
  0.29390981671873084  0.30755647988309948  0.32027829593462070  0.33284394163886777
  0.34488102690138900  0.35318121514609685  0.36132684312713431  0.36951224401115862
  0.37790858537820121  0.38971460156595333  0.40318488080600656  0.41519932587946645
  0.42643142515176674  0.43685876017443043  0.44676227929853057  0.45644561267555278
  0.46658642410073359  0.47638544339577721  0.48699064332317243  0.49779341964589308
  0.50860472747040053  0.51940801527113001  0.53048588864645774  0.54091199980014715
  0.55105654931307357  0.56124673610207676  0.57241131690251956  0.58403332559034271
  0.59453526962715841  0.60483109538465918  0.61528998044871408  0.62565188960689755
  0.63569153817829227  0.64574613518517998  0.65724480832296983  0.66905926759186474
  0.68030816073417444  0.69175655335716846  0.70305646763568108  0.71486525689997826
  0.72394184355009539  0.73251751181616709  0.74142401062479979  0.74979956556969729
  0.75992668559167920  0.77028649731297150  0.78061187388331055  0.79106748322458154
  0.80221238931469896  0.81375852537348070  0.82567037598887216  0.83673821800526249
  0.84697538545889728  0.85694564631163228  0.86643588996088405  0.87555727220493351
  0.88444429874064256  0.89365590059786459  0.90364996976702594  0.91384068653833783
  0.92417213440316881  0.93480627991142795  0.94638321697060157  0.95843929361772762
  0.97003445205956995  0.98036265217307572  0.99046389334503626  1.00000000000000000
  0.00667830902069594  0.00876995853717193  0.00979025473504291  0.01065090225104662
  0.01141091921613089  0.01210651993777394  0.01279948163370531  0.01346778313273343
  0.01410316890406153  0.01472853624807531  0.01535841405487303  0.01599891043349263
  0.01669151132606033  0.01743115385756584  0.01818914065801818  0.01895823681856485
  0.01970955682631167  0.02046840667041008  0.02126205328527788  0.02211730576900744
  0.02297765448361678  0.02386001718739700  0.02474815889011725  0.02562934179410352
  0.02650302673172594  0.02737889997369022  0.02828320767705398  0.02926810219477795
  0.03026427552495889  0.03122354601359904  0.03218517211973573  0.03317302198697775
  0.03421674091655430  0.03534611890747684  0.03651248718524730  0.03768176923041979
  0.03880544595385431  0.03995898381786963  0.04108856009156588  0.04236171482632848
  0.04362850546825667  0.04499472098501697  0.04634802714426744  0.04763642582262779
  0.04888370885681961  0.05025224463927711  0.05160732203427072  0.05287912981695818
  0.05428546947054474  0.05591873217868203  0.05780438092420790  0.05969619885492143
  0.06150739208792134  0.06348308786648899  0.06588621681523302  0.06845890892716361
  0.07098649458190162  0.07349486063437612  0.07596845734823297  0.07858441572740217
  0.08098378647336948  0.08366389787114752  0.08645125090272067  0.08949738235134432
  0.09320261455539082  0.09757788679037986  0.10191698260352353  0.10416934674588568
  0.10584296252382092  0.10777703645011992  0.10958200054363226  0.11128764894157391
  0.11304651493086765  0.11477399535133463  0.11934155205099181  0.12502361584730406
  0.13066592775059030  0.13238021551222287  0.13409450327385544  0.13580879103548801
  0.13759263908193206  0.13937889243011711  0.14116514577830219  0.14310543487396776
  0.14515389986329297  0.14720236485261817  0.15111953738186187  0.16205629439463018
  0.17432413362058247  0.18795739525997729  0.20535675806135523  0.22813118436334381
  0.24985505538868882  0.27192237577193573  0.30959319753550768  1.00000000000000000
 -0.00204923878884036  0.00968902710306549  0.02057588555312844  0.03180077126834421
  0.04341426489235040  0.05444496324013182  0.06624979651517650  0.07809710492192570
  0.09028595151760317  0.10185397950291858  0.11247502998029731  0.12160910559237365
  0.13118891351133477  0.14087362579799786  0.15150292089043652  0.16348364440930316
  0.17508995901504504  0.18641334527955775  0.19820700960759510  0.21135882839119591
  0.22488123612987571  0.23664109768600439  0.24748695934605319  0.25872031079350682
  0.27015776324189272  0.28116475856235862  0.29212207884056784  0.30305238800304618
  0.31410018146474888  0.32561186517255453  0.33694718832349829  0.34837328786575450
  0.35924270635066036  0.36960755386601302  0.37922191993767335  0.38866551960328299
  0.39787496143990686  0.40664718942893713  0.41483839623528179  0.42114525067423186
  0.42799832240096247  0.43473011359652264  0.44131497971689770  0.44923754971999424
  0.45718020850530205  0.46622396452899600  0.47618870805153102  0.48562496566861640
  0.49496683602643737  0.50431792503210449  0.51400813124548805  0.52450481564490992
  0.53514842451932076  0.54592668317312487  0.55533577266346423  0.56441611645889911
  0.57267339546021234  0.58194145337130021  0.59132102176619561  0.60096667502614853
  0.61023725857238709  0.61988146954737633  0.63000444669331224  0.64025393469970315
  0.64982592149474894  0.65933350231790078  0.66934381532287712  0.67951554853140417
  0.69044705089566749  0.70130564264137185  0.71203148601419308  0.72269734028517485
  0.73417401302938745  0.74674495990829859  0.75945717457379225  0.77144227574715107
  0.78274208118989796  0.79359544081413225  0.80412625695980222  0.81504518395661096
  0.82654759867263006  0.83858848540356323  0.85077485509165673  0.86366486953482380
  0.87679620004551795  0.88896495857445867  0.90141887966937895  0.91189070540951556
  0.92266040758138823  0.93333319806256609  0.94485393922233829  0.95609375623829218
  0.96711344541038080  0.97836297250828141  0.98929265279162237  1.00000000000000000
 -0.00528099609946264  0.15129288728302084  0.22002027560745338  0.26882796465887893
  0.30663276397636557  0.33818288155172893  0.36478870914170819  0.38779007301421187
  0.40937448609648819  0.42978025139392972  0.44871587923549749  0.46650229611812194
  0.48275496718470423  0.49741606063958432  0.51124707167615491  0.52458737346769335
  0.53696460416525593  0.54897976486021949  0.56046065646756360  0.57162102003680715
  0.58280516046816644  0.59405639117537945  0.60465134267996945  0.61469770118413547
  0.62432447896893817  0.63379935793273634  0.64302049547391893  0.65181313152859188
  0.65980807580617717  0.66759175610854560  0.67489284045289599  0.68224142838790036
  0.68947643705464723  0.69679223342871921  0.70413901973331772  0.71130197080089830
  0.71817910698709020  0.72492558855388267  0.73149531623979136  0.73781099133959449
  0.74401500540041776  0.75013921573659836  0.75615948159230972  0.76198033738929150
  0.76743940268131883  0.77267292472524107  0.77785785221229498  0.78319622144118750
  0.78864802983222171  0.79401113687413827  0.79920182498204306  0.80440170174122638
  0.80940769633605469  0.81439886608675405  0.81907973178821247  0.82384644358292025
  0.82842255264419506  0.83303000043650988  0.83693521347773281  0.84036360480477101
  0.84379721117338491  0.84746494261531591  0.85162696435663088  0.85643599850631269
  0.86107683524840994  0.86554124708487268  0.86980869308563546  0.87379290680018673
  0.87764698734465496  0.88145848384606096  0.88539740299435887  0.88945446886147972
  0.89345880076116879  0.89758871056757428  0.90191780785646514  0.90611998984663344
  0.91027736203288590  0.91447485679275375  0.91856762087060606  0.92263433543125184
  0.92669194703743252  0.93066256187274787  0.93456101988475249  0.93825487295111365
  0.94206357356925907  0.94603355162576941  0.95008866545204140  0.95419633067661969
  0.95843342662068720  0.96289946369810031  0.96737934478586063  0.97136223156251511
  0.97570656900009189  0.98069873383477724  0.98756637919606072  1.00000000000000000
   1.5341761233099125E-010  -1.0000000000000000     
 F F F F F F F F F F F F F F F F F F F F F F F F F F F F F F F F
  <DiscreteSampler_grid>
  grouped_processes
  1 # 1 for a reference and 2 for a running grid.
  10 # Attribute 'min_bin_probing_points' of the grid.
  1 # Attribute 'grid_mode' of the grid. 1=='default',2=='initialization'
  0.0000000000000000 # Attribute 'small_contrib_threshold' of the grid.
  0.5000000000000000 # Attribute 'damping_power' of the grid.
 # binID   n_entries weight   weight_sqr   abs_weight
    10   10   2.703787304901974E-001   3.827139935560816E-001   2.703787304901974E-001
  </DiscreteSampler_grid>
