  0.00622721007258666  0.00650597237335455  0.00675241506580966  0.00698291133811376
  0.00720914219818788  0.00743580718057768  0.00766649438046203  0.00790339501902494
  0.00814127863686499  0.00837587053936826  0.00859890779932123  0.00881571166331808
  0.00903801768717861  0.00927214645792309  0.00950935549554306  0.00973840706355493
  0.00996907663034031  0.01022288482642036  0.01049154616848149  0.01076207969506533
  0.01102803256684467  0.01129848390899905  0.01159793111216427  0.01191354732149172
  0.01223637626787354  0.01256994354058508  0.01292390350294310  0.01331378888937375
  0.01371015791877539  0.01409001379050378  0.01446188982380630  0.01482707836843321
  0.01521306136329519  0.01566111163773657  0.01614477858650843  0.01664542272284591
  0.01713537582369069  0.01760772786228192  0.01805860714183023  0.01849952271750940
  0.01894234709161098  0.01940078768685023  0.01989539495216265  0.02044393795308314
  0.02106898860184390  0.02173557790225913  0.02239178455930715  0.02306718834116433
  0.02378638393354447  0.02453717367000463  0.02531719788338452  0.02614028373177229
  0.02701535855344869  0.02786063826069404  0.02871599065415640  0.02962087568840253
  0.03061111799843415  0.03169620793855497  0.03283171078632050  0.03398102188589558
  0.03521698247717569  0.03655781169146875  0.03803418843000458  0.03961035986378347
  0.04113225870802047  0.04262648819353172  0.04425888678990782  0.04609260841157487
  0.04805747084685069  0.05005464553374547  0.05189866652203631  0.05381222497202752
  0.05575211986107759  0.05784728078326301  0.06011792033575761  0.06247358678734218
  0.06541686995812539  0.06865143098511410  0.07214301957516288  0.07540981853251325
  0.07870492494148275  0.08219078696502366  0.08614091051621058  0.09071821927118878
  0.09567051814141100  0.10035348540934105  0.10595488141881908  0.11132675145685907
  0.11697447186886720  0.13663496424606425  0.14887635770644131  0.16799101788259319
  0.18766782118528411  0.22341278920761271  0.53212831139958605  1.00000000000000000
  0.00000266290975323  0.00000338251662476  0.00000401974811532  0.00000475990948607
  0.00000553494665467  0.00000643763405271  0.00000742797186100  0.00000860084051619
  0.00001003921692237  0.00001185840219503  0.00001402016543236  0.00001669753496405
  0.00001976481075196  0.00002305881650448  0.00002669672688896  0.00003099593958088
  0.00003613874168416  0.00004246045261372  0.00005001155960281  0.00005941272672377
  0.00007038024613227  0.00008535641772883  0.00010176599895250  0.00012118275101772
  0.00014367650773798  0.00016989208883916  0.00019883258031262  0.00023165592165213
  0.00026930707038473  0.00031352885264897  0.00036628633089917  0.00042868039060361
  0.00050261171906863  0.00058751992675319  0.00068470394367495  0.00079699905747309
  0.00092515495469062  0.00107438926380699  0.00123958097237065  0.00143066697450478
  0.00164171760592335  0.00189288926020988  0.00215591338564699  0.00243421650660528
  0.00272564402164169  0.00302852745573572  0.00334818294379240  0.00369126490888421
  0.00407929800377888  0.00453564338921532  0.00501923709633642  0.00551684085143681
  0.00601821024699785  0.00651716753282832  0.00700685820669199  0.00752795431894381
  0.00811614875574918  0.00875096959584617  0.00945141654359069  0.01020860051079668
  0.01105389087996333  0.01189743900154647  0.01274438561475242  0.01357151905584754
  0.01439030131107616  0.01522470762157455  0.01615306644084838  0.01711184596494748
  0.01805846402756865  0.01902042854943914  0.02003023086525160  0.02111211975067994
  0.02237797688976530  0.02407826684897608  0.02582057916782106  0.02782080285734605
  0.02990058781574964  0.03208931633778656  0.03427268650992631  0.03639474749434971
  0.03825196332651443  0.04012287354039779  0.04224461032342489  0.04463605874170020
  0.04723553209711810  0.04980467265559647  0.05363685640933760  0.06022377209889148
  0.06720147961951668  0.07427304557360744  0.08170846450479138  0.09087257789425816
  0.11425977797738453  0.21474463169283614  0.28689242649579766  1.00000000000000000
  0.00000207893577060  0.00000973440500148  0.00002211306290658  0.00004136927574546
  0.00006972526434898  0.00010453439789285  0.00014658628247495  0.00019569224010447
  0.00025168082607072  0.00031225869167216  0.00037735843505303  0.00045060167856391
  0.00053497241714751  0.00062942532189126  0.00073131422304343  0.00083963637670700
  0.00094515598469331  0.00105845517077071  0.00117267903968652  0.00128512407814326
  0.00141028861758183  0.00154978210461882  0.00170758587761889  0.00186739347506264
  0.00202435607717688  0.00219118117702820  0.00236960506985637  0.00255768690436117
  0.00275146355014388  0.00295398760059320  0.00318156997550063  0.00341641315255633
  0.00365087701098080  0.00389447492541256  0.00414696538660986  0.00440128822885995
  0.00466337731119193  0.00494272972233197  0.00523558384501161  0.00554297500149606
  0.00586731015842719  0.00619419862061666  0.00653140505502848  0.00687285890908735
  0.00721122851948553  0.00755900953649754  0.00795680913691447  0.00833230076744886
  0.00876858386815053  0.00923760277393153  0.00971899672744103  0.01026240837468402
  0.01082611016144489  0.01140397847312006  0.01199336147549069  0.01258690535167027
  0.01319727050988821  0.01384188461347374  0.01452072952185624  0.01519571584716317
  0.01596824992522673  0.01688219407604600  0.01786472401266732  0.01891331000781613
  0.01998827351958993  0.02105085880920509  0.02216454738297422  0.02329935121937127
  0.02442396914632863  0.02563356677525105  0.02690330761526062  0.02831701747553063
  0.03000795550834821  0.03191391084081582  0.03384512670857976  0.03588236466037296
  0.03796784842317451  0.03997462404425973  0.04250420942071278  0.04518407170397159
  0.04850742235718972  0.05198841717136726  0.05601287560562389  0.05998726584462459
  0.06386775471229728  0.06788993492787407  0.07230081332511938  0.07731047042354729
  0.08268054222464886  0.08813926192609828  0.09387939417345235  0.10054026619532527
  0.10889539923537701  0.12121005292795574  0.36390775066979358  1.00000000000000000
 -0.00270905279842280  0.01277629879477410  0.02579008240016937  0.03875917450883289
  0.05089661670871837  0.06249914032669088  0.07412752848750791  0.08593498457045981
  0.09819135476036492  0.11052492263183754  0.12253767324059697  0.13404225883705756
  0.14540736435922755  0.15686601403500156  0.16855209348154487  0.18019027526719228
  0.19184724282224025  0.20357700364055326  0.21526645930927288  0.22743630615576899
  0.23991146263037547  0.25296069817447858  0.26553460833728132  0.27702213520520907
  0.28851668364410199  0.30016904797574090  0.31204464871797921  0.32296747773286349
  0.33402208305626552  0.34535037070371333  0.35701903274041125  0.36817627739263126
  0.37964912055936517  0.39133855196377648  0.40229460587948862  0.41243092391368091
  0.42270735180914687  0.43331708838055510  0.44383285856985266  0.45391237916091098
  0.46426504209753366  0.47482249336639154  0.48517751977057016  0.49572125045307219
  0.50607019698976086  0.51627542071297294  0.52589254547828923  0.53600509952318509
  0.54685463662751099  0.55837645555553295  0.56988327851057152  0.58109084995751703
  0.59210068837368701  0.60271179451991896  0.61261925757461144  0.62202084074534369
  0.63154852926554084  0.64108422031841561  0.65083288352002155  0.66071813395956636
  0.67105295976426438  0.68116873546092016  0.69093878807192166  0.70070125675945860
  0.71033314668950220  0.71994251329131043  0.73037332645452735  0.74145684296508851
  0.75200095733614680  0.76140482088455064  0.77048675500793806  0.77985143184770622
  0.78910554239092401  0.79847188243452893  0.80713341811814932  0.81651297636080133
  0.82582079361009075  0.83549223582225962  0.84542661672803121  0.85522848124784978
  0.86470700342685125  0.87362149111738696  0.88233460044033840  0.89130357906191049
  0.90052648597875673  0.90996329542331711  0.91945973353796573  0.92911989862404298
  0.93845071832152893  0.94738706367802528  0.95623915943340110  0.96592240067764856
  0.97492609557324872  0.98347756550796106  0.99154672177099445  1.00000000000000000
 -0.00230405220155252  0.00873267667659765  0.01868037396276295  0.02916411336478880
  0.03982239599719738  0.05080647129183631  0.06165752896957223  0.07181930267633044
  0.08159069942160461  0.09138083492846437  0.10154285272881264  0.11110022920671793
  0.12090891508416689  0.13051529800890316  0.14103386027921477  0.15259701836027295
  0.16464600341279542  0.17623059770501578  0.18678289789609059  0.19705216245516866
  0.20703798550995545  0.21709875509197218  0.22694063118107904  0.23758978252640428
  0.24794687214721436  0.25939877743948064  0.27153730286153621  0.28318331678436565
  0.29401633433781049  0.30400662354551572  0.31411501395747782  0.32435332743158896
  0.33502917730546877  0.34597883444623395  0.35671271759007955  0.36702789672600017
  0.37696492328702486  0.38698740626067640  0.39688210191117917  0.40709055905658237
  0.41784421978627012  0.42885411148687674  0.43951137249463029  0.44930944930020239
  0.45850075920063488  0.46864315046633254  0.47848399896941940  0.48811841043912130
  0.49808258614806250  0.50880565467261674  0.51961154403288001  0.53030102846363714
  0.54041902425057398  0.55194811734735494  0.56261501643519396  0.57352343116410587
  0.58461374848111036  0.59620748050096750  0.60765490499773289  0.61870056870962131
  0.62956915010730141  0.64004222286976509  0.65040693427454588  0.66065044250602001
  0.67066535435176156  0.68134835682799433  0.69291862161087781  0.70587034356873879
  0.71849353723695608  0.73023980421923640  0.74170283072729870  0.75310967553678021
  0.76313150675205832  0.77295099027471426  0.78243069336501203  0.79244646957905407
  0.80266066268576497  0.81271570661691195  0.82286348341646376  0.83353534467712298
  0.84391822795210980  0.85501333936398427  0.86491550582759946  0.87472539273676941
  0.88450380783581228  0.89427660658121777  0.90394650711783464  0.91389328043048801
  0.92394096896406963  0.93426605186397060  0.94423689107389697  0.95484500837352271
  0.96519594476039294  0.97569732174348645  0.98732860779280274  1.00000000000000000
 -0.00270193150426247  0.01013220267836513  0.02150260694671678  0.03344230408717073
  0.04603749210551025  0.05933239518848490  0.07023241086254055  0.08074224049395946
  0.09024897398337881  0.09929035970889841  0.10829603597547768  0.11755490197504985
  0.12696763288729399  0.13712445101909831  0.14785831429940882  0.15856442409391674
  0.16897902418953903  0.17953743020711721  0.19041633871775984  0.20161544002401338
  0.21241422679508051  0.22267088912050842  0.23233561237209752  0.24179615655182743
  0.25151656998100913  0.26117432869205975  0.27079447354041025  0.28064106832732327
  0.29098834634891102  0.30135387549747294  0.31113259929245185  0.32113913408864619
  0.33144281835929829  0.34227577626660538  0.35343716114985596  0.36407572024881157
  0.37422473436630677  0.38410663121017924  0.39369331970786381  0.40301834440531764
  0.41232639706400581  0.42178472232502939  0.43118136787319372  0.44055310090701510
  0.45053048607318452  0.46073700151475916  0.47129902425131492  0.48199922893266922
  0.49262740906869462  0.50310980706989361  0.51305138618906054  0.52314665969382512
  0.53374443463514032  0.54482017891807022  0.55628618771197991  0.56824522868023841
  0.58080564980842497  0.59260633033027665  0.60357592322144804  0.61424750749006840
  0.62473184295163187  0.63520187148499596  0.64595091427554130  0.65671917233491528
  0.66658547611742947  0.67584355088775250  0.68552545044506030  0.69569439762887708
  0.70590514734631360  0.71602336546855960  0.72602298990318082  0.73608724298789874
  0.74624414628743974  0.75675149789642471  0.76794069805234744  0.77947342734236003
  0.79055350811860692  0.80111665146474198  0.81132642598881932  0.82171570180059028
  0.83265833176144821  0.84389597402734007  0.85529593323541664  0.86665743739980439
  0.87780688372499172  0.88906579213189318  0.90014598926595746  0.91053649776691603
  0.92124864219534008  0.93283573465176706  0.94441165184009190  0.95583710675190314
  0.96667091245115511  0.97792118066767020  0.98885405946187610  1.00000000000000000
  0.00594362142537709  0.01085880235644522  0.01736028793946346  0.02266626465111709
  0.02729851685762566  0.03152143099378159  0.03541483212393876  0.03912321909183342
  0.04256841885286388  0.04563727826807977  0.04865377293122703  0.05170765517530834
  0.05481398905014349  0.05797884481702231  0.06116128808514650  0.06423092203646522
  0.06707705579058562  0.06986554075447829  0.07250689826583429  0.07515956446413928
  0.07773989258094877  0.08024553101839223  0.08266309041294297  0.08507678323775943
  0.08764447545627242  0.09044604408432985  0.09325022367099750  0.09571173047178899
  0.09803378380576681  0.10030070387021113  0.10254654049894436  0.10488959153542117
  0.10734397090429407  0.11003316596660098  0.11304112560130976  0.11626753910176472
  0.11927004417233333  0.12192601188705188  0.12443780391729765  0.12691818680598260
  0.12931283167642946  0.13188908676210240  0.13425782396220651  0.13669700948704688
  0.13889268023534865  0.14112051040133691  0.14303790165081132  0.14501070541605707
  0.14697357867665106  0.14901051185413455  0.15129433304635836  0.15377762161354233
  0.15634891719826113  0.15895882447303786  0.16143442898355467  0.16360525194089615
  0.16559522456697875  0.16760465579382508  0.16970289588862250  0.17216560592818295
  0.17512542587669030  0.17853991689458412  0.18173029442863664  0.18460440421686591
  0.18744672921349254  0.19131448108142574  0.19538050650630004  0.19980460948307399
  0.20430167071078803  0.20873314444788940  0.21287066836128454  0.21767996770316356
  0.22349485329283791  0.23071195021729318  0.23876027729872967  0.24648817582095806
  0.25251763611313066  0.25637864941395205  0.26018562819732244  0.26404218671403024
  0.26756557181204832  0.27128284352256554  0.27488159240427712  0.27793429483041782
  0.28119258126888769  0.28457273627262519  0.28827064239845107  0.29367314153594481
  0.29772506871345628  0.30239325246629950  0.30766157415844780  0.31479305489240739
  0.32992067478251330  0.35829422761443608  0.94566729335990396  1.00000000000000000
 -0.00282406154089512  0.01026550955907247  0.02076618321800371  0.03085074358296751
  0.04104452282475810  0.05128691405776947  0.06155664233386231  0.07256555186578041
  0.08411317040247993  0.09590992927447158  0.10718819472845464  0.11772982369588388
  0.12810301308915928  0.13826491292220641  0.14874152649552225  0.16030354536526178
  0.17267975336351760  0.18526423819423621  0.19655155177995598  0.20658773885749074
  0.21625373211994181  0.22617482859299481  0.23688972445467790  0.24759751113651016
  0.25785323409583116  0.26816577280008908  0.27894178721209129  0.29007618044978112
  0.30077028918254078  0.31066721836116967  0.32084944536551568  0.33122219516759049
  0.34130090524764178  0.35106323567890996  0.36063766679214604  0.37052751836984721
  0.38100018215066234  0.39159613571395419  0.40229909063955821  0.41251479783359446
  0.42314209074060000  0.43394595482191267  0.44448738033773316  0.45469191569531664
  0.46503377589040973  0.47548346912032502  0.48524106003771944  0.49416902742863567
  0.50320709357693738  0.51321383798805265  0.52479075655154728  0.53695601399273662
  0.54843911984912941  0.55875422177537759  0.56798428329770567  0.57681392071394499
  0.58610284552345926  0.59614211543100160  0.60674264791049604  0.61776386523228677
  0.62943997557670139  0.64147894547288631  0.65353620237802557  0.66564067571037500
  0.67743317047413687  0.68872737148674990  0.69960284103027759  0.71037382504463975
  0.72128529370700778  0.73202824324241977  0.74249590164165535  0.75293414882244281
  0.76351342686888346  0.77354306128040040  0.78265003367626351  0.79142080978475893
  0.80050232983457215  0.81013526006505510  0.82006037519953012  0.82999656926392662
  0.84008505782868581  0.85055003184810096  0.86113836698432211  0.87172730383052111
  0.88242310496234422  0.89299604126623777  0.90343852946271253  0.91341737198809292
  0.92308398207280362  0.93311198884814839  0.94398755532714929  0.95560111232932543
  0.96746288635519473  0.97915057181253773  0.98973170467960714  1.00000000000000000
  0.02871681607452223  0.19032028312332863  0.25898949881721756  0.31333130334773140
  0.35705662803629595  0.39134220523975966  0.42067942491105598  0.44820477202709169
  0.47315855328450729  0.49605557800808436  0.51762823417358739  0.53850132877942658
  0.55812131602752457  0.57580745121989452  0.59184791566170580  0.60581880718478842
  0.61897292001359927  0.63230336174706159  0.64517291362674944  0.65727946618999777
  0.66892522304935897  0.68054033112296430  0.69175578860296827  0.70183008114534950
  0.71123268545110885  0.71963755657916539  0.72827195362442987  0.73647713209912780
  0.74458922523104620  0.75253732815837449  0.75994540798173271  0.76688521476918303
  0.77362864420396227  0.78027243645540256  0.78687839468303700  0.79319406584220298
  0.79910995103029936  0.80498755326704330  0.81073779673266411  0.81620500922270611
  0.82149651659784051  0.82658960539372783  0.83173399504840917  0.83641127099581647
  0.84107459962862963  0.84553104432979587  0.84980073738236672  0.85388035560000941
  0.85774818216244764  0.86160376844543085  0.86550186500812232  0.86932642730561205
  0.87307350198932321  0.87673752105082792  0.88039786306313161  0.88403357212930400
  0.88754125301974895  0.89090201578869521  0.89413296320674174  0.89726203059786536
  0.90032166401327385  0.90332126197705054  0.90631190653337201  0.90929194921296008
  0.91225977163813265  0.91523208151445845  0.91818083982788390  0.92091672116938073
  0.92363224108585218  0.92629503723741391  0.92892411519959539  0.93148630486394124
  0.93396566656259961  0.93638117998198500  0.93875646457481221  0.94104466081714511
  0.94345976038832580  0.94589266908137670  0.94836659315395733  0.95084850235806906
  0.95328343613124711  0.95565723834839844  0.95799129058219212  0.96028433707943439
  0.96264830353468323  0.96506634398569580  0.96748541204158789  0.96998585275968674
  0.97251211244792435  0.97510469191254601  0.97778631568092345  0.98059799404237491
  0.98380152645442365  0.98756119392610053  0.99245713949044878  1.00000000000000000
   3.2621481823060479E-011  -1.0000000000000000     
 F F F F F F F F F F F F F F F F F F F F F F F F F F F F F F F F
  <DiscreteSampler_grid>
  grouped_processes
  1 # 1 for a reference and 2 for a running grid.
  10 # Attribute 'min_bin_probing_points' of the grid.
  1 # Attribute 'grid_mode' of the grid. 1=='default',2=='initialization'
  0.0000000000000000 # Attribute 'small_contrib_threshold' of the grid.
  0.5000000000000000 # Attribute 'damping_power' of the grid.
 # binID   n_entries weight   weight_sqr   abs_weight
    10   10   2.219473719076848E-002   3.668098734646098E-003   2.219473719076848E-002
  </DiscreteSampler_grid>
