  0.00214514676782938  0.00218056429714620  0.00221418367783847  0.00225491528655228
  0.00230215900440001  0.00235200794680526  0.00240494944919778  0.00247070735972676
  0.00254197530855929  0.00261698214733872  0.00271169666894148  0.00280783708325294
  0.00290531928146636  0.00300590012451808  0.00310397047832046  0.00320491934532593
  0.00331725204782106  0.00345732194954244  0.00359083466613593  0.00373667298747323
  0.00392238879493625  0.00411755669993328  0.00434744464170642  0.00459428798631113
  0.00485309082103246  0.00512551347700427  0.00539788115182891  0.00568450882165825
  0.00605427583143708  0.00646955927581231  0.00690385109009649  0.00734087237292155
  0.00779321130895496  0.00829464273014546  0.00881287098244709  0.00935864609499346
  0.00993780283209048  0.01055760166540589  0.01120773222647042  0.01190749043383074
  0.01257492052794255  0.01319083184587870  0.01385787363421472  0.01462253142839486
  0.01542697785396342  0.01621361508195451  0.01713702901517018  0.01798819528170977
  0.01905525958782139  0.01999883788844580  0.02092021710351973  0.02183484082162174
  0.02277182152659798  0.02376568475970857  0.02472520737302004  0.02566883390750021
  0.02662097775168222  0.02788702320225857  0.02959620485503288  0.03117963689303273
  0.03246978553557232  0.03364718957027713  0.03480999591261968  0.03653241499341350
  0.03820793165577292  0.04006781571849195  0.04221507910096799  0.04382898517676335
  0.04527848713045069  0.04676886624188431  0.04822862436227101  0.04973707359087647
  0.05140222868615908  0.05264608121193570  0.05710721213297344  0.06217257399043467
  0.06579724310571533  0.07007049164895104  0.07832144596241100  0.08490836461850439
  0.09115983047241770  0.09813797455808901  0.10557382361390753  0.11267103783073133
  0.11928595075657876  0.12611847532575510  0.14202949555594474  0.16259114871168687
  0.17600092600923814  0.19587466367882500  0.21909131773043120  0.25123401631739894
  0.34913341264395492  0.42839300482895248  0.52890130139323877  1.00000000000000000
  0.00017753898988132  0.00026101520544724  0.00032316057143353  0.00037036250575678
  0.00041735549597806  0.00046329794370674  0.00050522949839830  0.00054214899557503
  0.00058688845315925  0.00063091393847715  0.00067794686083166  0.00074779837146116
  0.00082388801594476  0.00090279280647248  0.00098731701556916  0.00109113224947671
  0.00121053020145271  0.00133890957840202  0.00148400354986609  0.00165862303162138
  0.00185742573659812  0.00211107871853715  0.00239432553687773  0.00272319594421782
  0.00305831516042520  0.00340880586210077  0.00382782242298473  0.00429892475050856
  0.00482091852059830  0.00537956009164004  0.00596842386410303  0.00665185398588591
  0.00744285992103865  0.00828564185329242  0.00916554885743590  0.01010957286824061
  0.01114672852691801  0.01229063968217555  0.01352052890780872  0.01472996070146215
  0.01585976409274658  0.01701917693093450  0.01834084248075173  0.01969378648459654
  0.02090553586595231  0.02201109716974365  0.02307826542891089  0.02418866941865741
  0.02535430984495962  0.02647838530686616  0.02755918924857137  0.02865913086874474
  0.02992817492018963  0.03131293679702928  0.03261005124081844  0.03396678794967366
  0.03546871602174911  0.03692779821248778  0.03833317278183148  0.04001974954858758
  0.04196155045914221  0.04390987474574084  0.04575718734764881  0.04704337161572714
  0.04808409552961423  0.04955381326470637  0.05120893302978385  0.05290253646971757
  0.05438782346910221  0.05573671748345960  0.05714390340903362  0.05857656263500269
  0.06009800782927490  0.06203354703522228  0.06447146717137528  0.06696204003538780
  0.06926936849602321  0.07125478802456277  0.07330079179616857  0.07612547252980978
  0.07875756210390154  0.08539358613617597  0.10022564795379170  0.11763506616339636
  0.13630207248983628  0.14337015417825841  0.14917180261838478  0.15602729168536816
  0.16412843545723554  0.17447775787333000  0.18718536843025349  0.20652027484814850
  0.23675440236850365  0.29265602572763161  0.37138672542031104  1.00000000000000000
  0.00024731260944401  0.00030537727872793  0.00035356364168820  0.00040474774760145
  0.00045873761258262  0.00051777772700938  0.00058358110302740  0.00063823543571628
  0.00070379784044791  0.00077699130424394  0.00084638370266880  0.00091927196811150
  0.00102601633299273  0.00115822216604864  0.00133037807643276  0.00152724124224024
  0.00173881532188696  0.00202282089684533  0.00243617457558365  0.00287670389257739
  0.00333990811626426  0.00390638298070395  0.00451569537135352  0.00509863327409707
  0.00571387131354494  0.00646807027915892  0.00725103378066511  0.00799126222039694
  0.00864685227539067  0.00932129862463790  0.00986322928099581  0.01041793634832586
  0.01107104200180127  0.01170971365146587  0.01240593938766078  0.01315790235846349
  0.01394096805663449  0.01482947900151595  0.01580905049890793  0.01678469823482070
  0.01792620503136131  0.01928067046635798  0.02087094842445960  0.02229913257561040
  0.02360570699147060  0.02489052238535985  0.02619254695518434  0.02761445458888324
  0.02911252867179290  0.03081078053909663  0.03268977139967036  0.03450237682299696
  0.03593634228493972  0.03732683898234537  0.03865799455377140  0.04015499987507767
  0.04177746408286040  0.04365627491054667  0.04593286617254033  0.04882637237180286
  0.05168149530523725  0.05471614809303538  0.05796088048716736  0.06109852171018992
  0.06414483912919097  0.06729158469833771  0.07016542078121363  0.07330917036230704
  0.07755578718638936  0.08139297558402490  0.08499998761092650  0.08953333015415268
  0.09483549580084051  0.09943248144654476  0.10349836012197665  0.10767405810744171
  0.11229050914506987  0.11688657156135557  0.12112570574551931  0.12569406648586082
  0.13171644856899320  0.13898113136225040  0.14524281462993199  0.15162601758606242
  0.15643332892570438  0.16139638508028092  0.16824015018777902  0.17662177383775249
  0.18649399226683946  0.19885340000790569  0.20845158090725588  0.23295405657706481
  0.27955755895590251  0.36247636797919869  0.37394266698252565  1.00000000000000000
 -0.00241629782819740  0.01039081085460793  0.02195957216407661  0.03525355149680619
  0.04715426474140757  0.05773325726308905  0.06688503957218760  0.07628462453739242
  0.08660136107135342  0.09750004146548003  0.10787430541883808  0.11763165669802587
  0.12915714596775990  0.14200455477220528  0.15243764254840211  0.16212656591582850
  0.17313356773356933  0.18304322229404160  0.19166695849344392  0.19995299801464511
  0.20817278883598767  0.21651636426012977  0.22519526949250371  0.23450963951335924
  0.24406355682166767  0.25594298290712902  0.26935488540478064  0.28374351825999911
  0.29730880388165271  0.31150599294347037  0.32537053077312600  0.33631115573336090
  0.34518779189374094  0.35240125862567084  0.35884301306951927  0.36612710904091478
  0.37451537959510467  0.38289107309618875  0.39185489579853489  0.40128376197900040
  0.40989896503486745  0.41914622041686478  0.43199871418189217  0.44373405428270019
  0.45613618725787003  0.46744699307992127  0.47750968868928539  0.48611756307095266
  0.49464616186223731  0.50425619413771483  0.51616729540107043  0.52946456022396371
  0.54256959087832690  0.55436530899245995  0.56549734690405506  0.57760708727750898
  0.58944633426495319  0.60175124189877638  0.61628127526767207  0.63004244984539182
  0.64191466093411753  0.65201199993323389  0.66056094918463104  0.66832835660344592
  0.67616953216981912  0.68515076122858354  0.69422623542492590  0.70425479057362583
  0.71413492127191203  0.72467966345586798  0.73546447231136514  0.74604627043588601
  0.75687755590243611  0.76627946823166959  0.77616349807484808  0.78533449943729361
  0.79393089124220950  0.80236934384216352  0.81120688608864933  0.82070146287321499
  0.83221703374403944  0.84504322807342214  0.85844326346321120  0.87193349002152487
  0.88419033354243493  0.89563934650227028  0.90457443575682694  0.91392354451953839
  0.92432304845174940  0.93511929538574323  0.94618106997982587  0.95595325860540714
  0.96618425649255835  0.97714596642872098  0.98880240663058128  1.00000000000000000
 -0.00221922640161372  0.01039528568766973  0.02408864403627877  0.03556636614869981
  0.04655312355357002  0.05885523310565482  0.06786679222353716  0.07704146517234316
  0.08733754817723613  0.09828720712146442  0.10768328942517133  0.11460158411114359
  0.12044178324871378  0.12735849591870954  0.13598309332166694  0.14519202758625502
  0.15356567423128248  0.16260259503870345  0.17178389909060518  0.18213190255760162
  0.19192223969316052  0.20135644966675256  0.21061410563975635  0.22023983037161723
  0.22993480808743508  0.23985013998402410  0.25026603059456459  0.26015129417697275
  0.26890317748893039  0.27782149027739295  0.28598343520752489  0.29355758735367138
  0.30185592578992215  0.31116349054515596  0.32204214417477650  0.33513042313478431
  0.35006534374352133  0.36180195916906549  0.37177387247312477  0.38185225787973032
  0.39245569995182572  0.40160951325497835  0.41038083741497527  0.42043644647953748
  0.43196165413502058  0.44313537380557100  0.45432817165603290  0.46586480031694538
  0.47718239118562222  0.48931052122872382  0.50128809121184925  0.51244271288295684
  0.52496171067405184  0.53611562073966512  0.54677871710367787  0.55731873369839247
  0.56867078069952481  0.57957118083334136  0.58836711050289658  0.59699400876561104
  0.60642477111293791  0.61959076450509476  0.63292746972609792  0.64133391199715561
  0.65087131344983606  0.65996911168969019  0.67006917981949432  0.68119179540886876
  0.69237274643197777  0.70402958696599760  0.71621326971129773  0.72845321764732129
  0.73994974316083550  0.75176007477591134  0.76399155541303820  0.77626431282373409
  0.78977960866296348  0.79973779472423023  0.81008915159841244  0.82064027912675164
  0.83141015761262993  0.84246245046436019  0.85400178686485761  0.86517243676838351
  0.87717775437278911  0.88912405376206938  0.90479529772782685  0.92181417046067615
  0.93801689713774017  0.94918699724869471  0.95922207429008799  0.96713893173753751
  0.97535039869470830  0.98234193712459783  0.99074998310513251  1.00000000000000000
 -0.00246127966089147  0.00983109570297508  0.02133308166663594  0.03525444725604384
  0.04824424129119684  0.06043363413458317  0.07070653062353631  0.08184686917150585
  0.09323182277797253  0.10615585977431026  0.11727475217354995  0.12962349801677570
  0.14149347264155723  0.15273873490104659  0.16439087903834698  0.17716370664999620
  0.18908320991098990  0.20133953993408449  0.21144766875271689  0.21969561101628257
  0.22889584553642300  0.23787681081926335  0.24619063265621646  0.25389477223463935
  0.26203690340533298  0.27046544555419655  0.28036921491493100  0.29076245287796898
  0.30099653995818032  0.31104279256209783  0.32054400709085523  0.32905829265849657
  0.33840155550157602  0.35047892991359558  0.36523753381300395  0.38149656798751497
  0.39578615253818455  0.40613113750852320  0.41630651837334648  0.42728558100190622
  0.43864883398535642  0.44894850437066186  0.45923318786423073  0.47000266721140949
  0.48065761619813846  0.49086728291956072  0.50238136109691101  0.51500620372673389
  0.52698081622720561  0.53864110798958031  0.54941820428156907  0.55949164492676318
  0.57146231248850821  0.58455937650190559  0.59523136658540088  0.60566240653850023
  0.61522365724514483  0.62415884352030548  0.63162656930133454  0.63883155422938576
  0.64629109566977117  0.65545472883098710  0.66567947533999261  0.67583842618866319
  0.68413036976870900  0.69201946305689666  0.70085335951015137  0.70853315208383028
  0.71765238460752456  0.72879740665767256  0.74181458988212146  0.75359690221895470
  0.76188418774626188  0.77038483108919908  0.78146229481468410  0.79100876006418452
  0.80007043136633826  0.80732209753273310  0.81497362660828543  0.82435929081729398
  0.83584669245619791  0.84884273958165934  0.86094647026775839  0.87152066992950172
  0.88183777991343315  0.89271793621990525  0.90517112059751237  0.91937160275652130
  0.93435262857496304  0.94632779243284704  0.95655962894493618  0.96580293206283607
  0.97514415051580694  0.98405288666481228  0.99173147322144950  1.00000000000000000
 -0.00009705996573159  0.01453903834517942  0.02501279073333128  0.03242651733417758
  0.03900210340809891  0.04438304808187373  0.04974802716630622  0.05543332395863885
  0.06119633521107253  0.06642794776798562  0.07098331547814334  0.07512556215704494
  0.07910155387756841  0.08308763459607534  0.08727016987308210  0.09182701542504551
  0.09631778530790669  0.10113466026850032  0.10568765649461428  0.10989377161061589
  0.11412811150883789  0.11817081663949559  0.12204272202597866  0.12567066781112995
  0.12901391685539859  0.13229525763203129  0.13566863146606273  0.13892073878113659
  0.14230972744151002  0.14577474839611904  0.14849586346996177  0.15169647329768396
  0.15481914339994940  0.15751566459247815  0.16002225703145448  0.16238984691564237
  0.16462864329730906  0.16697035182207912  0.16928281873783674  0.17163057277669613
  0.17393867502508839  0.17639473509625248  0.17913897201110582  0.18172085384101375
  0.18394395205666039  0.18622229917207758  0.18877582296364059  0.19185569958456694
  0.19457365145508002  0.19690178279942930  0.19926563424397556  0.20154590976142356
  0.20467567354446514  0.20727984426406471  0.21008278374011277  0.21433996925926713
  0.21886958267096004  0.22358870105734585  0.22902305284956320  0.23287503074807980
  0.23643375349125936  0.23993300925213645  0.24345828255916235  0.24682337178709279
  0.25028513497434607  0.25464574535300133  0.25921866616495504  0.26441854266247922
  0.27000244427531372  0.27494479865280325  0.28046702908195970  0.28732220380488971
  0.29610262723439917  0.30422222549036321  0.31054754921397854  0.31606949131889767
  0.32140087393621364  0.32701748300562644  0.33311938030743132  0.34053559627633484
  0.34831348258333811  0.35632310157506653  0.36538362332181001  0.38362157746804870
  0.40283370187532569  0.41660309380496668  0.42627019530753313  0.43577686373559160
  0.45085702979285414  0.46366502402805332  0.47735317141160671  0.49760100384530892
  0.52108539526370168  0.54369693958104870  0.55018836873478294  1.00000000000000000
 -0.00261236198085777  0.01121541194983406  0.02277426054420683  0.03130731212229523
  0.04079754604982012  0.04998756052454394  0.05912692236693895  0.06807295042040670
  0.07624084937667863  0.08360057577977321  0.09468364256156661  0.10632276559835178
  0.11810151191708929  0.13030206278614037  0.14231454171635213  0.15303489781980756
  0.16404561748612698  0.17564335951535281  0.18636522218601223  0.19505250235156718
  0.20268160920618189  0.21125791185817314  0.22031087638871005  0.22948124984267387
  0.24178368024616601  0.25381699942571212  0.26548825359528150  0.27670742530895281
  0.28849768170934204  0.29926500726359939  0.31101033728569333  0.32203046127646934
  0.33366497944465168  0.34422233038003502  0.35539309806637326  0.36497607457817816
  0.37453244839384481  0.38489491228936201  0.39540962755770392  0.40540940958879124
  0.41491249793804380  0.42496359081267765  0.43486875350899856  0.44384649228318357
  0.45091707859536034  0.45807839664871075  0.46544303026149064  0.47285179857229298
  0.48109003737830569  0.49036544102354868  0.49992938174315282  0.50907065137236007
  0.51939809733149833  0.53262291495142922  0.54440408862991774  0.55471318840335382
  0.56569919196673124  0.58015646378243957  0.59374889891976956  0.60716220102428886
  0.61789602758818007  0.62624648485832590  0.63264778357998419  0.63859900520734103
  0.64473787588238785  0.65178503750433858  0.65938960757468090  0.66693775035493907
  0.67462594092048944  0.68222256208039955  0.68978515031148524  0.69858505634389034
  0.70812246473175477  0.71804556992665913  0.72912392755274880  0.74164909565539172
  0.75520089029620796  0.76831649483021658  0.77987854043401339  0.79125975518065861
  0.80124509921883191  0.81208783152862241  0.82461406253688430  0.83878330790078959
  0.85401352316014767  0.86919198664388220  0.88206357518001643  0.89482606974469470
  0.90872118371228794  0.92404335960154937  0.93919572599039525  0.95174639499801139
  0.96311772251260341  0.97469697197771965  0.98664565665912884  1.00000000000000000
 -0.01531208507247832  0.48465989918978175  0.61237898933678958  0.69006916000668683
  0.73311390168753032  0.76852599186410864  0.79610004756616404  0.81718138889045355
  0.83118264162617017  0.84226989994744372  0.85457130507074464  0.86689641982670484
  0.87690023000035178  0.88386384904760029  0.88922359832766162  0.89404216389628144
  0.89835686342345877  0.90301985354200198  0.90766955691642093  0.91174464561916679
  0.91563799348925701  0.91928648026277848  0.92271354087657187  0.92567750244551106
  0.92828003792443781  0.93083013789271241  0.93339404349946320  0.93597059243188285
  0.93846043323284234  0.94073137210645430  0.94260374918932588  0.94436449046425508
  0.94612326610128461  0.94800027171753309  0.94987508587506730  0.95165831279630242
  0.95332086734777988  0.95488648784264740  0.95640042329761366  0.95784503287683065
  0.95924066207860692  0.96063180580441676  0.96195727427291144  0.96315586802267783
  0.96422840100409068  0.96523256509239452  0.96619893854885419  0.96716678325917482
  0.96817046455648725  0.96916626678589890  0.97008554567629846  0.97099142463828880
  0.97189379701415368  0.97273751358017113  0.97348277344497824  0.97417614824300791
  0.97488880581435833  0.97560302192934900  0.97625754735593251  0.97691446588113839
  0.97755791787211399  0.97818029132624207  0.97888890818127350  0.97954796095543173
  0.98016999108140490  0.98077684347347671  0.98133786029893932  0.98189069534517393
  0.98246171700411644  0.98308004643776581  0.98367231460370208  0.98426184313657117
  0.98485715274016050  0.98543828444559445  0.98602414760378521  0.98663677999313404
  0.98723030881477225  0.98779046705388229  0.98832331050738198  0.98882364976872317
  0.98933360661625624  0.98985476600884925  0.99040837767971635  0.99099190177281704
  0.99155383911787598  0.99208422049082823  0.99262848172855156  0.99316614740732490
  0.99372187770063103  0.99429928812740587  0.99487844998890484  0.99541510886483786
  0.99610988006404000  0.99688722261377072  0.99794298494098699  1.00000000000000000
   1.8049134967741537E-017  -1.0000000000000000     
 F F F F F F F F F F F F F F F F F F F F F F F F F F F F F F F F
  <DiscreteSampler_grid>
  grouped_processes
  1 # 1 for a reference and 2 for a running grid.
  10 # Attribute 'min_bin_probing_points' of the grid.
  1 # Attribute 'grid_mode' of the grid. 1=='default',2=='initialization'
  0.0000000000000000 # Attribute 'small_contrib_threshold' of the grid.
  0.5000000000000000 # Attribute 'damping_power' of the grid.
 # binID   n_entries weight   weight_sqr   abs_weight
    10   10   6.324758133541778E-012   1.073550899295446E-022   6.324758133541778E-012
  </DiscreteSampler_grid>
