  0.00620725654018944  0.00657284569698825  0.00691427741059387  0.00724215211689689
  0.00754200787750206  0.00781241059775081  0.00806550250820804  0.00832064065495391
  0.00858110048681458  0.00882579341680010  0.00908980119496787  0.00938508547772955
  0.00968814372160093  0.01001238082197493  0.01034938177503693  0.01068340132558939
  0.01098600920286068  0.01125952519151969  0.01153439354122492  0.01182383407090455
  0.01213582113004475  0.01247616976920757  0.01282909972704853  0.01319641518895642
  0.01359224644796313  0.01399463208602613  0.01439024630907208  0.01479084038183920
  0.01519564358841954  0.01559685123213163  0.01597097742335041  0.01638293486529939
  0.01680329749740040  0.01724728681040983  0.01772531149587197  0.01823312597381549
  0.01875160506463416  0.01925173505762238  0.01978225934994764  0.02030141075061238
  0.02083035291581303  0.02137375895464733  0.02192648869182968  0.02248684729605431
  0.02299794606034881  0.02346139069626074  0.02391082801277676  0.02441587666325779
  0.02493650502413347  0.02551762230872800  0.02614999877781327  0.02681187024855300
  0.02751174584800685  0.02821666303136200  0.02895728539305523  0.02969666704405833
  0.03049543331540715  0.03134562990158810  0.03213006151115230  0.03289102505581245
  0.03377392691451411  0.03485511041571665  0.03604974036950039  0.03705440162271254
  0.03786914304049550  0.03852015302417395  0.03946606832837838  0.04053757561464826
  0.04168592320476442  0.04273776266097249  0.04393241109592040  0.04547748969240295
  0.04730610507908283  0.04964405040356959  0.05197042927912518  0.05392033865816402
  0.05574931299683664  0.05784956110001718  0.06010527319428396  0.06228573977451991
  0.06467533857414977  0.06717464922842793  0.06975031802972929  0.07281094518953285
  0.07601199997539208  0.07916070455589948  0.08276293619757599  0.08737771774567142
  0.09395782384600219  0.10449473177937903  0.11780332787266461  0.13832649259392313
  0.16058021553397012  0.21152962035947090  0.56431095516265195  1.00000000000000000
  0.00603109021358545  0.01144053745858138  0.01447030000572913  0.01702789926526285
  0.01936662577817711  0.02161618109668977  0.02384154683053348  0.02608085684602408
  0.02811382134281737  0.03010752025155197  0.03211892633552029  0.03410004185744775
  0.03605603624813724  0.03804267430662117  0.03998751665441696  0.04187911265242389
  0.04372748823225223  0.04573056879012827  0.04786537995754216  0.04999098312811520
  0.05198056819277364  0.05395183821178965  0.05595609797752701  0.05794220378164627
  0.05987813242869461  0.06180611730025693  0.06377160746836869  0.06592719130436606
  0.06799813148582466  0.07005858297939309  0.07200881484428853  0.07394592199540879
  0.07578986640477262  0.07758585922382014  0.07913777399644395  0.08099328607659427
  0.08297972638236328  0.08524834274011379  0.08752535192716464  0.08965856349970958
  0.09177897828575016  0.09399196183381713  0.09616372934419989  0.09818600354229134
  0.10020138450876509  0.10252977432649883  0.10530695180231987  0.10813238649271105
  0.11083547798460326  0.11342638739708646  0.11643931029382107  0.12005691744579185
  0.12396263852067835  0.12777162045147708  0.13147117478827078  0.13542325597443036
  0.13989280558038067  0.14528035095292219  0.14988486972427686  0.15392345223739590
  0.15743877052759286  0.16032224054034577  0.16343486344278496  0.16697291280510174
  0.17077763896789741  0.17419675858775291  0.17775081404725634  0.18160920689434343
  0.18568952737122829  0.18992523235007638  0.19425068922649230  0.19868882652259137
  0.20334617925476395  0.20861673454944069  0.21448074714600024  0.22020949817043006
  0.22548594410102299  0.23098302663242490  0.23748407240030911  0.24496577699421149
  0.25047480402203520  0.26840718447013601  0.29556319451702023  0.31068962095877967
  0.32047810444101266  0.32841764992666345  0.33815981807896206  0.35052789409487356
  0.36176610726180863  0.37596035722432886  0.39249113582409523  0.41202393266134452
  0.43796537659074913  0.49809906135559379  0.59181608652389406  1.00000000000000000
  0.00000260532057313  0.00000276898198894  0.00000295607080025  0.00000319241517862
  0.00000350302720624  0.00000397474883821  0.00000452096429576  0.00000517595614572
  0.00000597684501337  0.00000690183974422  0.00000769487550538  0.00000843794820264
  0.00000920896902307  0.00001003832434181  0.00001095692547411  0.00001202496437178
  0.00001321192537976  0.00001494321977648  0.00001692443933536  0.00001934355543783
  0.00002186174185792  0.00002455755279040  0.00002751982406420  0.00003059760936720
  0.00003388436228926  0.00003751530508222  0.00004168699591110  0.00004647875668883
  0.00005161796140248  0.00005698353945936  0.00006271061267951  0.00006899308072065
  0.00007597329471201  0.00008327620399084  0.00009079004318877  0.00009887173569614
  0.00010830459327442  0.00011841556369539  0.00012891128163791  0.00013964287843335
  0.00015079334888322  0.00016268986195804  0.00017622072295775  0.00019255166547223
  0.00021182935453704  0.00023270739203634  0.00025248613010070  0.00027070554642023
  0.00028837590731424  0.00030623817479680  0.00032524135453174  0.00034778994940688
  0.00037281029699916  0.00040525847453697  0.00043792623569895  0.00047045140509910
  0.00050270603581190  0.00053661922151966  0.00057765381255350  0.00062421871664790
  0.00067399806890908  0.00072815759401176  0.00078433239346382  0.00084029608351733
  0.00089946738920014  0.00096642171811502  0.00104012580909679  0.00112139424893226
  0.00121691701510124  0.00132772474914190  0.00145348363663842  0.00161948381840076
  0.00182699726244832  0.00209566237478517  0.00241343708608479  0.00270641586201443
  0.00299164147830696  0.00333052343197681  0.00369955846681012  0.00410830086289884
  0.00462757999336037  0.00517404483490824  0.00595753042947119  0.00696740826859933
  0.00842865556418985  0.01031075170062723  0.01255888679213259  0.01515127280149413
  0.01825590787965782  0.02218295173314200  0.02809797659480898  0.03754289459630590
  0.05488509604908934  0.09563812047220675  0.38529744112139291  1.00000000000000000
 -0.00158073029479256  0.00633101076984280  0.01325741376814876  0.02023426207195235
  0.02749775386805590  0.03475124779610012  0.04264016273648515  0.05039427195819184
  0.05873066837533095  0.06727165008701898  0.07543711650970175  0.08390577814393198
  0.09064803833049379  0.09701076668239279  0.10278049272984580  0.10920545126235011
  0.11597962833329889  0.12383445308547995  0.13309609398749853  0.14333320980017059
  0.15289159723919110  0.16260077570126785  0.17241440392156432  0.18275760089763138
  0.19275839497194550  0.20197862685708504  0.21051623708161488  0.21849183136554898
  0.22663272335347279  0.23557222756050528  0.24668861458075980  0.25869584642214932
  0.26871015223254652  0.27764589064088113  0.28627578064181103  0.29456091539148749
  0.30371985069976132  0.31287677181941331  0.32367256956053775  0.33477310009323991
  0.34581206484667126  0.35710895639698986  0.36707346300498395  0.37686503304978136
  0.38708764349208441  0.39749411015244540  0.40689658007488971  0.41561849236263554
  0.42528114068111700  0.43732438640810373  0.45042428184565003  0.46219570417621081
  0.47333564853135307  0.48271222545100873  0.49379843703973531  0.50535596223008528
  0.51794881784449254  0.53078672110956826  0.54337143520138065  0.55615429876026734
  0.56934398378821593  0.58252882355356428  0.59623441105094710  0.60869614523968552
  0.61982604436327293  0.63117776847218665  0.64273837309071802  0.65421084708081811
  0.66499966467361749  0.67711493806754508  0.69116670713780126  0.70630467283402310
  0.72274184304423494  0.73997137627993370  0.75275881035420178  0.76440851976292745
  0.77441101451583116  0.78399288447435134  0.79309740549500274  0.80201607286603871
  0.81160384594327162  0.82196642543214282  0.83349793358015134  0.84610452243149470
  0.85859416769232977  0.87164527223348254  0.88572206659254615  0.90024676581790464
  0.91320762558106638  0.92470390057463547  0.93628279657426683  0.94841475686151799
  0.96085226378342692  0.97300911921394462  0.98613437968206952  1.00000000000000000
 -0.00315577785012148  0.01048255347798464  0.02323256728218987  0.03487414541780927
  0.04828902764863208  0.06256084507446667  0.07505325577894174  0.08617647468479236
  0.09778756554303382  0.10810939916873454  0.11726582335349396  0.12688655366847088
  0.13623181801203385  0.14610233208750167  0.15617458486148170  0.16633575254513083
  0.17596097756554466  0.18522553807415584  0.19442070583612228  0.20390241907321099
  0.21347088332733916  0.22321063173476247  0.23244208325221308  0.24152317319050143
  0.25058895943318560  0.26103682581733822  0.27303566992322953  0.28589944177594334
  0.29758407889849692  0.30857281617535337  0.31861664644014559  0.32858775225708642
  0.33905570525520640  0.34949518963081577  0.36035743130890946  0.37228937313226773
  0.38550234832724373  0.39744595610993871  0.40633746640665969  0.41477878079758324
  0.42390606136855097  0.43426086127347879  0.44497976395429512  0.45592927765508046
  0.46647844944994243  0.47727917037406103  0.48805139564266792  0.49935506944572366
  0.51087653735928173  0.52242092050232813  0.53347119908408536  0.54381832850806811
  0.55440554550701238  0.56485297149985647  0.57478615481276119  0.58427883854032103
  0.59399220392382079  0.60491867427537982  0.61602185703957157  0.62658310382369187
  0.63680184130489348  0.64743699689924950  0.65887447822200673  0.67075940584055405
  0.68246171105967479  0.69392290361244113  0.70526237007969494  0.71594686610148717
  0.72629733156818999  0.73631782452304428  0.74626609749670492  0.75689068727589370
  0.76809131471974335  0.77914616234716294  0.79098303960872718  0.80366282938029399
  0.81659506018118677  0.82889398602765529  0.84127433671482454  0.85327465014012005
  0.86456304345658996  0.87528349112835058  0.88523505601346542  0.89523563024234232
  0.90480662760567210  0.91399136153858673  0.92342128534597556  0.93324042649814809
  0.94227742843237605  0.95016284320738220  0.95809181441585844  0.96733153259033722
  0.97660814892023584  0.98431855989079053  0.99193374001033852  1.00000000000000000
 -0.00182189445189894  0.00726846943836983  0.01591585074606439  0.02358160960363040
  0.03218743551015107  0.04054184313412529  0.04781410832108225  0.05474181083356144
  0.06183276073603701  0.06896586604421107  0.07619993654857968  0.08341291684558128
  0.09084054521895617  0.09861515423881817  0.10620936167051225  0.11421119302192223
  0.12253208512560647  0.13084014512152939  0.13868711241404649  0.14650163361776977
  0.15500827047202889  0.16400367197011986  0.17204053051318124  0.17945906185355850
  0.18748894474499320  0.19736786099085460  0.20768732049521185  0.21627289363344002
  0.22448829174069720  0.23372618930293229  0.24453706069992565  0.25692829046383686
  0.26724190512823481  0.27675698095296075  0.28591660433423483  0.29552786471847609
  0.30572633169379909  0.31633123017818388  0.32659289718544632  0.33672271925696939
  0.34675244604228961  0.35636892499617995  0.36639355418718123  0.37677819631566978
  0.38724732953015795  0.39684843111586399  0.40581013217337714  0.41542746918827794
  0.42590962605962046  0.43668001079279217  0.44786534584178722  0.45824582657475982
  0.46982707507679428  0.48102402120923143  0.49178762563553124  0.50204002781792978
  0.51207618219571605  0.52155511062592874  0.53036473926674643  0.53905242314058432
  0.54796428474000658  0.55744357519168863  0.56803915532590266  0.57978537250405848
  0.59259715594838014  0.60538956434411328  0.61767811258867078  0.62930738332831349
  0.64012168664616098  0.65097207932048884  0.66235099042796264  0.67512736992514311
  0.68705838461959623  0.69746040121911435  0.70740056111659955  0.71931090820269150
  0.73160573536407159  0.74198873842456181  0.75259093852076386  0.76323340245697380
  0.77356986504165026  0.78284180837071637  0.79186780986561012  0.80285599245224826
  0.81444008492231523  0.82632817583095675  0.83845693608560889  0.85056098476701381
  0.86300290033238192  0.87668716572854244  0.89287582216745653  0.91086148061118033
  0.93152384862477000  0.95354875665033234  0.97590560541928550  1.00000000000000000
 -0.00240293173809887  0.01129761218926243  0.02135049459952798  0.03063747208380407
  0.03950995301532696  0.04793517514467999  0.05659983174690883  0.06629949167596445
  0.07689071065289579  0.08767263191974829  0.09859767664152161  0.11072551128086873
  0.12401581921832075  0.13690715432277989  0.14911664035825306  0.15991837430721156
  0.16954113082555031  0.17854614603203139  0.18811531547613161  0.19859840986419608
  0.20950846168618628  0.22025732762666850  0.23186411542047877  0.24341419178568466
  0.25437205937637886  0.26566155123014495  0.27557014494992094  0.28514028480801568
  0.29524684843795623  0.30547666871353019  0.31528809514665102  0.32454679928137314
  0.33447285645324221  0.34495978520799719  0.35453095406200247  0.36330455986847837
  0.37145558516960220  0.37996203745424706  0.38827670114396706  0.39644688113847554
  0.40473920477517583  0.41324381807507443  0.42251556203761220  0.43249091004836043
  0.44312156114372547  0.45458603275854598  0.46643085717108518  0.47903303272179720
  0.49185323844844464  0.50382751040078078  0.51509059738223284  0.52578232383725354
  0.53613341437688389  0.54743298009901775  0.55961235535803244  0.57364415399134594
  0.58671005697637724  0.59751423359681233  0.60850504276528383  0.62019026605709693
  0.63116472025535975  0.64035808010706829  0.64948834856046600  0.65844089047372456
  0.66743455752008873  0.67565747206239324  0.68334515161144516  0.69162576401499964
  0.70195331373620318  0.71431887716696207  0.72725853112186378  0.73754822716025570
  0.74803500392334654  0.75881325670502620  0.76986015625714932  0.78084362505232874
  0.79227450494837026  0.80456100562828436  0.81667372107260894  0.82825608040133036
  0.83989683622765643  0.85154541455491550  0.86282291400273903  0.87249456502762868
  0.88113763794623035  0.88957669135078521  0.89894722067753774  0.91020065547542883
  0.92130558600116941  0.93271357471707239  0.94472449506220491  0.95658250077425688
  0.96778098097498022  0.97860314517018554  0.98914013855758787  1.00000000000000000
 -0.00252625500517063  0.00908945622900204  0.01849780255734255  0.02912091727249305
  0.03969157668986869  0.05099720804919315  0.06171052728060446  0.07159013187840246
  0.08156424469607004  0.09192262980022324  0.10263162482622701  0.11221910892620619
  0.12188975129097049  0.13134653671026034  0.14063327544393789  0.14970351450562222
  0.15840269647980715  0.16762310145836029  0.17721873985514752  0.18697157039329332
  0.19652250466675719  0.20625313538703774  0.21649229955172988  0.22650403576736611
  0.23788133376264570  0.25015976742260848  0.26269263561211265  0.27376975434333994
  0.28391758234814141  0.29379544333641761  0.30552496405277779  0.31723081708413386
  0.32911912369775242  0.34099338647309274  0.35295674384583442  0.36477208232064789
  0.37702453111048739  0.38960795671909815  0.40136280648824763  0.41248952915049630
  0.42457360510242331  0.43714103676335753  0.44884673112438522  0.45905541926387300
  0.46958342304226675  0.48144923833635811  0.49206143358259469  0.50212940606168943
  0.51329911117251903  0.52437487246845338  0.53578215937225482  0.54597367556630461
  0.55545681209372111  0.56494742350049565  0.57473557941358056  0.58520753195761210
  0.59516017379170993  0.60417946279473878  0.61307524849976658  0.62201679513937802
  0.63099745929494688  0.63981390398552984  0.64875033565297135  0.65793469168058594
  0.66761051446066244  0.67746084435527432  0.68723690356789102  0.69713605206136187
  0.70720601572031261  0.71779646572422584  0.72860908988360351  0.74020072604128739
  0.75263765160969109  0.76555559790594807  0.77626907726523409  0.78568446994745356
  0.79524919685585427  0.80467055380734831  0.81527188510163096  0.82497061404766503
  0.83402207607152123  0.84358367923789979  0.85426874539588304  0.86606246789766861
  0.87693626232218069  0.88671247363371253  0.89661260989319347  0.90704604923950238
  0.91742421467783675  0.92678578660064170  0.93623559477797191  0.94725356182249343
  0.95967132199524541  0.97277491757939549  0.98569100340215643  1.00000000000000000
  0.01796999129351103  0.37176989544188388  0.48104461635199031  0.54667332267175439
  0.59252788313856752  0.62917022655214250  0.66005384073193230  0.68586176169384472
  0.70784716489988664  0.72795687881369298  0.74376495626668060  0.75839006561725442
  0.77232815551536238  0.78570809205826508  0.79736747150229059  0.80779153558848726
  0.81788333015838988  0.82657444186276963  0.83442305228294711  0.84190885688199457
  0.84922689042824773  0.85606198427718438  0.86243129889710812  0.86854838370313014
  0.87427029769948594  0.87939091096565325  0.88423110751798417  0.88892548234175073
  0.89335128145042808  0.89737656683826816  0.90113774812291647  0.90475742801420855
  0.90833916227204781  0.91188344522318010  0.91514333218268629  0.91798055049849792
  0.92043909319662831  0.92292917939294938  0.92543092267262006  0.92766643601668208
  0.92987133766658003  0.93202014162014857  0.93410555675828433  0.93614550959664244
  0.93802941554782737  0.93978118934295241  0.94141989635315837  0.94303211599932724
  0.94462855324383532  0.94618803314642830  0.94770636205561409  0.94921254212770478
  0.95069100555712127  0.95211024497641128  0.95351503855025610  0.95491737963186474
  0.95626352312812213  0.95756000441995071  0.95877401469650414  0.95993059009592918
  0.96106366317788705  0.96216482953468896  0.96322430569025230  0.96429945424922325
  0.96539827600356298  0.96650926369291812  0.96760755188953795  0.96868572587890489
  0.96980404882498550  0.97083681259007693  0.97180822667869537  0.97274997103355410
  0.97368673520568372  0.97460883391030850  0.97550477439763772  0.97636702324183422
  0.97723186656208849  0.97807993494671264  0.97891181957908935  0.97972163955102154
  0.98053655900361381  0.98135184091364946  0.98215847291693636  0.98295538577151198
  0.98374463621002795  0.98452462265725771  0.98537887907276800  0.98628390705125046
  0.98724501144186816  0.98828245428474382  0.98950125453527149  0.99084981887210055
  0.99234809598754425  0.99405232379748376  0.99615642255765624  1.00000000000000000
   2.1952173817725074E-012  -1.0000000000000000     
 F F F F F F F F F F F F F F F F F F F F F F F F F F F F F F F F
  <DiscreteSampler_grid>
  grouped_processes
  1 # 1 for a reference and 2 for a running grid.
  10 # Attribute 'min_bin_probing_points' of the grid.
  1 # Attribute 'grid_mode' of the grid. 1=='default',2=='initialization'
  0.0000000000000000 # Attribute 'small_contrib_threshold' of the grid.
  0.5000000000000000 # Attribute 'damping_power' of the grid.
 # binID   n_entries weight   weight_sqr   abs_weight
    10   10   2.550202006428012E-003   5.148363287051649E-005   2.550202006428012E-003
  </DiscreteSampler_grid>
