  0.00190853683196490  0.00366905786936088  0.00480792854648206  0.00582284925103070
  0.00669044451688752  0.00745568174280315  0.00832853444819654  0.00939004906956056
  0.01050660123761805  0.01149536994400862  0.01248563255184360  0.01361466324329197
  0.01473964363158936  0.01583981848001726  0.01695753180719060  0.01804560631801037
  0.01916415293410376  0.02024763372012152  0.02147447056771302  0.02285323151027662
  0.02423122040629370  0.02560949465491507  0.02710241289814047  0.02865824556325561
  0.03021684311784715  0.03173530276298301  0.03327966065416126  0.03483840578524872
  0.03640937830266734  0.03783249678666682  0.03928049040628159  0.04051968760728826
  0.04155920312624697  0.04257145880215818  0.04369595012174240  0.04500591545718124
  0.04657486509962374  0.04838808106176832  0.05012850491436888  0.05186352380151883
  0.05457684231678007  0.05688036859373867  0.05890589751786483  0.06098407126639285
  0.06286224842713928  0.06460504476787145  0.06649376889985058  0.06866281041870030
  0.07114698177162194  0.07419528202776710  0.07797278185324391  0.08100823540124126
  0.08378084691316436  0.08660232243430845  0.08906931237307722  0.09109701818366116
  0.09276426454150634  0.09412071194796566  0.09534879300703616  0.09641823057425339
  0.09853471474594487  0.10040378115188694  0.10232547332928010  0.10437177081082591
  0.10632756302333847  0.10831137952392221  0.11026409626819275  0.11228851324409030
  0.11416308322716043  0.11622671947333485  0.11880717669585668  0.12077441857356697
  0.12258849208481480  0.12441782154298994  0.12682088592369267  0.12948720810797926
  0.13132149754742858  0.13268236262971475  0.13685341108395774  0.14441595216458974
  0.15355313261067455  0.16222326094903577  0.17008544775996176  0.17791452873814706
  0.18525902526635599  0.19276444149696750  0.20065787782007771  0.21260787855740429
  0.23728638215536552  0.26565036904218553  0.29112398572254478  0.33492714841332610
  0.38912084118004092  0.45174998501110580  0.53849633078456793  1.00000000000000000
  0.00569483497986953  0.01254957007117001  0.01649251719381582  0.02002299984244800
  0.02312968172204451  0.02583182546219428  0.02842226901052749  0.03057805853567725
  0.03283206337779090  0.03550753182223219  0.03826806301265358  0.04096643327263830
  0.04373284826076827  0.04655794589572010  0.04933797010016625  0.05210602681341084
  0.05496545481883687  0.05779287189485147  0.06047705831471104  0.06318172155873764
  0.06595313271507798  0.06866226806976662  0.07132526145659987  0.07439988256720362
  0.07703050436209263  0.07939872742192824  0.08168365294989828  0.08399817899348895
  0.08639069111022948  0.08883435546787825  0.09154360333016348  0.09436543935926900
  0.09713037618922850  0.09985428518109483  0.10258483904422873  0.10528152505754540
  0.10783590982529230  0.11030480066934972  0.11298290553420749  0.11600135177397466
  0.11930729582281747  0.12268002678938129  0.12589844954999413  0.12977505105831699
  0.13370078560950127  0.13762573336976930  0.14196370749162568  0.14729301064275599
  0.15403852444057839  0.16076932493420926  0.16515841295709244  0.16940694039953152
  0.17374550400352029  0.17788269442539867  0.18168260398438851  0.18416376747575752
  0.18692430328525200  0.18955725565519466  0.19202350373180435  0.19438596294091837
  0.19704659198488431  0.19961732154707507  0.20206679096976563  0.20448931824824249
  0.20711560354828223  0.20993659444834450  0.21264774288485419  0.21536761737768245
  0.21890224914952935  0.22271764880763603  0.22712235826595331  0.23565687532469881
  0.25230950357339765  0.27290398002971328  0.28163928553693762  0.29058790461257217
  0.30017373838387856  0.30843101295817554  0.31652097966491749  0.32467604327108468
  0.33221368586492689  0.34063395831013921  0.35152725954571701  0.36154931212314978
  0.37274893112094010  0.38526412014444950  0.39944218622921063  0.41664571449049981
  0.43344436639939088  0.45007546155465200  0.46971535087127625  0.50213699422662017
  0.55890280245574242  0.58769042723969334  0.65037762457289827  1.00000000000000000
  0.00000237010195478  0.00000279712011397  0.00000299211781774  0.00000314931875510
  0.00000335618424484  0.00000367707592408  0.00000410938746965  0.00000475241033696
  0.00000550030017167  0.00000639152267381  0.00000734764415525  0.00000843239361363
  0.00000949662406021  0.00001051543185139  0.00001158236307272  0.00001282418301131
  0.00001429789317945  0.00001600676167019  0.00001808013093813  0.00002065087031561
  0.00002356609749578  0.00002651448875765  0.00002909219033876  0.00003131011816929
  0.00003367081152889  0.00003629154690137  0.00003889973398644  0.00004144038229038
  0.00004409450606980  0.00004733579226580  0.00005148404368255  0.00005610267134052
  0.00006055147086053  0.00006652657566869  0.00007440744218745  0.00008224074706467
  0.00008864361347211  0.00009418310181339  0.00010009230875184  0.00010667645326999
  0.00011353168229066  0.00012140632367229  0.00012985695005030  0.00013813288404753
  0.00015360785211003  0.00016915911651178  0.00018659194371139  0.00020669557187136
  0.00022707381587334  0.00024739914049412  0.00026721976152857  0.00028731346274787
  0.00030756893119832  0.00032818985572548  0.00034960486720936  0.00037109239819108
  0.00039372068276790  0.00041858774036392  0.00044870750977242  0.00047968921267660
  0.00050862093505796  0.00054258602433142  0.00058179613867820  0.00062573590110600
  0.00067895183298841  0.00073976991762771  0.00082749615214112  0.00091481412082616
  0.00098812849324387  0.00106425102674473  0.00114925378943381  0.00125217245054851
  0.00138361029379615  0.00154038561169863  0.00172512696424400  0.00192705407129236
  0.00218781631294716  0.00253616582981968  0.00296438477583303  0.00348065928711882
  0.00404734214311053  0.00478038263009204  0.00572242115727580  0.00670749363177955
  0.00770451634171411  0.00894037957811892  0.01081303291111269  0.01349404444861720
  0.01636109480770204  0.02003036888534922  0.02720379061058639  0.03863514076517097
  0.06565031880517931  0.12509467146538122  0.46126049977454681  1.00000000000000000
 -0.00371131994811860  0.01918470608321730  0.04212935524137561  0.06106149699868002
  0.08225815743001941  0.10557908353531753  0.12865530753796456  0.14606230156405975
  0.16035746781494092  0.17814462899537137  0.20291272568337226  0.22672446295310067
  0.24357970226818892  0.25831801191673642  0.27292874394086847  0.28862610658780757
  0.30568305049042388  0.32341358510362883  0.33982500349778100  0.35426615613845358
  0.36921869888192649  0.38386915315755504  0.39748482308649558  0.41189542900362813
  0.42493905686486139  0.43735069583262182  0.44803224031338207  0.45952463209080280
  0.47123176551957802  0.48193729743008146  0.49278466224369505  0.50686038450062287
  0.52321721715853486  0.53625041319554290  0.54713386121151453  0.55661390767505325
  0.56575053021709287  0.57445430932045438  0.58276924047855838  0.59423048394143640
  0.60447944950937749  0.61542727710163525  0.62705050711321653  0.63835469150423352
  0.64852879517455075  0.65807362575596562  0.66729261052230704  0.67594833229533635
  0.68407222683532931  0.69077153620567455  0.69584331675042332  0.70094487585564791
  0.70647886641123225  0.71303450733025397  0.71934964952857494  0.72515369306015021
  0.73111879429368887  0.73693256074989033  0.74279954367238066  0.74773235585045328
  0.75499628261582608  0.76434157127078695  0.77293961537809541  0.77959051628691334
  0.78598769586677331  0.79228061036144581  0.79878656628170475  0.80535588483960174
  0.81171485300355029  0.81850916316910172  0.82546285954478082  0.83340534469987748
  0.84157127395734344  0.84881907087877795  0.85541105178110266  0.86127231042163765
  0.86837518814260328  0.87606905790340539  0.88319405853424993  0.88999621142824004
  0.89600662255349961  0.90270366499483390  0.90942935936722913  0.91631403189630534
  0.92353062888729986  0.93031906738589865  0.93696418575905382  0.94424124269699250
  0.95174554532018107  0.95885199613526095  0.96534181860121482  0.97122557763460415
  0.97766964368814691  0.98460252855043984  0.99203662736341180  1.00000000000000000
 -0.00331919952718956  0.01199485225664802  0.02589645960219599  0.03926942439539189
  0.05067515695347008  0.06152633636258059  0.07256879720493033  0.08386549510700432
  0.09396814701286663  0.10666011883652567  0.11854845334556616  0.12923110764844506
  0.13855559428254904  0.14770157551916466  0.15869240552814701  0.17103722077787489
  0.18167458405461964  0.19045659838534854  0.19960280865839855  0.20880222690831773
  0.21824982089738790  0.22712551033382450  0.23296922279865387  0.23809597848795916
  0.24347324523920383  0.25013922805845956  0.25661087000580762  0.26257264947808001
  0.26784037144719747  0.27327331126278098  0.27968480765598686  0.28604281405426185
  0.29255113603116956  0.30474395197867021  0.31590596310519053  0.32631209888987234
  0.33708541203481213  0.34968183565435912  0.36240342007623727  0.37490122969498957
  0.38587882061573353  0.39682758682157310  0.40808635768153306  0.41885458093461242
  0.43093996589765970  0.44235111887167855  0.45176637102708517  0.46219006140541891
  0.47240543845661970  0.48312518195470416  0.49582517573559370  0.50888531857922337
  0.52039135076345600  0.53177750959335546  0.54282353268397077  0.55259566252855952
  0.56241847256393773  0.57321870260371255  0.58387601912914755  0.59263119655242424
  0.60143484355119059  0.61003991538207381  0.61933133956524755  0.62991095591535673
  0.64129448947045509  0.65344922886510637  0.66535347096330066  0.67736746041132545
  0.68972397952135722  0.70208167096563479  0.71434242792570057  0.72678997736175566
  0.73916907233102302  0.75030737245093648  0.75881131982334449  0.76646253013384569
  0.77504086584062259  0.78482594058559396  0.79351008879562135  0.80165600689221317
  0.80992031860986480  0.82050479153189571  0.83294561305754888  0.84492315994305611
  0.85606999029261321  0.86733039048682281  0.87889318623779245  0.88946293307354418
  0.90094727723234802  0.91465873742448467  0.92905031035079244  0.94271837605338737
  0.95621758617643959  0.96999321508334446  0.98419613883690860  1.00000000000000000
 -0.00198511239533084  0.00471161952169539  0.01225787434372045  0.01998028832653426
  0.02824546541406948  0.03924170363910712  0.05202077420658142  0.06624235983117792
  0.08061021742590982  0.09619205999211736  0.11186302977150865  0.12691351340448537
  0.14204609190830231  0.15574960109234767  0.16899408712702510  0.18284108543099176
  0.19759486558229936  0.21277662927388555  0.22869344946132081  0.23985231331523144
  0.25110238938526913  0.26170076819508209  0.27234997308557035  0.28401220453470349
  0.29698457480470974  0.31065465481872717  0.32372751668952854  0.33578578415214394
  0.34805375612518624  0.36269601881560343  0.37653581790816038  0.39157456310751199
  0.40569213118971859  0.41864822258213308  0.43135447027164397  0.44296093470424397
  0.45607832873364546  0.46613181839858420  0.47616337752374072  0.48610947885289307
  0.49523353073051274  0.50481096845576823  0.51534320714403847  0.52645057198766443
  0.54061418160383656  0.55137787592532472  0.56198953603189983  0.57109732937714786
  0.58015406056874841  0.58982346357574889  0.60059090975232510  0.61064247416145778
  0.62106436313264446  0.63183229507670036  0.64404054579661374  0.65366685690010451
  0.66274735968040921  0.67249621361113732  0.68276343602481637  0.69361405390914410
  0.70532195739995818  0.71767804918342681  0.72914103572851507  0.73871100436634329
  0.74839489777139379  0.75952423110294720  0.77092623478426126  0.78001206984596627
  0.78784886003111954  0.79626776869038562  0.80581994679553814  0.81424443979203331
  0.82169589591976344  0.82951308426691328  0.83821684159872445  0.84846032958139794
  0.85926600876197023  0.86779127258573840  0.87661420782655342  0.88424288574582188
  0.89123321638271458  0.89857975968645576  0.90634082299510155  0.91427148610463416
  0.92131203716862498  0.92762648121411340  0.93502860526967202  0.94209615414308678
  0.94921728541765304  0.95626068914736051  0.96297055987857683  0.96955095549617354
  0.97537448270888250  0.98159089838999147  0.99049514195733523  1.00000000000000000
 -0.00305124675873258  0.01166799654537418  0.02400811799897536  0.03781676610032083
  0.04961802533933389  0.06199619621816049  0.07518476202837270  0.08895923619509416
  0.10369954051935484  0.12212376966085295  0.13325289788759179  0.14396323818939138
  0.15437882132708097  0.16497724446022441  0.17517036658026650  0.18460342128625776
  0.19445149858335498  0.20728640038411705  0.21713328442234325  0.22666175897605736
  0.23662791571250541  0.24612258519937447  0.25494624152318451  0.26286743425166204
  0.27064015478591985  0.28077442031762773  0.29201701055602552  0.30318996689511662
  0.31387196575686777  0.32439595848691211  0.33583009485112747  0.34782623039623956
  0.35830696577780557  0.36557553926046643  0.37262073659405226  0.37838361178496388
  0.38369017422492685  0.38948672163145870  0.39621488065051402  0.40230365256443934
  0.40835131709396538  0.41411020212948452  0.42123466936613496  0.43148945879548173
  0.44190763192519295  0.45330050519399107  0.46355857080989427  0.47366711909605863
  0.48235451971768550  0.49165525653071873  0.50028747163360343  0.50986658827388165
  0.51998776220201559  0.52970694941358065  0.53883687229851451  0.54834950939433114
  0.56003095698806438  0.57205228794267593  0.58264224661186248  0.59307974149442555
  0.60353754947410188  0.61508222501303100  0.62736457540948842  0.63924342831080938
  0.65062343154847824  0.66054015800576837  0.67129885654330324  0.68342492042224112
  0.69628430061635760  0.70817977888662342  0.71852947394450029  0.72841649154120958
  0.73904824298113547  0.75043037680448843  0.76046161397446987  0.76959492191266110
  0.77940153964353276  0.79133751755328186  0.80888798668447515  0.82544488577759767
  0.83896450569550407  0.85073371830109168  0.86197570397078749  0.87318934161408679
  0.88329793672783596  0.89161286756489322  0.89877864341060465  0.90816975912853271
  0.91779366612400293  0.92725688866072864  0.93739089679800158  0.94991890013153191
  0.96317360784394035  0.97659563199861943  0.98888121246669691  1.00000000000000000
 -0.00280173077603719  0.00983385329789207  0.02086720618313075  0.03213067901030018
  0.04288524775936815  0.05486021674851669  0.06449227293406289  0.07271912091218188
  0.08256267958781173  0.09185942443806254  0.10042154290813189  0.10942559367535964
  0.11819584845413753  0.12801656285043109  0.13862167261807481  0.14917414222172229
  0.16113346586792010  0.17318964151260446  0.18512758066149379  0.19925659356076464
  0.21330475738070323  0.22420321877866420  0.23478923761319573  0.24519730199650822
  0.25536940875967729  0.26517371706890469  0.27511003247257382  0.28558622285769264
  0.29396390362988994  0.30011489148905285  0.30622170723266295  0.31242950234935424
  0.31891452862977149  0.32562271372995644  0.33246826795574735  0.33955438327285692
  0.34617326819991961  0.35156690938697360  0.35790110453639512  0.36773267178366981
  0.37655249780072120  0.38446887361274168  0.39207308438639465  0.40019076754012467
  0.41001742990336171  0.41985413778835157  0.42923658627215511  0.43648719914601397
  0.45011513669044312  0.46163763594824841  0.47285967326200445  0.48337536046246588
  0.49327758659669135  0.50328077570382934  0.51344160180019849  0.52418191449603158
  0.53455001443072225  0.54471378946937421  0.55539280485725828  0.56633380975542524
  0.57759110461049434  0.58964906079743518  0.60329498669909243  0.61904843609790261
  0.63205250830618864  0.64292808765674070  0.65203850010031916  0.66171479087787366
  0.67371862350245315  0.68619234910122451  0.69613222695304622  0.70508427817634001
  0.71469227887906350  0.72511072509632168  0.73613788039751882  0.74870307409632508
  0.76290416241977366  0.77976271594808810  0.79784239464565998  0.81558948012144117
  0.83266209585437068  0.84754383751459028  0.86046343115020651  0.86961475447222036
  0.87764052664558967  0.88559562892711507  0.89453814050005276  0.90371144356983457
  0.91266248923020155  0.92208383959747642  0.93299801556005069  0.94666641754702407
  0.96350730288536324  0.97577579084934318  0.98772172043550066  1.00000000000000000
 -0.00731696755072930  0.47887467013211327  0.60564449929311104  0.67698307389472889
  0.72917420322567006  0.76945694780529350  0.79723856256543635  0.82009289165141086
  0.83936684446651422  0.85455097570178529  0.86800919924199893  0.88006936555971571
  0.89030458220900655  0.89877741120246479  0.90588134927190100  0.91306191145818860
  0.91811748225471623  0.92224187751649289  0.92605432080433281  0.92987443959167526
  0.93346530077443102  0.93676273044679659  0.93952599966992301  0.94189119780747443
  0.94431629573684861  0.94665331684150333  0.94880750892176224  0.95075444209649218
  0.95255934517838636  0.95426818143719772  0.95602539269804609  0.95769436078178460
  0.95905914816694449  0.96020218873891583  0.96126136901535775  0.96228443156929855
  0.96332070379795653  0.96434959736362680  0.96534559458206626  0.96632655624936514
  0.96730201036366570  0.96825402119550075  0.96921255631120151  0.97015752428843460
  0.97103272377859817  0.97187825238062897  0.97273074077851052  0.97353705677224789
  0.97427394314982407  0.97497003149523664  0.97568181553240929  0.97636906462163486
  0.97709977168156315  0.97776468960519547  0.97838575080486667  0.97894738825801952
  0.97943394921544025  0.97997751136275624  0.98050851472714018  0.98098511384272635
  0.98146023301599106  0.98194917759121381  0.98247535959848864  0.98306761667425635
  0.98359226754299744  0.98409112438214441  0.98459774930150645  0.98506419224984110
  0.98551704018924535  0.98598481753597966  0.98641870632960882  0.98690488604886917
  0.98742309193128941  0.98790880897237343  0.98840777044876194  0.98891091975370005
  0.98938270244799997  0.98982739460351654  0.99024040092556331  0.99059503957241002
  0.99095570323455151  0.99132529156666627  0.99171808941300854  0.99211210805151306
  0.99250985108299927  0.99291351939280448  0.99334304874723200  0.99382956111391063
  0.99432793858016277  0.99479934591697061  0.99523217664536934  0.99572697376997754
  0.99628617430547162  0.99695640951479547  0.99798245701022636  1.00000000000000000
   1.1367853967796043E-020  -1.0000000000000000     
 F F F F F F F F F F F F F F F F F F F F F F F F F F F F F F F F
  <DiscreteSampler_grid>
  grouped_processes
  1 # 1 for a reference and 2 for a running grid.
  10 # Attribute 'min_bin_probing_points' of the grid.
  1 # Attribute 'grid_mode' of the grid. 1=='default',2=='initialization'
  0.0000000000000000 # Attribute 'small_contrib_threshold' of the grid.
  0.5000000000000000 # Attribute 'damping_power' of the grid.
 # binID   n_entries weight   weight_sqr   abs_weight
    10   10   3.359894267643256E-014   6.572641834982836E-027   3.359894267643256E-014
  </DiscreteSampler_grid>
