  0.00000025915745378  0.00000028667352057  0.00000030717536720  0.00000033165997225
  0.00000035651651044  0.00000038553364648  0.00000041672722603  0.00000045084604892
  0.00000048847888343  0.00000052949802998  0.00000057393286668  0.00000062272803723
  0.00000067560540742  0.00000073251578178  0.00000079732058661  0.00000086585883617
  0.00000094094974030  0.00000102350167213  0.00000111336580870  0.00000121009729419
  0.00000131932929516  0.00000143523417307  0.00000156359097951  0.00000170329001669
  0.00000185329884307  0.00000201632715604  0.00000219394017133  0.00000238446564632
  0.00000259106278307  0.00000282314656378  0.00000306702342562  0.00000334000175193
  0.00000363805319779  0.00000395647301723  0.00000430695071951  0.00000469297079749
  0.00000510277053384  0.00000555862100415  0.00000605917772747  0.00000660033214552
  0.00000719656409505  0.00000784725456554  0.00000854764439308  0.00000931408572408
  0.00001014915556581  0.00001104280629630  0.00001202498764596  0.00001313228302336
  0.00001428549974726  0.00001562595708736  0.00001705875135494  0.00001862277404817
  0.00002035677254240  0.00002225953997610  0.00002430644596027  0.00002663779729760
  0.00002918854223746  0.00003201794715812  0.00003521810393379  0.00003875618189889
  0.00004266335582461  0.00004703043106695  0.00005183233629609  0.00005708090456614
  0.00006300044611961  0.00006978626843851  0.00007729525719080  0.00008581198235060
  0.00009547930015765  0.00010608692033330  0.00011860907100477  0.00013332238248890
  0.00015025583808845  0.00016969548843458  0.00019242472751703  0.00021904600029624
  0.00025123245981294  0.00028913448410701  0.00033180431833335  0.00038645371288615
  0.00045908780366414  0.00054665952980340  0.00064136122317208  0.00074028436704977
  0.00086387833012778  0.00102474250294355  0.00125469845615264  0.00155824421581471
  0.00191215753899620  0.00230655957561757  0.00297845972239646  0.00423299996508884
  0.00575330086167445  0.00846003716408260  0.05237981856949563  1.00000000000000000
 -0.00235398826079378  0.00967270720715844  0.01988514004750593  0.03030626468456388
  0.04080913564299106  0.05132662493717993  0.06194411387179802  0.07239466616920064
  0.08282613476317244  0.09329984019388750  0.10374573620627763  0.11443253949681610
  0.12526203312390916  0.13609984733593622  0.14663676317845534  0.15705559151182819
  0.16749468401859718  0.17804374933903408  0.18849446829553801  0.19903526553972301
  0.20967227748971479  0.22032632980379901  0.23088969340092863  0.24135894582816064
  0.25186854203839310  0.26238063580999610  0.27300860560199969  0.28359433477947094
  0.29418366358629289  0.30465357149643035  0.31524516965426708  0.32587351692560856
  0.33646053983895474  0.34702620415094926  0.35768553582926432  0.36836565697558304
  0.37907253021124415  0.38967601335612789  0.40022898996859890  0.41082250361935491
  0.42142962530433370  0.43222009629988783  0.44292226543011376  0.45365751852528896
  0.46448414125981313  0.47526017061886761  0.48584362673359088  0.49637977559994489
  0.50695989620505044  0.51767613712735228  0.52816934831725348  0.53872039045340270
  0.54926628108089914  0.55980548432821065  0.57017779336239327  0.58060263249981370
  0.59119985632497662  0.60186061471970120  0.61244344557082075  0.62293738190600922
  0.63343069110591843  0.64389456847864779  0.65425575854862650  0.66450546789970710
  0.67486983994039096  0.68533449028951876  0.69590611710646599  0.70648893736407015
  0.71716065073718727  0.72777531225488457  0.73827243063537473  0.74859237919441901
  0.75901587633757195  0.76943879504059476  0.77998468488062822  0.79047255997550236
  0.80095813652679293  0.81152645449885819  0.82203991761213480  0.83247442247825021
  0.84272257223564329  0.85301862981019616  0.86334568974491832  0.87362740125926830
  0.88398576723195454  0.89430195676663349  0.90481077086840223  0.91533160423088133
  0.92604979553429512  0.93663080028495516  0.94720623171529539  0.95762270155357421
  0.96812237766651155  0.97871349446457789  0.98935546467430124  1.00000000000000000
  0.00256013863471118  0.01069220859386073  0.02040219878444645  0.03013615633474417
  0.03982683390066344  0.04948602282181837  0.05910690002309565  0.06877528222148399
  0.07846434155898371  0.08821731775337913  0.09801269803600210  0.10789239463544777
  0.11783812009380602  0.12782596700043569  0.13786182279200043  0.14794152613246361
  0.15807595065806848  0.16826524658496986  0.17853633145499237  0.18889098366608670
  0.19935475573701034  0.20989585787174309  0.22053564598940711  0.23124892859671908
  0.24205535805382108  0.25295092776436484  0.26391395350694591  0.27496272053473153
  0.28609272907737943  0.29732100487850177  0.30859545439917202  0.31992568300301033
  0.33134761592627648  0.34296019124781774  0.35468916361143388  0.36651338968137120
  0.37837848426316495  0.39026796194246421  0.40220937461477269  0.41419843028769615
  0.42616946979065978  0.43807519209599144  0.44996847868303669  0.46189131700973268
  0.47381192499738950  0.48578748285946188  0.49783657106395790  0.50987266416116339
  0.52189916233173828  0.53386167647763205  0.54574901385963370  0.55747191254641493
  0.56912020479237913  0.58081142916296058  0.59259568381721328  0.60434418087395980
  0.61600692681174363  0.62762998301274564  0.63923094034507377  0.65062299518010158
  0.66188963837823078  0.67319185234445000  0.68449207893703068  0.69574974224419384
  0.70680858396484847  0.71775760468901550  0.72854779093070243  0.73924178933787166
  0.74976852375808145  0.76005425503669222  0.77036972386553693  0.78065505612645869
  0.79094139566944366  0.80096078920916081  0.81070882980454428  0.82019265639716998
  0.82955964827775375  0.83882662192043422  0.84803953807759702  0.85718412680170575
  0.86629899080027217  0.87534236684845845  0.88424957398499160  0.89306108333150636
  0.90183890572770520  0.91060125193471619  0.91930196154335264  0.92790071736479640
  0.93645898434607089  0.94509310767734478  0.95385645329648794  0.96264130829980976
  0.97148555210395748  0.98041068063238701  0.99006591309281078  1.00000000000000000
   1.7770043626292585E-011  -1.0000000000000000     
 F F F F F F F F
  <DiscreteSampler_grid>
  grouped_processes
  1 # 1 for a reference and 2 for a running grid.
  10 # Attribute 'min_bin_probing_points' of the grid.
  1 # Attribute 'grid_mode' of the grid. 1=='default',2=='initialization'
  0.0000000000000000 # Attribute 'small_contrib_threshold' of the grid.
  0.5000000000000000 # Attribute 'damping_power' of the grid.
 # binID   n_entries weight   weight_sqr   abs_weight
    10   10   3.313444283231933E+002   2.230130674845426E+005   3.313444283231933E+002
  </DiscreteSampler_grid>
