 -0.00000615731526235  0.00053576963198266  0.00146037246288616  0.00249245073257255
  0.00365242288643473  0.00494238731337011  0.00622369261317594  0.00734413121964474
  0.00864080169714539  0.01002982682470992  0.01155814698204895  0.01289288448205372
  0.01406744388529975  0.01526264137300845  0.01635362789941655  0.01748194378810902
  0.01854484066234923  0.01952554143722940  0.02044077519337062  0.02129637530195456
  0.02219673933049819  0.02311002805472978  0.02401574447264955  0.02499072853037710
  0.02636651219160179  0.02789901273422190  0.02931616767893104  0.03064088673583880
  0.03198423793807753  0.03319546289813341  0.03438773512398745  0.03570795685231925
  0.03707801450647125  0.03837039397486419  0.03965618293828785  0.04105013887598520
  0.04231940877269899  0.04365533469792280  0.04481284552870538  0.04625409470083427
  0.04841981213355737  0.05084505703276182  0.05341265123998364  0.05600413605877320
  0.05857232840743230  0.06109978593245148  0.06307317985100405  0.06507414921642882
  0.06724288313816253  0.06908699259389130  0.07104642155046445  0.07289484202687158
  0.07531850737107471  0.07790209536887317  0.08026067596040579  0.08228831485764149
  0.08484666848970639  0.08760024224966437  0.09054241846364933  0.09353216450542347
  0.09657113511881900  0.10024175857160794  0.10453035656936956  0.10980000604048960
  0.11666302613227324  0.11815954833859081  0.11993576293765600  0.12220451945056476
  0.12471444192038779  0.12737195537106233  0.12988809251358896  0.13218467761887304
  0.13439224940970035  0.13682685986788903  0.13904240254684483  0.14136045963656643
  0.14381512377604100  0.14652760879424884  0.15019528445616165  0.15312318072714323
  0.15502360406477550  0.15674884494041949  0.15852927521365479  0.16029838684013756
  0.16301690816367848  0.16722314146738015  0.17146743887436727  0.17603343250647563
  0.18030298485795343  0.18569840481287500  0.19342969248092959  0.20414773332351185
  0.21717320706631180  0.22296241322037749  0.22315287615788190  1.00000000000000000
  0.00000211621881867  0.00002005972772999  0.00004347842101073  0.00006129598809533
  0.00008942695666273  0.00011852959832750  0.00014520935006508  0.00017177271323739
  0.00019370692889311  0.00021749806019209  0.00024096250630066  0.00025768916878549
  0.00026978608454170  0.00028149261956953  0.00029524182413824  0.00031167953700144
  0.00032942176196230  0.00034758316397744  0.00036199311437409  0.00037412968853797
  0.00038596519912701  0.00040231345523775  0.00041930559173139  0.00044138791619119
  0.00046363958042116  0.00048557716917939  0.00050620942438451  0.00053015153079755
  0.00055710642997162  0.00058339010661799  0.00060975785160528  0.00063787669391654
  0.00066839807654657  0.00069677419747478  0.00072959399902043  0.00077954603394790
  0.00082490978199756  0.00086954838235783  0.00091831287554910  0.00097587793607362
  0.00103165723340026  0.00108774834119677  0.00114558020870349  0.00120546417429493
  0.00125863466506170  0.00131358111705931  0.00138020488545374  0.00145628239230639
  0.00154712117608131  0.00166696819680794  0.00180937819757369  0.00189108296946934
  0.00194264401322173  0.00199398943940201  0.00204437609177359  0.00210490384307384
  0.00218984115990540  0.00228766122847571  0.00237437190338281  0.00244346096261699
  0.00251518504657603  0.00258890290133752  0.00266560089035742  0.00275412075640740
  0.00281200853822871  0.00289128243506709  0.00299394858117268  0.00312286152197462
  0.00328398210857572  0.00346954514233385  0.00366617768825772  0.00384576707589711
  0.00402551770953827  0.00421186441220715  0.00441398099538865  0.00461911742973143
  0.00488724630891235  0.00521992357461989  0.00559014745444979  0.00599792013235260
  0.00645414841813749  0.00693242229035556  0.00753168463297339  0.00831252884383619
  0.00913111430872301  0.00983094649935303  0.01062561086115511  0.01181428208465547
  0.01483354213013796  0.01875942179444037  0.02299242099849700  0.03463258110889290
  0.05657702008865692  0.08724809572620078  0.12912417957345818  1.00000000000000000
  0.00021949285288793  0.00063790067402862  0.00082898151284914  0.00095707746027440
  0.00107733802449348  0.00127353121251727  0.00154025309927541  0.00185423232519423
  0.00216677429786458  0.00234743212968565  0.00255261659554199  0.00279795689297011
  0.00312145823299166  0.00341283633367441  0.00365320110240489  0.00387148995666391
  0.00409395412082388  0.00433804189252982  0.00464085959919209  0.00509936106136391
  0.00560095339304392  0.00609994498619286  0.00652840034693388  0.00697184056051495
  0.00746395525322490  0.00802652498880875  0.00865820591413407  0.00930362585400952
  0.00992353329788088  0.01049808324920454  0.01109665241480370  0.01166782337755437
  0.01216308707731498  0.01263748132488820  0.01325829473906882  0.01410776660819210
  0.01539949960973018  0.01680318086679423  0.01799578233289656  0.01904017460748276
  0.01992948393512492  0.02068163302573184  0.02130835484639538  0.02187385718208365
  0.02253276173279342  0.02333468398154332  0.02419937902982932  0.02476596794160160
  0.02528937113715394  0.02582939638001250  0.02639070198972558  0.02700678600067387
  0.02758947582566260  0.02814272964680838  0.02856034668141050  0.02901264919503142
  0.02954449290070871  0.03032880959513886  0.03148893672911129  0.03323536842624228
  0.03460573961674442  0.03555151903365282  0.03637839649764073  0.03705756290859017
  0.03778281382169648  0.03842082828923771  0.03929221536035754  0.04034980737747675
  0.04142017311370839  0.04225840044122216  0.04300315411244037  0.04383567658589619
  0.04468203121764009  0.04563776249930387  0.04722161287111369  0.04906853785066429
  0.05077581437379327  0.05225623585745484  0.05374363378830563  0.05511731592040522
  0.05688915112525915  0.05936227661381378  0.06206834136962357  0.06570003709002496
  0.06969321779425248  0.07375846753687104  0.07959161081124436  0.08593577917751553
  0.10293746715364421  0.12926072630630114  0.15582410800856722  0.18279379956369810
  0.20981808122978474  0.25368440891674482  0.37995977754119892  1.00000000000000000
 -0.00227674890818879  0.00735621199314692  0.01688210524608773  0.02717014349779039
  0.03730731361770056  0.04598362575845886  0.05361057087066884  0.06204634027439405
  0.07618710679746236  0.09281836162166242  0.10709091332015239  0.12078016477617347
  0.13342988488117860  0.14562703292922141  0.15587757536819064  0.16474962825633549
  0.17236603382472712  0.17918074313750132  0.18606252211977886  0.19423047305044500
  0.20389259422635889  0.21281161045764280  0.22092194412318425  0.22751367499269806
  0.23742944357949927  0.24844668182594601  0.25985066684212021  0.26987968573353499
  0.27721534405347242  0.28373237122558065  0.29123844520877662  0.29812588792852535
  0.30483129126062192  0.31179139421923835  0.31956886333645457  0.32739642016455578
  0.33626672773464039  0.34662414424873411  0.35705036329248108  0.36730948944210939
  0.38094918092456359  0.39427788850292927  0.40745720957283182  0.42203843957613707
  0.43497629682171401  0.44440142288996998  0.45253446645407835  0.46063877294922828
  0.47057971256653347  0.48227873072928679  0.49263930306816517  0.50350998305432504
  0.51329311593320659  0.52385135888551249  0.53484416676613100  0.54719548736208978
  0.55754241676434935  0.56640455907624465  0.57539292654430585  0.58488592519587268
  0.59521952887261476  0.60657472301575144  0.61720595395870603  0.62642464720355073
  0.63643307556641382  0.64766864208446706  0.66260889561739389  0.67812907415732138
  0.69491797046630022  0.70845512483534367  0.71712048892746805  0.72451927262102978
  0.73203886020132758  0.73879189547742186  0.74480630636172507  0.75072477555324568
  0.75636688310228184  0.76244991734059109  0.77254302348686810  0.78593728688935827
  0.79717359019005007  0.80811510608231096  0.81998635288148281  0.83436057091313187
  0.85153634185188642  0.86502075019903035  0.87750254240394976  0.89092876833031298
  0.90508426706997769  0.91833616280918073  0.93117029202618828  0.94472621983562843
  0.95957595918984084  0.97234088519357920  0.98647224430882885  1.00000000000000000
  0.00395004547825569  0.02284667694101579  0.03514481439075485  0.04314355154558234
  0.04940317188772480  0.05490940483703613  0.06043711449580617  0.06592331839785993
  0.07100818572075550  0.07582720137550447  0.08043319090151665  0.08482420441206225
  0.08961524308065100  0.09428020639044826  0.09952588421665301  0.10375113878199592
  0.10645051133664780  0.10853094645949825  0.11062335874676069  0.11271640170343296
  0.11463257269180739  0.11643346956648366  0.11815882707738136  0.12000190324233220
  0.12185135537516206  0.12405991208964903  0.12697228782100492  0.13027501160778143
  0.13341551852403474  0.13612762239246781  0.13865973557999475  0.14131587548341479
  0.14419753576979094  0.14731871882054454  0.15044420167163430  0.15344906157511204
  0.15616310283832160  0.15856851418649748  0.16097478103244803  0.16293971574000968
  0.16528227282208649  0.16822876386388227  0.17235545638718433  0.17720299255217145
  0.18124897808838469  0.18403960940108202  0.18635251269459721  0.18863867031794515
  0.19098050075801337  0.19388287283808819  0.19763295287525018  0.20193213289948739
  0.20778308487472738  0.20960397210377554  0.21107490561101766  0.21260224843693920
  0.21393947762070120  0.21529980081557920  0.21684488096817509  0.21926165827634025
  0.22224712802537372  0.22467033171056480  0.22671910614373841  0.22888532889305396
  0.23154864635706884  0.23416882282157039  0.23708457347794162  0.23976855664956775
  0.24212721850746161  0.24433213339843085  0.24641695599865884  0.24842312197986868
  0.25041733557763879  0.25261943004553589  0.25474586303636354  0.25684089939645965
  0.25903719890421345  0.26114165199975420  0.26294867606663530  0.26450693710936440
  0.26659533119208989  0.26975887700769424  0.27367606738688455  0.28600180099154798
  0.30041744625846412  0.31971806212708431  0.33793627447743230  0.35344084134589537
  0.36649068875815838  0.37628729292212415  0.38088844047684400  0.39054842694353120
  0.40261548775299433  0.44175603941459179  0.61478647020444566  1.00000000000000000
 -0.00421980556155447  0.01590605138754594  0.03329006310946138  0.05075097199776971
  0.06759313689395954  0.08129166771171172  0.09262072914871677  0.10403500130513135
  0.11567250994942668  0.12778441792599579  0.13880736658580470  0.14871554151093844
  0.15816765067078445  0.16794218896280380  0.18047226232848212  0.19435781493773968
  0.20960903618414900  0.22093242643069300  0.23082694987396479  0.23972708729953315
  0.24790359573102941  0.25577279135831760  0.26355534695087818  0.27212325183474606
  0.28261766211077305  0.29424940338512551  0.30473698318006520  0.31485603715438071
  0.32500416773183627  0.33402365462973738  0.34264690632680056  0.35177880410098084
  0.36324626124134674  0.37822900747149840  0.39098151969069245  0.40379731892278187
  0.41507394357804595  0.42541849120480474  0.43696535813716153  0.45270160238484791
  0.46508834596166965  0.47714062356170100  0.48577945458240207  0.49170333392316673
  0.49684699507935426  0.50310789423740399  0.51057011539128705  0.52054963238286334
  0.52983790130417363  0.53831890747147648  0.54818981151394575  0.56114579945307252
  0.57477074519653326  0.58696270670167761  0.59828895359424694  0.60911889789298301
  0.61982595937357776  0.63120841454057974  0.64266385591249164  0.65384802460912184
  0.66440565668373286  0.67591264624789116  0.68712699194586846  0.69561031850605792
  0.70494101289126188  0.71062236209670870  0.71502077582064194  0.71935235475064885
  0.72582206647142111  0.73512941074600013  0.74599525852618853  0.75538432945639233
  0.76406922470109251  0.77187918521378851  0.77909939180474164  0.78632149152405262
  0.79396482120889322  0.80212173295429590  0.80817402535297300  0.81495904567829591
  0.82592694453550974  0.83925486438491048  0.85266603755651493  0.86616873345194212
  0.88063523049413317  0.89275237852426736  0.90190608063873035  0.91148452807666913
  0.92004249413481376  0.92809203868154688  0.93710903990356909  0.94654424539631243
  0.95714456030888639  0.96979270731623024  0.98359935302798884  1.00000000000000000
  0.00577816288636352  0.00943748312563469  0.01200475516889308  0.01381861315969904
  0.01531721964086902  0.01680094196897539  0.01819543620477661  0.01943802713103446
  0.02060756629782252  0.02149114928018341  0.02230746922716566  0.02313933880219999
  0.02399305431777032  0.02479795974852379  0.02558517286473114  0.02643134469734704
  0.02729079260509690  0.02815663310975002  0.02900151060344731  0.02978150694193950
  0.03053797794516935  0.03127943824231092  0.03196135654475808  0.03265416892352151
  0.03337691500114225  0.03408198620652676  0.03471965647037880  0.03530968354471636
  0.03596122718950528  0.03674467768790930  0.03759793865312529  0.03847355813899193
  0.03932139528070530  0.04014935000769721  0.04087137720076117  0.04159355813982407
  0.04235781243787190  0.04312472206721741  0.04389249648021157  0.04471989039045120
  0.04560698105007677  0.04651180619622428  0.04738345800943607  0.04818646991329006
  0.04891889018397268  0.04994109230671373  0.05100593794256077  0.05200938058870669
  0.05305651513528407  0.05390023196424776  0.05480494997634387  0.05570651685688724
  0.05663855288910493  0.05794897047985226  0.05966124558028335  0.06118353913973227
  0.06235904578960470  0.06341747384906637  0.06438434827048109  0.06536353706603208
  0.06645203374684025  0.06763111205132231  0.06916258884981330  0.07055650246795685
  0.07191005758809364  0.07318962212186868  0.07443784658836450  0.07556269417857420
  0.07653847603895747  0.07782052382190512  0.07883920611958953  0.08015526768947578
  0.08152573795886277  0.08298645011681910  0.08505383921331283  0.08762976352231366
  0.09080250995083897  0.09452715846225108  0.09700181890018586  0.09945689736541712
  0.10185764895155684  0.10441301864144428  0.10761447575830611  0.11112781466565039
  0.11423452212658479  0.11856693415215497  0.12288948138249635  0.12815944177251257
  0.13460164527393387  0.14088020291677728  0.14576114076258789  0.15701531726218065
  0.17204155055086046  0.20039809775886741  0.47179845838179352  1.00000000000000000
 -0.00150139814242891  0.00613969362743216  0.01328558049532004  0.02050969090780763
  0.02746966263571264  0.03486291902618372  0.04479045695275045  0.05682040702605798
  0.06926327560628275  0.08120396265002935  0.09266658582256243  0.10434049621424948
  0.11705915409453918  0.12964931867164084  0.14169315168870006  0.15426036073209906
  0.16877728327523128  0.18314354375276759  0.19638819090489087  0.20815350043412609
  0.22002074741008820  0.23122627714078059  0.24610769078876618  0.26363195515611559
  0.27883419442535795  0.29286161711421443  0.30571209857169135  0.32136063553317573
  0.33773065695928478  0.35451185390899048  0.36504622357116751  0.37484676644919190
  0.38328277447799558  0.39114994090658323  0.39966027437767165  0.40784249466694494
  0.41645983100841416  0.42496404145867894  0.43261999959452130  0.43983711693444300
  0.44710120802417164  0.45388830416726078  0.46666648478954459  0.48257246189114966
  0.49535310556143397  0.50752621240740325  0.51851028525175513  0.52879256333880009
  0.53809749841974008  0.54682330553604241  0.55735338461507522  0.56690510887786894
  0.57607796091593200  0.58405020274093677  0.59186989033987036  0.59983284248408841
  0.60773637482329090  0.61541296205573925  0.62171110178623112  0.63036157697245321
  0.64144513052678920  0.65513549581706088  0.66837176860336500  0.68029273435060977
  0.69246653286098514  0.70437735328161477  0.71712042357235972  0.73240937728343158
  0.74258861754021022  0.75236014800129292  0.76178039040773371  0.77093223497800722
  0.78104265946126816  0.79250975305408422  0.80306162118192537  0.81371806105290601
  0.82344351751143363  0.83292027318744633  0.84093222752271035  0.84746199644357867
  0.85334977642973586  0.85995823515104430  0.86830087993621807  0.87688296700880075
  0.88690746446192892  0.89787042566562447  0.90815566196381103  0.91809120692855239
  0.92795364697523408  0.93720828797973854  0.94598229094652952  0.95451381317732176
  0.96346405248881373  0.97432913264855314  0.98619259647011204  1.00000000000000000
  0.01991362726784536  0.48683640216790880  0.61189027515047434  0.68388677773181461
  0.72992605691092427  0.76271279035662376  0.79146727206507073  0.81694219352582165
  0.83382583176832248  0.84789989614936956  0.85986314524355423  0.86976373637310767
  0.87737733927231176  0.88350975864523740  0.88986563298161192  0.89578376976817742
  0.90056777572164570  0.90453686286044344  0.90868246551082832  0.91291132612241588
  0.91664616904118235  0.91976067412543039  0.92270480829848822  0.92547376080448474
  0.92785370847718462  0.93015160868090441  0.93209981288065991  0.93412709359707202
  0.93625053660154700  0.93845272242600153  0.94054746621374252  0.94239086703675357
  0.94412001578459093  0.94588494483793095  0.94760774998655339  0.94945116825774578
  0.95132638891873011  0.95283315851963857  0.95418193915325678  0.95550398225010214
  0.95677962416592655  0.95790324527962922  0.95894795144774370  0.95996071113860371
  0.96066731486587975  0.96143801741307977  0.96225319877338988  0.96306166317816211
  0.96386075187619091  0.96459527274839374  0.96537502859127755  0.96633291635597318
  0.96729073292502032  0.96814372111853542  0.96892521124858155  0.96965718537666179
  0.97036236366695761  0.97104206959102346  0.97164461069532770  0.97225299486446903
  0.97286572234282376  0.97348296053067784  0.97407685657846366  0.97468368316297072
  0.97532844709996358  0.97595854809211557  0.97682947778434959  0.97776620394332125
  0.97869728934281219  0.97959035341087919  0.98040723293669185  0.98121699526441386
  0.98200027485897512  0.98266019289581330  0.98313188430584697  0.98365159522535406
  0.98417039164659825  0.98459758917437101  0.98502308436142449  0.98544177827925772
  0.98584666251995179  0.98625898460294414  0.98672566488973446  0.98726030926842245
  0.98782904481201717  0.98842914154877237  0.98900927130932370  0.98961062473908579
  0.99024062914059152  0.99094882245971971  0.99170818588407339  0.99256248109932410
  0.99352629227326084  0.99458781153744691  0.99612998648658457  1.00000000000000000
   1.2201636200364918E-012  -1.0000000000000000     
 F F F F F F F F F F F F F F F F F F F F F F F F F F F F F F F F
  <DiscreteSampler_grid>
  grouped_processes
  1 # 1 for a reference and 2 for a running grid.
  10 # Attribute 'min_bin_probing_points' of the grid.
  1 # Attribute 'grid_mode' of the grid. 1=='default',2=='initialization'
  0.0000000000000000 # Attribute 'small_contrib_threshold' of the grid.
  0.5000000000000000 # Attribute 'damping_power' of the grid.
 # binID   n_entries weight   weight_sqr   abs_weight
    10   10   1.301293612154624E-006   5.561358723926621E-012   1.301293612154624E-006
  </DiscreteSampler_grid>
