  0.00173594306644982  0.01106367597696049  0.02257532605418777  0.03437903171982239
  0.04727496361656634  0.06125145692872407  0.07494111603961033  0.08794291300517817
  0.10111907180333918  0.11422711415361086  0.12708357108208490  0.13959543098869165
  0.15210958560947965  0.16466698530645688  0.17697335005535958  0.18920889258500634
  0.20153886396634824  0.21282558098039203  0.22318557917569468  0.23334297167494167
  0.24424151090135923  0.25564080298396658  0.26700624510725057  0.27880897150945200
  0.29055926573801533  0.30244753902967819  0.31392105342650117  0.32502851951572115
  0.33562917024483102  0.34703089635815704  0.35910932373528764  0.37119079123173948
  0.38241285997624996  0.39319443781281599  0.40359059077916715  0.41361516528088671
  0.42393619592395815  0.43479984594673271  0.44585218424071116  0.45693204767996048
  0.46835466903630973  0.48009392793988354  0.49211046357253918  0.50393137133248278
  0.51525769952598122  0.52582140992268478  0.53597491461472424  0.54622508838066852
  0.55668722092214507  0.56757200835794719  0.57891152541173918  0.59006827585491373
  0.60065737990353285  0.61119052298081744  0.62120633569123440  0.63112347758679277
  0.64125596014633024  0.65291379942315664  0.66616167559040185  0.67933117309518976
  0.69142340841544092  0.70202343975233394  0.71190190313672164  0.72149990632049010
  0.73110783997108542  0.74088988059737559  0.75150769330229816  0.76343619026971099
  0.77583870414758127  0.78737344819841026  0.79828149568943352  0.80890792328678973
  0.81991132036552161  0.83116857122796128  0.84234406833226849  0.85318595521995011
  0.86411548161822438  0.87508574780493142  0.88594616120306624  0.89661245209563323
  0.90610292549983229  0.91496993016760741  0.92377585690109787  0.93283671522014655
  0.94156226010505439  0.94956246716896708  0.95671868353320488  0.96307946383314991
  0.96899479616265027  0.97502294723996197  0.98104360486145670  0.98614452503840944
  0.99019474190384482  0.99370604841501675  0.99693812338390053  1.00000000000000000
  0.00000253271779368  0.00000273517578190  0.00000291660602118  0.00000311935992832
  0.00000332900972547  0.00000355100373599  0.00000378590538416  0.00000407880257677
  0.00000445488483567  0.00000483763440921  0.00000523735631428  0.00000564096863431
  0.00000605295461274  0.00000649315081228  0.00000695912879749  0.00000758331543815
  0.00000831886963842  0.00000914528496592  0.00001005320668902  0.00001106206129407
  0.00001216725913168  0.00001342520785088  0.00001486499876728  0.00001654349067667
  0.00001848199306983  0.00002063130359953  0.00002295280271858  0.00002549989097273
  0.00002835284431673  0.00003131525674363  0.00003454987226939  0.00003829639583467
  0.00004270416351373  0.00004773340254540  0.00005315849356272  0.00005879043281027
  0.00006476942873968  0.00007096944789388  0.00007758422720511  0.00008477097099622
  0.00009230226008614  0.00010036001245909  0.00010912970310868  0.00011919787354995
  0.00013055681612084  0.00014338830991533  0.00015738465629868  0.00017287251942623
  0.00018912322481546  0.00020581376943043  0.00022347802948976  0.00024202776066036
  0.00026147021610011  0.00028265093594571  0.00030666622840456  0.00033409063217313
  0.00036406909173514  0.00039779577978292  0.00043413906297431  0.00047451350816139
  0.00051856398289241  0.00056433072575017  0.00061092174957702  0.00065905828732988
  0.00070959703346909  0.00076370752726181  0.00082163716531956  0.00090309297838139
  0.00099358978792048  0.00109292608143530  0.00120732273339981  0.00133923499686803
  0.00149123108472346  0.00166507833069498  0.00185601415895870  0.00206818690135167
  0.00229152848039741  0.00252525771012074  0.00278004917045886  0.00309325151338688
  0.00347067665262518  0.00391348193379095  0.00443031788136463  0.00503892753026933
  0.00587938460985070  0.00690396288372083  0.00807108011755098  0.00954299107807723
  0.01158365536101879  0.01415998620355392  0.01783116305957846  0.02406744757241075
  0.03567958823156223  0.07273790140744896  0.52870390455124106  1.00000000000000000
  0.00011209273802684  0.00033438921098130  0.00049259471055666  0.00063804781123642
  0.00076966054576836  0.00089509024340564  0.00101606451593842  0.00113991148954155
  0.00125948677421770  0.00138682275017357  0.00152482930672521  0.00166995287149060
  0.00181947163859777  0.00197747033434326  0.00215017392797789  0.00232431455704410
  0.00250629851846665  0.00269162833616623  0.00288598226479664  0.00308365609450120
  0.00328445278062632  0.00348955187903483  0.00369964467171075  0.00391677897781718
  0.00413254634982594  0.00434743179363919  0.00456398572545596  0.00478242048988979
  0.00501574596858911  0.00526491461643597  0.00553773986929045  0.00582943876550393
  0.00612528819036817  0.00641909675622646  0.00672213544583137  0.00704067354397131
  0.00736839925714668  0.00769506288102734  0.00801951535295527  0.00832842282715418
  0.00868701390233241  0.00905751210387300  0.00946270598530684  0.00988597628376094
  0.01031855025495066  0.01076205383374635  0.01122017783180837  0.01168286239254328
  0.01214080698580974  0.01258512643141477  0.01305492101008232  0.01354647620064382
  0.01405332331861583  0.01458297296095256  0.01514612396461785  0.01577482203880462
  0.01642791746713088  0.01709893069772513  0.01780398625279592  0.01851970144546430
  0.01925546292274794  0.02006192946299735  0.02096256979400399  0.02210049125493402
  0.02326834259706076  0.02433115596274573  0.02536265904560112  0.02647091378930142
  0.02768973034540100  0.02900067192611192  0.03036843846269220  0.03155365496783791
  0.03274278037227032  0.03400321319464942  0.03561959731735450  0.03733562178904736
  0.04078529401135952  0.04293836083892285  0.04502046642332102  0.04710936126827494
  0.04924443166640542  0.05213739048051533  0.05519441419430258  0.05834352721480700
  0.06183581118419428  0.06594765233095082  0.07039034588210219  0.07831739103448090
  0.08748128408892823  0.09241110857218819  0.09692595046257994  0.10248423447541358
  0.10742301298579998  0.14311530564619807  0.21088218113445054  1.00000000000000000
 -0.00165797833105532  0.00784423437969730  0.01666793996417499  0.02579490190767150
  0.03448324392034280  0.04249249534943569  0.05091735526601461  0.06017650241958777
  0.07060913891255764  0.08130276053689164  0.09190701358680305  0.10289740383943168
  0.11436727633372078  0.12554917354171102  0.13571291138111355  0.14595047969911035
  0.15626043963067504  0.16743773416220642  0.17788419020787871  0.18797618664953919
  0.19791550996533283  0.20850869233951691  0.21926267279591544  0.22970437305573130
  0.24044380702421078  0.25147751480229891  0.26254807490243659  0.27324616933286466
  0.28426591337703289  0.29530586465920383  0.30578571596664905  0.31596589169739475
  0.32569083227483359  0.33504548250408100  0.34437113195228736  0.35450467594032992
  0.36584256923419856  0.37740560870305340  0.38856165064734161  0.39934968440032265
  0.40969837967533834  0.41987811468767150  0.43034002146726236  0.44169452715328916
  0.45401611231939398  0.46607979625795126  0.47801932591993684  0.48902407047311680
  0.49943412648591923  0.50886035510773486  0.51845453988354395  0.52890176535759825
  0.53971551238583970  0.55024906323847222  0.56061148410467676  0.57183386127035374
  0.58381480577305922  0.59591717026773283  0.60769746179647854  0.61921711310534444
  0.63012277495055713  0.64067766103400947  0.65126883190713680  0.66135038297931270
  0.67023563697979005  0.67924641386025264  0.68882935044889559  0.70034218470392828
  0.71208924510622551  0.72275673185611844  0.73273223020320877  0.74208686196973583
  0.75177360832429219  0.76127627885282867  0.77064134305349741  0.78013878897112510
  0.79020854479527025  0.80145518113488357  0.81312920600121030  0.82461002424139174
  0.83586438354478865  0.84738011798445023  0.85963403549264272  0.87211401557369705
  0.88428343996589454  0.89621280348310117  0.90781675723422728  0.91833190401238840
  0.92786794046395127  0.93752543483305650  0.94785711182103471  0.95773440826541956
  0.96819393304131718  0.97798596998636778  0.98928123838766757  1.00000000000000000
 -0.00247700799261880  0.00884484383624762  0.01855233712896102  0.02908907721399081
  0.03956871742776608  0.05088830189459086  0.06164260565287339  0.07203108695749660
  0.08109246701970974  0.09059120565315962  0.10026841321240547  0.11070611460410758
  0.12150680977837840  0.13179918026855364  0.14287682911730032  0.15390942647231937
  0.16430277077427585  0.17417932665024649  0.18406869320528130  0.19475576931977570
  0.20568448454732263  0.21648665337321416  0.22771090632421087  0.23903832148943280
  0.25009933329035455  0.26077593876397082  0.27128860353667494  0.28188570788059270
  0.29274612985585569  0.30353050829790074  0.31462488625784429  0.32521673263710199
  0.33674290542975316  0.34749062036283052  0.35749835959282050  0.36605272290603674
  0.37477746940315870  0.38343207655353628  0.39201762894880032  0.40111484287906579
  0.41050227350960572  0.42093608894274481  0.43292697767510735  0.44459580230539042
  0.45626469780415152  0.46812109416665798  0.47935618730996227  0.49037362317633593
  0.50149374670983593  0.51298909048472885  0.52464636146175569  0.53553362571577146
  0.54667264657607539  0.55805339256891628  0.56988207468947416  0.58154334098255511
  0.59264425131030884  0.60344548733617753  0.61314838280360295  0.62315878117779144
  0.63366944879301601  0.64445311489382018  0.65502760584917896  0.66488125368081963
  0.67440486405854005  0.68425783711560340  0.69459028447994087  0.70526231509020543
  0.71534722575132947  0.72505272874843574  0.73551721527675784  0.74659417297993136
  0.75761507289079755  0.76843157391483918  0.77901682617574342  0.78945283343176209
  0.79975529594341210  0.81002662865717867  0.82052281818569517  0.83052177899717328
  0.84084764296311998  0.85122945357636137  0.86240146457148814  0.87435815388408022
  0.88628752802322930  0.89722839152952005  0.90709877135971495  0.91675157134641505
  0.92687247812420781  0.93694488687433319  0.94672309645802410  0.95642662135331580
  0.96712646213229081  0.97837429776772766  0.98940242468311168  1.00000000000000000
 -0.00252286999116205  0.01186421180458346  0.02335239455736839  0.03314124576289095
  0.04223150966143136  0.05174140268735747  0.06171049533941273  0.07230568384695400
  0.08245309319508444  0.09279826803068371  0.10314525401571052  0.11388483110673182
  0.12428861205934136  0.13539397671982262  0.14696694794369686  0.15868665839594601
  0.16996927049851560  0.18061309985630924  0.19123898663241112  0.20223060699151119
  0.21333256715408341  0.22443213111070123  0.23544426820717115  0.24644264563280055
  0.25718377982304019  0.26728172883100815  0.27725759407230788  0.28724743668905461
  0.29764268763830171  0.30805831027148101  0.31873526397574015  0.32924525324460796
  0.34006402489063592  0.35082060677037097  0.36160741844026889  0.37130067804395961
  0.38135329320571776  0.39216303502654587  0.40314117973717756  0.41312556569556108
  0.42268079214312720  0.43227120465760527  0.44217128829429581  0.45253089002643632
  0.46384623937487102  0.47609345586234031  0.48764655739139462  0.49947752898987252
  0.51099086056149301  0.52201196201910538  0.53218022129021414  0.54181473304157968
  0.55202693319175977  0.56270852600050680  0.57404237683526427  0.58532758302257260
  0.59673622771297641  0.60784728475842198  0.61935724602648412  0.63074114454829056
  0.64230926344642736  0.65334212963522165  0.66433668379728039  0.67494255487752153
  0.68545312957993165  0.69552979793653069  0.70658303196426808  0.71853479710964951
  0.73018587870196816  0.74020186186915415  0.75023565172942730  0.76007812334456681
  0.76975291717297145  0.77885156625293828  0.78786079668519815  0.79736175234496476
  0.80760210436574920  0.81803651011627632  0.82850208967072536  0.83910088499136049
  0.84973928086583594  0.85951925727446232  0.86920848088805125  0.87967469927979025
  0.89065447966545364  0.90088482631005673  0.91009761268684997  0.91943619624110862
  0.92989454090602441  0.94025286275581554  0.95117054974780280  0.96136006104099414
  0.97121003234510817  0.98085517484871587  0.99044305847332437  1.00000000000000000
  0.00699619785433594  0.00765131604711743  0.00872552263466311  0.00956021790190382
  0.01028607591275558  0.01094309035361924  0.01155007247149891  0.01214138028338398
  0.01271681522046923  0.01328417241041552  0.01385448104881310  0.01443006488643372
  0.01500751171115910  0.01558609972201930  0.01617610417169005  0.01676134577690705
  0.01734654068312906  0.01793750664243370  0.01852575111130735  0.01910357260213313
  0.01968563126724468  0.02028041598733580  0.02088345612022094  0.02159105367198986
  0.02233148976522673  0.02308521080872025  0.02384240529730000  0.02462038081259723
  0.02542323856464623  0.02625232169797370  0.02710915203252647  0.02798981499315261
  0.02891524537013871  0.02985286671128781  0.03080473976443629  0.03175897745628660
  0.03272079649686039  0.03371207249816523  0.03473983712859808  0.03569473387051574
  0.03663122441914169  0.03760518081596959  0.03864943262235603  0.03978882433080370
  0.04105183766688906  0.04240521219625194  0.04378944112921258  0.04526348178612737
  0.04681564147885586  0.04835747662072684  0.04987293006234569  0.05139147304375693
  0.05294549479584538  0.05456876666803514  0.05632693309894833  0.05813911532243485
  0.06013233290507725  0.06222077017714301  0.06442553735563059  0.06651952361108956
  0.06843901221496422  0.07025692386229147  0.07210349927954134  0.07404602053344195
  0.07601092584096938  0.07818473760829069  0.08042771635370360  0.08285396932287885
  0.08530200497095408  0.08786335318936826  0.09066068901634464  0.09336571877656617
  0.09586046806808282  0.09864309724589525  0.10186418645363166  0.10553220881420744
  0.10908359912483985  0.11274017452712418  0.11605346483760379  0.11904466910499882
  0.12211491560611888  0.12510216503442206  0.12981441408684399  0.13545449720903327
  0.14111158971254151  0.14710274880377341  0.15599880194938154  0.16620681578371657
  0.17831402644088895  0.19294167023228981  0.20983011558903400  0.21858508818880892
  0.22823062291699822  0.24911015570744455  0.30449964933847345  1.00000000000000000
 -0.00211764905214809  0.01101943830350540  0.02141899109551555  0.03250033145917570
  0.04364630301579650  0.05566093421858483  0.06788823508597806  0.08032309875119861
  0.09237876914944707  0.10399035958430884  0.11577865369882992  0.12793426623236434
  0.14075782055707237  0.15393667094647009  0.16753095805337415  0.18081399717557167
  0.19382934545992350  0.20649099963334228  0.21925604126703047  0.23204691754584938
  0.24483831714108353  0.25693818602829527  0.26822746789434065  0.27911787614036043
  0.28948262010411085  0.29925843381509659  0.30872880364344968  0.31819204475013085
  0.32740571767406212  0.33662970310956963  0.34646072196711519  0.35687415268967437
  0.36748226903005127  0.37776633417270244  0.38753434229615102  0.39714886430659135
  0.40703185100677797  0.41681783818179913  0.42611433731336540  0.43503286106500294
  0.44385263784208179  0.45273872348952354  0.46157201240225076  0.47052974432969469
  0.47992495497192594  0.48929133420530235  0.49795324594380747  0.50689212144297291
  0.51633486806260098  0.52606299009096158  0.53590216098676113  0.54472226361653198
  0.55295584795963793  0.56118441370240357  0.56952391252845935  0.57777373116364672
  0.58585452944378047  0.59396953652120932  0.60243898208254154  0.61165248934984318
  0.62164496402074576  0.63150057656089786  0.64081124423107039  0.64956295876341796
  0.65836702891940102  0.66757571636810853  0.67737329313270167  0.68741098089007191
  0.69751839335844223  0.70748270960499027  0.71718611282020117  0.72691178014716495
  0.73714189069190450  0.74741338795760859  0.75758127668667297  0.76748665017744455
  0.77715843470681512  0.78712080830550235  0.79805058874694090  0.80996749833458748
  0.82225353583197780  0.83458773943911357  0.84660072719692581  0.85912188617220031
  0.87087469539740403  0.88227565835508770  0.89332945016925958  0.90552910816584953
  0.91808691091574357  0.92966205592072171  0.94095131675593169  0.95242370508569418
  0.96376141745681199  0.97480925206663871  0.98704166502592394  1.00000000000000000
 -0.01449589812391386  0.15591809418715533  0.22253494403741231  0.26710925556206178
  0.30332896820446054  0.33494130542046974  0.36254143026018643  0.38688555391157109
  0.40805975525762883  0.42733847098876859  0.44586514462100185  0.46358945899656073
  0.47965695064396807  0.49438557788861420  0.50823060551212351  0.52131212200670995
  0.53384768047408804  0.54638905277644245  0.55862924483608001  0.57064232603475296
  0.58208311898550791  0.59336747131537781  0.60446081635915383  0.61454167444388830
  0.62419532565176328  0.63272940739643679  0.64103600742424072  0.64916200659672563
  0.65699421842723671  0.66475888859488486  0.67207221843057652  0.67936869446345638
  0.68635345050232244  0.69349512661847390  0.70045402012739977  0.70727735819381843
  0.71379726659786402  0.72033486770508492  0.72679178603318562  0.73335113698575638
  0.73944089237404254  0.74536642881489612  0.75114999962334705  0.75693823770357482
  0.76288391052755067  0.76878939769943078  0.77440357848806740  0.77975835849282071
  0.78515065234025538  0.79060452196598396  0.79572471733963812  0.80082138418337423
  0.80601606215446542  0.81124884306914424  0.81630363268145123  0.82110339418147771
  0.82567133816644389  0.83002923843495480  0.83452110954944470  0.83910146709290434
  0.84366290605020455  0.84855094626143124  0.85328786175576132  0.85802265595731730
  0.86261941398004272  0.86707413630124497  0.87142478027141668  0.87554226199951535
  0.87935952824902608  0.88325562789545120  0.88723304294487693  0.89134289235696063
  0.89523233793523616  0.89907517598796116  0.90277836619035323  0.90647112477441649
  0.91019619957932785  0.91386497122117605  0.91739220165889779  0.92098367302304440
  0.92462024195083548  0.92847694170715389  0.93226581080339765  0.93604313243904669
  0.93984950376984777  0.94358982887589815  0.94720671002617496  0.95077972710693559
  0.95443300344443449  0.95825221038364838  0.96267242035671374  0.96791458768043059
  0.97367765875127599  0.98018614451126984  0.98868736067322838  1.00000000000000000
   1.4279081646129708E-010  -1.0000000000000000     
 F F F F F F F F F F F F F F F F F F F F F F F F F F F F F F F F
  <DiscreteSampler_grid>
  grouped_processes
  1 # 1 for a reference and 2 for a running grid.
  10 # Attribute 'min_bin_probing_points' of the grid.
  1 # Attribute 'grid_mode' of the grid. 1=='default',2=='initialization'
  0.0000000000000000 # Attribute 'small_contrib_threshold' of the grid.
  0.5000000000000000 # Attribute 'damping_power' of the grid.
 # binID   n_entries weight   weight_sqr   abs_weight
    10   10   2.831625878348490E-001   4.066605937361473E-001   2.831625878348490E-001
  </DiscreteSampler_grid>
