  0.00000251966337261  0.00000365901104704  0.00000441593803546  0.00000528137888141
  0.00000638648277793  0.00000771268033138  0.00000913030398923  0.00001070290591916
  0.00001233820582916  0.00001404532326431  0.00001586785372713  0.00001782878331732
  0.00001987878899230  0.00002196350627977  0.00002408580484214  0.00002631237398640
  0.00002868568869482  0.00003115582070149  0.00003383337281630  0.00003665253808724
  0.00003968938065993  0.00004315823230334  0.00004674551190417  0.00005027526099858
  0.00005371837860865  0.00005721472068355  0.00006120430157074  0.00006596006346185
  0.00007090324663379  0.00007555495946217  0.00008031629130793  0.00008547114598927
  0.00009148611146190  0.00009679269535543  0.00010271932011485  0.00010843811334322
  0.00011499591984233  0.00012188094379600  0.00012931975845357  0.00013805882907689
  0.00014815457705556  0.00015836237317946  0.00016917791942519  0.00018091101503836
  0.00019271422428811  0.00020489278553627  0.00021767204965308  0.00023102909580555
  0.00024519105110231  0.00026017813195543  0.00027563627965291  0.00029247425032024
  0.00031110481158840  0.00033220387657656  0.00035559406169628  0.00038104420254769
  0.00040490358910951  0.00042884272910221  0.00045462141005448  0.00047971683134419
  0.00050372736551732  0.00052747963950930  0.00055080734676700  0.00057991560236212
  0.00060932785888177  0.00065382156649713  0.00070378562883006  0.00076156428794154
  0.00082142716316085  0.00088729508522541  0.00095520585837087  0.00102440274108097
  0.00109715503268096  0.00116909937315165  0.00125490809160062  0.00134466857910353
  0.00151458675345579  0.00168659325520406  0.00187877029671708  0.00209444343798538
  0.00233420469719622  0.00264216531223086  0.00301373927878071  0.00349048631852097
  0.00420557670060122  0.00508590984865262  0.00612497317507135  0.00759699073221388
  0.01019076010648268  0.01387212717618424  0.01846272799471017  0.02461320160486134
  0.03655414257447538  0.07322865447776504  0.31360025736330316  1.00000000000000000
  0.00000235195797574  0.00000938259882129  0.00002331593892849  0.00004451991751415
  0.00007789645191711  0.00011754944563576  0.00016920305778394  0.00021906806254995
  0.00027016980150549  0.00033493419937273  0.00041513056650085  0.00050154997025392
  0.00059465256119639  0.00069715905712563  0.00080325374241290  0.00091887619312861
  0.00105111962456357  0.00119722105697130  0.00136115514627497  0.00152403296573029
  0.00166205653575006  0.00179548517453391  0.00194379953267741  0.00210542009475116
  0.00225439504632179  0.00240106573953019  0.00256191984696503  0.00274330543502430
  0.00293849547276893  0.00312999023699262  0.00331776458920403  0.00350457318452983
  0.00368953087734012  0.00387318239347370  0.00404804542384065  0.00422273071581046
  0.00440962370973773  0.00459839745685256  0.00480231225062804  0.00500680323467052
  0.00521869515796759  0.00544206298447536  0.00571390351292769  0.00599032639258605
  0.00628427772139897  0.00661130530615662  0.00694980364192772  0.00730209624179972
  0.00768349646650167  0.00804209618461675  0.00843173734600604  0.00884143251387892
  0.00928224927723751  0.00975331894091590  0.01023315660825547  0.01075577495429349
  0.01128319646340241  0.01180724101712063  0.01240494914667104  0.01300130420027066
  0.01356397508836753  0.01411801756993652  0.01468101472936852  0.01520180895650396
  0.01572504243791243  0.01626928272652377  0.01686080001091842  0.01750503080592474
  0.01822039174067028  0.01908005994285017  0.01996089848164263  0.02084380848672920
  0.02176406705207979  0.02274403417504551  0.02388433374849128  0.02523693638582346
  0.02673903418959779  0.02821416089648154  0.03002099072559729  0.03160205804104009
  0.03309311282829219  0.03515537108500381  0.03794755512649103  0.04129345724598004
  0.04483583364459097  0.04815587015025929  0.05229032569242366  0.05454444757877105
  0.05709109000867203  0.06708584533343373  0.08191123955315352  0.10732320757910410
  0.13788912200339901  0.16054466266022016  0.29936172634272651  1.00000000000000000
  0.00017739375854715  0.00024825464952506  0.00033176572642658  0.00044475638076832
  0.00058336404406723  0.00074390316601941  0.00092290997054940  0.00109574793472555
  0.00125026550833884  0.00142566480820020  0.00160320071461689  0.00178019474501864
  0.00196930014841274  0.00217365365110140  0.00243194405396232  0.00270756294407264
  0.00301347007321880  0.00329951035835521  0.00360972070762150  0.00392206670220909
  0.00422168206668712  0.00451674925070814  0.00478880187949041  0.00508871520368297
  0.00539224469378453  0.00569206455215896  0.00599832336054147  0.00632316375809900
  0.00662696006838130  0.00694955407756762  0.00729533669612159  0.00766886911715146
  0.00805780348077414  0.00846594290211549  0.00889569786656331  0.00934209996268739
  0.00979589517754023  0.01023723226920594  0.01066166348608197  0.01113734062712979
  0.01166002132349197  0.01213115887399576  0.01251737592435292  0.01289054355575847
  0.01330829759859819  0.01376095758320784  0.01424732211361891  0.01474685650670988
  0.01522747733615505  0.01579514805522086  0.01637179978735964  0.01691333425597276
  0.01738486264551717  0.01785787564594721  0.01839597497356596  0.01902323154936398
  0.02022369309526577  0.02113679035029778  0.02194230083683718  0.02270002537794804
  0.02355278444450060  0.02461700430550876  0.02568372937611539  0.02669211550039526
  0.02764321270889275  0.02869481480898722  0.02979247410218726  0.03078237117668831
  0.03183140351458809  0.03302428907256943  0.03446902093939345  0.03577985289278086
  0.03717646357170044  0.03873999322277550  0.04028597116309529  0.04346336309039902
  0.04822723062372411  0.05311888957415894  0.05705333393680195  0.06051962252167064
  0.06364700692271910  0.06705289957258088  0.07071806490068717  0.07372107043235418
  0.07566338867547415  0.07922471608925040  0.08385522958037059  0.09024410767318713
  0.09750712598694324  0.10516288362951075  0.11153649198456220  0.12482555184835704
  0.13895449387416695  0.14734631930767550  0.35459575658074549  1.00000000000000000
 -0.00179008835761981  0.00851286941906923  0.01793789786151697  0.02775520021803284
  0.03654930990177098  0.04511908589397694  0.05520807342313906  0.06817569637478589
  0.08420324493649839  0.09966836436237984  0.11137923810157926  0.12145136361050662
  0.13181264994505601  0.14223972946482341  0.15208408001294196  0.16132266673445295
  0.17124079847049337  0.18247139013952210  0.19259817303327428  0.20170648367013477
  0.21188642813514483  0.22349073548518861  0.23607257564980980  0.24666756878907498
  0.25763561763074955  0.26903237370735417  0.28071966870850495  0.29220386123942588
  0.30453337217878257  0.31685099710864362  0.32851810880740090  0.33910301277916338
  0.34881708013649848  0.35898727128137631  0.37004886140898030  0.38352271138596650
  0.39553912383576389  0.40495054873599362  0.41403322940317622  0.42394968425095436
  0.43624165183193808  0.44656003192599686  0.45685562960939013  0.46966089367723618
  0.48334489637901612  0.49654626830443982  0.50805345812758829  0.51938856526436017
  0.52931463276476076  0.53894491893715746  0.54997630516166573  0.56159699497090432
  0.57192271488330226  0.58097237373063748  0.58942287807502580  0.59796461949108382
  0.60780377180507161  0.61783201026142187  0.62767348007699897  0.63642117926345942
  0.64449586633777389  0.65471694086415089  0.66735050637333837  0.68026441586180819
  0.69227467698390577  0.70327541438681962  0.71338047979431807  0.72389380792140123
  0.73551885117290217  0.74852608863340364  0.76043469963105248  0.77006067377572973
  0.77882157800468543  0.78774025449597396  0.79711244780589563  0.80594249626948089
  0.81399710120848201  0.82161082065981483  0.82957217270478689  0.83968435127605145
  0.85223440490910840  0.86777760209143195  0.87873791014205960  0.88597427752732794
  0.89318511016011803  0.90082411427156417  0.90974551491729272  0.91833260201838429
  0.92654782288123938  0.93496067474413536  0.94483135746306868  0.95580796777339450
  0.96700613627280729  0.97784116323371628  0.98870130101504206  1.00000000000000000
  0.00441909474852281  0.01946423399263983  0.02956727723362054  0.03719357333156637
  0.04335997696844911  0.04794274937731166  0.05226817468616047  0.05633325738077767
  0.06053702466296815  0.06449870425533206  0.06831130746782907  0.07168651355963972
  0.07479322843660738  0.07767508400700651  0.08037039673298293  0.08311353400776209
  0.08583050641554986  0.08851876787388811  0.09116102278453662  0.09387211267776481
  0.09664166948644490  0.09947997564507909  0.10212530480748716  0.10461676641547601
  0.10731879848382248  0.11029327352911271  0.11305339389034041  0.11561002752860702
  0.11808521312705503  0.12058392793668027  0.12330526316321885  0.12641612086164214
  0.12983107635505209  0.13256893454409044  0.13512722815389624  0.13793194289009328
  0.14092939507843805  0.14379609220505155  0.14659861565827381  0.14876553865457226
  0.15090173180601796  0.15296315105988734  0.15509040014369996  0.15769870585852222
  0.16043226166175298  0.16341448066097020  0.16639929431944028  0.16898446230990549
  0.17177522985866034  0.17512466980839050  0.17835460923231755  0.18107527221873918
  0.18358581525519438  0.18584519992685705  0.18765519404009537  0.18938547921471777
  0.19122024410756108  0.19341934149032983  0.19529117630868012  0.19727601965800190
  0.19982804335197638  0.20255413933644464  0.20463008005856076  0.20687483405862503
  0.20917588666058037  0.21179143843488774  0.21474220385008144  0.21864468774862703
  0.22221198334327968  0.22418210031553434  0.22603937187505638  0.22780521145750754
  0.22940918638823568  0.23133374610806054  0.23446888037588895  0.23797841939142433
  0.24103844427963003  0.24469216552541476  0.24977938196479371  0.25634222266698847
  0.26166155752238851  0.26470946380828547  0.26760648138692011  0.27065723605656583
  0.27359571597998938  0.27852360163351420  0.28679186980895449  0.30830276641763982
  0.31886990162466189  0.33462166576925678  0.35757617693308952  0.36765357158037082
  0.37930470740751371  0.40869860195930852  0.41940478930535502  1.00000000000000000
 -0.00191675347664053  0.00462062543123318  0.01114521348516954  0.01772277303066758
  0.02444927814213011  0.03244984369207512  0.04220707856018354  0.05279029391352002
  0.06383697512584549  0.07345147374135495  0.08470897443237244  0.09679123049613041
  0.10766505014776155  0.11779498418653629  0.12808261339874411  0.14040940221496284
  0.15083304096977670  0.16092894660741569  0.17097900703064045  0.18145507838037422
  0.19170240385194698  0.20195863205456788  0.21152474697485685  0.22094141656671301
  0.23135276478349975  0.24212636488360240  0.25223558095631660  0.26122187689234178
  0.26955306799724921  0.27846593803059227  0.28872894870636834  0.30050194878697978
  0.31389596426619243  0.32938398473080227  0.34651115668396332  0.36038972700470917
  0.37143440584892362  0.38125238889037716  0.39003783855497026  0.39853560120613868
  0.40767570664731034  0.41729551987740049  0.42828831745868401  0.43940369355409881
  0.45027760105195691  0.46132062943380303  0.47241499157956091  0.48217844931141463
  0.49179891791086933  0.50310855627273166  0.51659805731194863  0.53003281777525246
  0.54256765894875436  0.55544997710126365  0.56758650817896372  0.57785437434285403
  0.58776012270833311  0.59714709923736142  0.60664122045102287  0.61650939816704087
  0.62632490171873711  0.63545052591941964  0.64511922267049904  0.65488856883222990
  0.66542555836865125  0.67711277857122443  0.69036428090713142  0.70397679860175899
  0.71692353404962450  0.72946402538285560  0.74187638874812445  0.75354329705179679
  0.76556593939376372  0.77772375691554307  0.78909296780264315  0.79867821543983886
  0.80763094731571627  0.81609834268481207  0.82417992802077877  0.83265424496471607
  0.84111133151079864  0.84969957663798035  0.85718460103896577  0.86530417629443734
  0.87412699819164519  0.88526356543355522  0.89684640512105018  0.90846424707800577
  0.91978845810760912  0.93153100454776017  0.94175759747649956  0.95271807569147482
  0.96358415499181282  0.97683065134438651  0.98921592538451508  1.00000000000000000
  0.00577625783716678  0.00891955755226984  0.01168848136384003  0.01402228891507622
  0.01621006682350199  0.01835925926045995  0.02043905987520235  0.02228143298048275
  0.02410325888832171  0.02585769267336479  0.02756224003925384  0.02924922162259657
  0.03090262865370138  0.03254855003498306  0.03423333759516389  0.03598451531768078
  0.03786621919258217  0.03988116981359162  0.04148851874056168  0.04300309803493916
  0.04428235289194966  0.04546664673178820  0.04662645834269256  0.04797218314051662
  0.04950050414816281  0.05107597608990393  0.05263662417371284  0.05415665571473698
  0.05563871987066685  0.05714353788223273  0.05867004326044987  0.06011418934963816
  0.06132780835597942  0.06244956441030226  0.06369976382856414  0.06499370884089545
  0.06623799215598912  0.06747854059276863  0.06873894486772286  0.07005106220116822
  0.07149113229026470  0.07330169227126856  0.07547666614930248  0.07777173677056738
  0.08020707373215653  0.08258457546253080  0.08503863367381589  0.08777789529463513
  0.09036768638813109  0.09242937700732688  0.09412440767779479  0.09558683520018089
  0.09691933203842390  0.09814054716204362  0.09968396600001711  0.10131766490727313
  0.10280280629863107  0.10441488634206104  0.10634041824291197  0.10811343569866114
  0.10970296717560929  0.11126381784021055  0.11283167876491497  0.11456422177924995
  0.11665291813724613  0.11948686338235973  0.12312121397969437  0.12679213046034865
  0.13047890721799191  0.13251622532691990  0.13425343953791605  0.13597856840447176
  0.13761883878850195  0.13914985106295097  0.14064007856994737  0.14253463799257790
  0.14498923873632660  0.14738398360103325  0.15022064427324855  0.15479409695158097
  0.15835380594406750  0.16116304223377506  0.16425640313557452  0.16772168464189766
  0.17068998128665905  0.17414092594845240  0.17674875908642246  0.18160865682697136
  0.18751498001467604  0.19320816208524949  0.20464025616230491  0.21365501374127208
  0.22300985054641129  0.23737474835067679  0.42497566170638168  1.00000000000000000
 -0.00232525339775654  0.01548246292740441  0.03005768391584952  0.04535753030693331
  0.06166298301983564  0.07285072502319513  0.08245505293556517  0.09183339213296630
  0.10097646468364001  0.11039785583180306  0.11824472388694421  0.12569061717387189
  0.13383860880767767  0.14284014204631035  0.15365775631924003  0.16386151001682708
  0.17354365374560055  0.18285641872004710  0.19183741094452153  0.20101224898722672
  0.21198241086310626  0.22607502853356964  0.24076985802557571  0.25491488099745524
  0.26802039060896410  0.27931726898174197  0.28941691884735615  0.29845748690557428
  0.30624281447089979  0.31290249568483119  0.31905503936990770  0.32532263796291383
  0.33261356019114457  0.34114421113070004  0.34931663444550126  0.35809260042270485
  0.36739403705015639  0.37726331800906310  0.38775113217091983  0.39890891140836210
  0.41058560401212302  0.42150311892980141  0.43147883790802288  0.44087784632689470
  0.45023293260596758  0.46084894199543969  0.47298295851930211  0.48577738099344808
  0.49801345910962935  0.50842857506938666  0.51889254667129048  0.52959516269159057
  0.54204578131826453  0.55414823747641651  0.56615767176763465  0.57789860556649519
  0.58916933652848635  0.59915325755892435  0.60900708192736619  0.61956079532016650
  0.62982596585241091  0.63984632051251167  0.64955104181595125  0.65825595865134545
  0.66712601881934175  0.67536534388990943  0.68302951578384652  0.69088516774467690
  0.69987808180857147  0.70934734536947508  0.71955100430785612  0.72958580238475457
  0.73991246560863799  0.75006054526223787  0.76062279337137773  0.77137554702664657
  0.78156438672518258  0.79258749486246760  0.80503163772133501  0.81637962492945604
  0.82741722717007637  0.83835133196238187  0.84966652904050277  0.86038984135885288
  0.87131353981152815  0.88309746195360661  0.89534241462724506  0.90680174495926746
  0.91738725219620365  0.92705145834455449  0.93655543027856270  0.94674346053037983
  0.95746465506068157  0.96971741798133215  0.98362602774402874  1.00000000000000000
  0.03629594782473295  0.25955721317343516  0.35211670894869102  0.40773935254457488
  0.44747353672471535  0.48304061517972058  0.51670593467957771  0.54636713891901778
  0.57299454217641022  0.59733984668139395  0.61685515734267893  0.63244850215602677
  0.64730748794400939  0.66232771294999426  0.67782857218435821  0.69140157286083048
  0.70420084500672198  0.71630252325069543  0.72724592419102196  0.73791532705479090
  0.74819422605410313  0.75893243823356960  0.76923312065085947  0.77773804940767222
  0.78557486516475195  0.79271462103275225  0.79987675397752733  0.80724585448349129
  0.81394261343059326  0.82007284054887875  0.82562822535066172  0.83078729699801879
  0.83535792437742118  0.83989520177860610  0.84458040069001528  0.84957484513269854
  0.85444786827886732  0.85896280599280783  0.86328019222213670  0.86759399927052638
  0.87181784411609253  0.87549646736629771  0.87870544532801775  0.88175183989220152
  0.88473567172622758  0.88777588289606746  0.89067112454386088  0.89355423318284422
  0.89629364807437539  0.89882103133200431  0.90129603103036593  0.90383052656301199
  0.90646800233062119  0.90924396061558688  0.91194360738782199  0.91465472905300005
  0.91708592002223555  0.91922829446498344  0.92122843172402957  0.92327626783650218
  0.92541721067011329  0.92751353562713601  0.92943791047916269  0.93122109612476489
  0.93293929547523291  0.93470202454335827  0.93645465089266722  0.93823708076086931
  0.94010278554230287  0.94209139490708182  0.94410755782058231  0.94602556572840169
  0.94804605820083754  0.94998981958717144  0.95183067396757759  0.95359263939340633
  0.95528633146297381  0.95692621583315152  0.95863773830519927  0.96061121473294020
  0.96254974598182730  0.96450358336539843  0.96644474393136903  0.96839718394862129
  0.97037434374056719  0.97217466782408535  0.97387824216926000  0.97549388556520433
  0.97701098932572905  0.97867195387154915  0.98063107377674730  0.98281856210978757
  0.98523889392883102  0.98805790993840426  0.99205607460349499  1.00000000000000000
   5.7135986265538470E-016  -1.0000000000000000     
 F F F F F F F F F F F F F F F F F F F F F F F F F F F F F F F F
  <DiscreteSampler_grid>
  grouped_processes
  1 # 1 for a reference and 2 for a running grid.
  10 # Attribute 'min_bin_probing_points' of the grid.
  1 # Attribute 'grid_mode' of the grid. 1=='default',2=='initialization'
  0.0000000000000000 # Attribute 'small_contrib_threshold' of the grid.
  0.5000000000000000 # Attribute 'damping_power' of the grid.
 # binID   n_entries weight   weight_sqr   abs_weight
    10   10   5.428113509767487E-007   1.705543162570707E-012   5.428113509767487E-007
  </DiscreteSampler_grid>
