  0.00274610771285791  0.00354632624405598  0.00360392387025917  0.00366152149646236
  0.00371911912266555  0.00378191345483349  0.00384985056223804  0.00391778766964260
  0.00398572477704715  0.00407342565065791  0.00418997348784522  0.00430652132503253
  0.00444326521601565  0.00458380848422238  0.00478411248898170  0.00503503450126737
  0.00530132395333495  0.00558290478169577  0.00660175748372526  0.00943314483115013
  0.01347884842927431  0.01925965160005748  0.02751968203514934  0.03004547794565064
  0.03022109367896335  0.03039670941227605  0.03057232514558876  0.03074794087890147
  0.03092355661221418  0.03109917234552689  0.03127478807883960  0.03145040381215231
  0.03162601954546502  0.03180163527877773  0.03197725101209044  0.03215442013304163
  0.03234307538506430  0.03253173063708696  0.03272038588910962  0.03290904114113229
  0.03309769639315496  0.03328635164517762  0.03347500689720029  0.03366366214922295
  0.03385231740124561  0.03404097265326828  0.03422962790529094  0.03441828315731361
  0.03461356052610540  0.03481622348485273  0.03501888644360006  0.03522154940234739
  0.03542421236109472  0.03562687531984205  0.03582953827858938  0.03603220123733671
  0.03623486419608404  0.03643752715483137  0.03664019011357871  0.03684285307232604
  0.03704551603107337  0.04981238132589992  0.06139142556373232  0.06180052745860942
  0.06220962935348651  0.06261873124836360  0.06302783314324070  0.06343693503811780
  0.06384603693299490  0.06425513882787200  0.06466424072274909  0.06507334261762619
  0.06548244451250329  0.06587372409832717  0.06622541661676448  0.06657710913520179
  0.06692880165363910  0.06728049417207639  0.06763218669051370  0.06798387920895101
  0.06833557172738831  0.06868726424582561  0.06903895676426292  0.06939064928270022
  0.06974234180113753  0.07009403431957482  0.07044572683801213  0.08161874014004734
  0.08226505276487239  0.08226505276488240  0.08226505276489240  0.08226505276490241
  0.08226505276491242  0.08226505276492242  0.08226505276493243  1.00000000000000000
  0.00003555043709496  0.00142425123184796  0.00151219628619873  0.00161200226873048
  0.00172508072291063  0.00208588714641875  0.00228824602868246  0.00246001664270003
  0.00265816862495212  0.00285851812544935  0.00308784277999186  0.00332152607081009
  0.00395609214170243  0.00400760532145752  0.00405911850121262  0.00411063168096771
  0.00416214486072281  0.00421365804047790  0.00426517122023300  0.00431668439998809
  0.00436819757974319  0.00441971075949828  0.00447122393925338  0.00452273711900848
  0.00457425029876357  0.00463380611249247  0.00469388996264336  0.00475397381279424
  0.00481405766294513  0.00487414151309602  0.00493422536324691  0.00499430921339780
  0.00505439306354869  0.00511447691369958  0.00517456076385047  0.00523464461400136
  0.00529472846415224  0.00535744187399176  0.00542752236729692  0.00549760286060208
  0.00556768335390725  0.00563776384721241  0.00570784434051757  0.00577792483382273
  0.00584800532712789  0.00591808582043305  0.00598816631373821  0.00605824680704337
  0.00612832730034853  0.00619840779365369  0.00738527645946082  0.00770100002631898
  0.00801672359317714  0.00833244716003530  0.00867750512998211  0.00904575821725797
  0.00941401130453383  0.00978226439180968  0.01019406547545037  0.01062190666537444
  0.01104974785529852  0.01147758904522259  0.01274441538986402  0.01422901013147627
  0.01689344811160305  0.03623896676609840  0.07773487798326115  0.16673947260384844
  0.21672291422686898  0.21992850324093571  0.22313409225500247  0.22633968126906920
  0.22954527028313595  0.23275085929720268  0.23595644831126944  0.23916203732533617
  0.24236762633940290  0.24557321535346965  0.24877880436753638  0.25166181346169025
  0.25425671730323318  0.25685162114477617  0.25944652498631909  0.26204142882786208
  0.26463633266940501  0.26723123651094799  0.26982614035249092  0.27242104419403390
  0.27501594803557683  0.27761085187711981  0.28020575571866274  0.28280065956020572
  0.28539556340174865  0.28639943532097134  0.28639943532098133  1.00000000000000000
  0.00029741107966860  0.00040328755083575  0.00051157621567831  0.00085462018061300
  0.00140742216259113  0.00196207055553112  0.00204011156664526  0.00211960354139194
  0.00220406373073764  0.00228977714338048  0.00238118451346027  0.00261258992160875
  0.00277692922790760  0.00289773370912069  0.00302715226315778  0.00315968732246342
  0.00329975105847567  0.00414077175868213  0.00437356151496034  0.00447646104305540
  0.00457936057115046  0.00468652720121856  0.00479789061774043  0.00490925403426230
  0.00502138796022927  0.00514191145308696  0.00526243494594464  0.00538295843880233
  0.00727594036354149  0.01105163190937937  0.01114255595038509  0.01123347999139080
  0.01132440403239651  0.01141532807340223  0.01150625211440794  0.01159717615541365
  0.01168810019641936  0.01177902423742508  0.01186994827843079  0.01196131620616541
  0.01205971910497187  0.01215812200377834  0.01225652490258480  0.01235492780139126
  0.01245333070019773  0.01255173359900419  0.01265013649781065  0.01274853939661712
  0.01284694229542358  0.01294587859438545  0.01305237551628212  0.01315887243817879
  0.01326536936007547  0.01337186628197214  0.01347836320386881  0.01358486012576548
  0.01369135704766215  0.01379785396955882  0.01390435089145549  0.01446923951753902
  0.02248435014384699  0.03499032700375401  0.03639707637120199  0.03665842925729149
  0.03691978214338098  0.03718113502947047  0.03744248791555997  0.03770384080164946
  0.03796519368773896  0.03822654657382845  0.03848789945991795  0.03874925234600744
  0.03901060523209694  0.03925146803109324  0.03947522961677559  0.03969899120245795
  0.03992275278814031  0.04014651437382267  0.04037027595950503  0.04059403754518738
  0.04081779913086974  0.04104156071655210  0.04126532230223446  0.04148908388791682
  0.04171284547359917  0.04193660705928153  0.04216036864496389  0.04548480551053428
  0.05410311838354698  0.05410311838355698  0.05410311838356698  0.05410311838357697
  0.05410311838358697  0.05410311838359697  0.05410311838360697  1.00000000000000000
  0.06709748109181721  0.06814013958987071  0.06918279808792421  0.07022545658597772
  0.07126811508403122  0.07231077358208472  0.07335343208013823  0.07439609057819173
  0.07543874907624523  0.07648140757429873  0.07752406607235224  0.07856672457040574
  0.07960938306845924  0.08065204156651275  0.08169470006456625  0.08273735856261977
  0.08405264864708421  0.08573168949580441  0.08741073034452460  0.08908977119324479
  0.09076881204196498  0.09244785289068518  0.09412689373940536  0.09580593458812556
  0.09748497543684574  0.09916401628556593  0.10084305713428612  0.10252209798300631
  0.10617536179432026  0.20401317285458559  0.29218618179482952  0.29717701443618305
  0.30216784707753652  0.30715867971889005  0.31214951236024358  0.31714034500159710
  0.32213117764295063  0.32712201028430415  0.33211284292565763  0.33710367556701121
  0.34209450820836479  0.34708534084971832  0.35207617349107190  0.41102348496794627
  0.50886129602821162  0.55089347331920768  0.56477470797848939  0.57865594263777098
  0.59253717729705269  0.62003743289271340  0.71787524395297886  0.75564318419694043
  0.76404511877641246  0.77226844162774511  0.77974042303443436  0.78721240444112361
  0.79468438584781298  0.80215636725450212  0.80962834866119138  0.81828526482182884
  0.82768184953284585  0.87232755161100384  0.93799129562213435  0.93946280196164289
  0.94093430830115132  0.94240581464065987  0.94387732098016830  0.94534882731967684
  0.94682033365918528  0.94829183999869382  0.94976334633820225  0.95123485267771080
  0.95270635901721923  0.95417786535672777  0.95564937169623621  0.95712087803574475
  0.95844653027171745  0.95908953101477845  0.95973253175783935  0.96037553250090035
  0.96101853324396136  0.96166153398702237  0.96230453473008337  0.96294753547314438
  0.96359053621620538  0.96423353695926639  0.96487653770232740  0.96551953844538829
  0.96616253918844930  0.96680553993151030  0.96744854067457131  0.96809154141763232
  0.96873454216069332  0.96937754290375433  0.96988362471262612  1.00000000000000000
  0.16292744477589935  0.17435423189793797  0.18204179712920920  0.18996081257996256
  0.19844649331349667  0.20693217404703076  0.29058393005033506  0.29285063286899188
  0.29404775575189102  0.29524487863479010  0.29644200151768924  0.29763912440058832
  0.29883624728348746  0.30003337016638654  0.30123049304928567  0.30242761593218481
  0.30362473881508389  0.30482186169798303  0.30601898458088211  0.30721610746378125
  0.30841323034668033  0.30961035322957947  0.31080747611247855  0.31200459899537769
  0.31320172187827683  0.31439884476117591  0.31559596764407505  0.31679309052697413
  0.31799021340987327  0.31918733629277235  0.32038445917567149  0.32158158205857057
  0.32277870494146971  0.32397582782436879  0.32517295070726793  0.32637007359016706
  0.32756719647306615  0.32876431935596528  0.32996144223886437  0.33115856512176350
  0.33235568800466259  0.33355281088756172  0.33474993377046086  0.33594705665335994
  0.33714417953625908  0.33834130241915822  0.33953842530205736  0.34073554818495644
  0.34193267106785558  0.34312979395075471  0.34432691683365385  0.34552403971655299
  0.34672116259945207  0.34791828548235121  0.34911540836525035  0.35031253124814948
  0.35150965413104857  0.35270677701394770  0.35390389989684684  0.39736238123154460
  0.40163864267439514  0.40591490411724562  0.41019116556009610  0.41446742700294664
  0.41874368844579712  0.42301994988864755  0.42729621133149803  0.43157247277434846
  0.43584873421719894  0.44012499566004937  0.44440125710289985  0.44867751854575033
  0.45295377998860076  0.45723004143145124  0.53143324960912264  0.60753080809792526
  0.62038458445109257  0.63323836080425977  0.64609213715742697  0.65894591351059439
  0.70600878256813515  0.71568071856801785  0.72320565627267541  0.73073059397733287
  0.73825553168199032  0.74578046938664766  0.75330540709130511  0.76083034479596257
  0.76835528250061991  0.83690813782260476  0.93542605594618955  0.96537117783846260
  0.97454123356037747  0.98330390669661638  0.99165195334830802  1.00000000000000000
  0.01617508729298904  0.16772320628823745  0.16877974590980813  0.16983628553137883
  0.17089282515294951  0.17194936477452022  0.17300590439609093  0.17406244401766161
  0.17511898363923231  0.17617552326080302  0.17723206288237370  0.17828860250394440
  0.17934514212551508  0.18040168174708579  0.18145822136865647  0.18251476099022718
  0.18357130061179788  0.18462784023336856  0.18568437985493927  0.18674091947650995
  0.18788070221664899  0.18923291157418681  0.19058512093172464  0.19193733028926246
  0.19328953964680032  0.19464174900433814  0.19599395836187597  0.19734616771941382
  0.19869837707695165  0.20005058643448947  0.20140279579202730  0.20275500514956513
  0.20410721450710298  0.20545942386464081  0.20681163322217863  0.20816384257971648
  0.21027874154466719  0.21250293855896585  0.21472713557326453  0.21695133258756319
  0.21917552960186185  0.22139972661616053  0.22362392363045919  0.22584812064475787
  0.22807231765905653  0.23029651467335518  0.23252071168765381  0.23474490870195247
  0.23696910571625113  0.23919330273054976  0.24141749974484841  0.24364169675914704
  0.24586589377344570  0.24809009078774433  0.25031428780204296  0.25253848481634161
  0.25476268183064027  0.25698687884493893  0.25921107585923753  0.26143527287353618
  0.26365946988783484  0.26588366690213350  0.26810786391643210  0.27033206093073076
  0.34829305456503956  0.38175378672054916  0.39096868930105766  0.40018359188156621
  0.40939849446207488  0.41861339704258343  0.42782829962309199  0.43704320220360049
  0.53253909604106431  0.63253516059455495  0.73253122514804581  0.75396098219772489
  0.75876039622151481  0.76355981024530473  0.76835922426909464  0.77315863829288456
  0.77795805231667448  0.78275746634046450  0.78755688036425442  0.79235629438804434
  0.79715570841183425  0.80195512243562417  0.80675453645941408  0.81155395048320400
  0.85733894410733424  0.86555303999665734  0.87376713588598043  0.88130525784880354
  0.88872400489000569  0.90000393544650448  0.97951394716898599  1.00000000000000000
  0.00073770655108065  0.00580305568453298  0.01086840481798530  0.01593375395143763
  0.02102586481484984  0.02690895967325491  0.03279205453165998  0.03867514939006506
  0.06284278076192296  0.06423151448288189  0.06562024820384080  0.06700898192479973
  0.06839771564575864  0.06978644936671757  0.07117518308767649  0.07256391680863541
  0.07395265052959432  0.07534138425055326  0.07673011797151218  0.07811885169247110
  0.07950758541343002  0.08089631913438894  0.08228505285534786  0.08357637081078288
  0.08456773848712879  0.08555910616347470  0.08655047383982060  0.08754184151616651
  0.08853320919251241  0.08952457686885833  0.09051594454520423  0.09150731222155013
  0.09249867989789604  0.09349004757424195  0.09448141525058786  0.09547278292693376
  0.09646415060327967  0.09745551827962558  0.09844688595597148  0.09943825363231740
  0.10042962130866330  0.10142098898500920  0.10241235666135512  0.10340372433770102
  0.10439509201404693  0.10538645969039281  0.10637782736673872  0.10736919504308462
  0.10836056271943051  0.10935193039577640  0.11034329807212230  0.11133466574846820
  0.11232603342481409  0.11331740110116000  0.11430876877750588  0.11530013645385179
  0.11629150413019768  0.11728287180654358  0.11827423948288947  0.11926560715923537
  0.12025697483558126  0.12124834251192716  0.12223971018827305  0.12323107786461895
  0.12422244554096486  0.12534046973273069  0.12691909378623245  0.12849771783973418
  0.13007634189323594  0.13165496594673767  0.13323359000023943  0.13481221405374116
  0.13639083810724292  0.13796946216074468  0.13954808621424641  0.14112671026774817
  0.14270533432124990  0.14428395837475166  0.14741094557584569  0.21185618781426011
  0.22423885672103980  0.23662152562781941  0.24900419453459899  0.26138686344137857
  0.29102340124179249  0.37616985243721912  0.46131630363264581  0.54646275482807261
  0.63160920602349924  0.71675565721892598  0.80190210841435272  0.88704855960977935
  0.96055049195903708  0.97416956433314739  0.98724292372766254  1.00000000000000000
  0.13363474210103349  0.13417503467414979  0.13471532724726609  0.13525561982038239
  0.13579591239349870  0.13633620496661500  0.13687649753973130  0.13741679011284760
  0.13795708268596391  0.13849737525908021  0.13903766783219651  0.13957796040531281
  0.14011825297842911  0.14065854555154544  0.14119883812466175  0.14173913069777805
  0.14227942327089435  0.14281971584401065  0.14336000841712696  0.14390030099024326
  0.14444059356335956  0.14498088613647586  0.14552117870959216  0.14633486338375545
  0.14752262264160737  0.14871038189945929  0.14989814115731120  0.15108590041516312
  0.15227365967301504  0.15346141893086696  0.15464917818871887  0.15583693744657079
  0.15702469670442271  0.15821245596227462  0.15940021522012654  0.16058797447797843
  0.16177573373583035  0.16296349299368226  0.16415125225153421  0.16533901150938610
  0.16652677076723801  0.24986996429994057  0.34418138978621726  0.43849281527249395
  0.46016178769667637  0.46247737835355329  0.46479296901043021  0.46710855966730719
  0.46942415032418411  0.47173974098106103  0.47405533163793800  0.47637092229481492
  0.47868651295169184  0.48100210360856877  0.48331769426544569  0.48563328492232261
  0.48794887557919953  0.49026446623607645  0.49258005689295331  0.49489564754983023
  0.49721123820670715  0.49952682886358407  0.50184241952046094  0.50415801017733786
  0.50647360083421478  0.50878919149109170  0.51110478214796862  0.51342037280484554
  0.51573596346172246  0.51805155411859938  0.52036714477547630  0.58505874668419899
  0.59774785380823248  0.61043696093226596  0.62312606805629944  0.63581517518033281
  0.66568508510727165  0.69328192995919702  0.70080369965609901  0.70832546935300100
  0.71584723904990311  0.72336900874680521  0.73089077844370720  0.73841254814060919
  0.74593431783751118  0.79333402312358914  0.88764544860986572  0.95968429426344648
  0.96507768775913394  0.97047108125482151  0.97586447475050897  0.98100766023361941
  0.98575574517521447  0.99050383011680965  0.99525191505840471  1.00000000000000000
  0.35315715869267783  0.46467290532275801  0.47101247731218276  0.47735204930160752
  0.48417784267918623  0.49119862271352760  0.49821940274786891  0.50707443998289270
  0.51655275191404437  0.56786189272894505  0.65362073586384128  0.69023175892912103
  0.69474745643488811  0.69926315394065530  0.70377885144642238  0.70829454895218946
  0.71281024645795665  0.71732594396372373  0.72184164146949092  0.72635733897525800
  0.73087303648102520  0.73538873398679228  0.73990443149255936  0.74442012899832644
  0.74893582650409352  0.81554883398631994  0.90130767712121618  0.91778567570646019
  0.91914881661964754  0.92051195753283499  0.92187509844602245  0.92323823935920979
  0.92460138027239724  0.92596452118558459  0.92732766209877204  0.92869080301195939
  0.93005394392514684  0.93141708483833419  0.93278022575152164  0.93414336666470910
  0.93550650757789644  0.93686964849108390  0.93823278940427124  0.93959593031745869
  0.94095907123064604  0.94232221214383349  0.94368535305702084  0.94504849397020829
  0.94641163488339575  0.94777477579658309  0.94913791670977055  0.95050105762295789
  0.95186419853614535  0.95322733944933269  0.95459048036252014  0.95595362127570749
  0.95731676218889494  0.95857997295692265  0.95955006496160422  0.96052015696628579
  0.96149024897096746  0.96246034097564903  0.96343043298033060  0.96440052498501216
  0.96537061698969384  0.96634070899437541  0.96731080099905697  0.96828089300373865
  0.96925098500842022  0.97022107701310178  0.97119116901778335  0.97216126102246503
  0.97313135302714660  0.97410144503182816  0.97507153703650973  0.97604162904119141
  0.97701172104587297  0.97798181305055454  0.97895190505523610  0.98013344437931527
  0.98137510410560802  0.98261676383190089  0.98385842355819364  0.98510008328448639
  0.98634174301077926  0.98758340273707201  0.98882506246336488  0.99006672218965763
  0.99130838191595039  0.99255004164224325  0.99379170136853601  0.99503336109482887
  0.99627502082112163  0.99751668054741438  0.99875834027370725  1.00000000000000000
   3.2360970611578869E-013  -1.0000000000000000     
 F F F F F F F F F F F F F F F F F F F F F F F F F F F F F F F F
  <DiscreteSampler_grid>
  grouped_processes
  1 # 1 for a reference and 2 for a running grid.
  10 # Attribute 'min_bin_probing_points' of the grid.
  1 # Attribute 'grid_mode' of the grid. 1=='default',2=='initialization'
  0.0000000000000000 # Attribute 'small_contrib_threshold' of the grid.
  0.5000000000000000 # Attribute 'damping_power' of the grid.
 # binID   n_entries weight   weight_sqr   abs_weight
    10   10   3.663611851742047E-003   8.053786797046847E-005   3.663611851742047E-003
  </DiscreteSampler_grid>
