  0.00063551451659965  0.00232494787479955  0.00254409596752510  0.00280181947348434
  0.00301980394470680  0.00321894586639037  0.00342778293553331  0.00366306778873823
  0.00389835264194316  0.00416843730423446  0.00444286842904463  0.00463192101317268
  0.00473884230494828  0.00484576359672387  0.00495268488849947  0.00505960618027506
  0.00516652747205066  0.00527344876382625  0.00538725186641871  0.00551196253082589
  0.00563667319523306  0.00576138385964024  0.00588609452404742  0.00601080518845460
  0.00613551585286178  0.00626570442195216  0.00641116422288238  0.00655662402381260
  0.00670208382474282  0.00684754362567304  0.00699300342660326  0.00713846322753348
  0.00727882553866895  0.00738817473455009  0.00749752393043123  0.00760687312631237
  0.00771622232219351  0.00782557151807466  0.00793492071395580  0.00804426990983694
  0.00815361910571808  0.00826296830159922  0.00837231749748036  0.00848329845417961
  0.00861084097302000  0.00873838349186040  0.00886592601070079  0.00899346852954118
  0.00912101104838156  0.00924855356722195  0.00937609608606235  0.00950363860490274
  0.00963118112374312  0.00975872364258351  0.00988707713640788  0.01003583995062951
  0.01018460276485114  0.01033336557907278  0.01048212839329441  0.01063089120751604
  0.01077965402173768  0.01092841683595931  0.01107717965018095  0.01122594246440258
  0.01137470527862421  0.01152346809284585  0.02472057162845092  0.02527026996447891
  0.02566382964816907  0.02605738933185923  0.02645094901554939  0.02684450869923955
  0.02723806838292971  0.02763162806661987  0.02802518775031004  0.02841874743400019
  0.02881230711769036  0.02919415909935764  0.02956295983739887  0.02993176057544010
  0.03030056131348133  0.03066936205152256  0.03103816278956379  0.03140696352760503
  0.03177576426564626  0.03214456500368749  0.03251336574172872  0.03288216647976995
  0.03325096721781119  0.03361976795585241  0.04548116875724404  0.05696386739559632
  0.05696386739560632  0.05696386739561632  0.05696386739562632  1.00000000000000000
  0.00000651625053451  0.00005602079851822  0.00005928477069732  0.00006284276625992
  0.00006705286417067  0.00007126296208143  0.00013990207355468  0.00029792515985552
  0.00063432023410427  0.00133655796382408  0.00135623581184399  0.00137591365986390
  0.00139559150788382  0.00141526935590373  0.00143494720392364  0.00145462505194356
  0.00147430289996347  0.00149398074798338  0.00151365859600329  0.00153333644402321
  0.00155301429204312  0.00157503037594403  0.00159798218900122  0.00162093400205841
  0.00164388581511560  0.00166683762817279  0.00168978944122999  0.00171274125428718
  0.00173569306734437  0.00175864488040156  0.00178159669345875  0.00180454850651594
  0.00182907946808935  0.00185583109016974  0.00188258271225013  0.00190933433433052
  0.00193608595641092  0.00196283757849131  0.00198958920057170  0.00201634082265209
  0.00204309244473249  0.00206984406681288  0.00209659568889327  0.00214600030416497
  0.00238055676737717  0.00262577060823515  0.00287794481157644  0.00294880685462580
  0.00301466665489863  0.00308052645517147  0.00314638625544430  0.00321224605571714
  0.00327810585598997  0.00334396565626281  0.00341733850073146  0.00349415593637363
  0.00357097337201580  0.00364779080765796  0.00372460824330013  0.00380142567894230
  0.00387824311458447  0.00394432919468580  0.00399419275222964  0.00404405630977347
  0.00409391986731731  0.00414378342486115  0.00419364698240498  0.00424351053994882
  0.00429337409749266  0.00434323765503649  0.00439310121258033  0.00444296477012416
  0.00449282832766800  0.00454269188521184  0.00459469019066391  0.00465158851673734
  0.00470848684281076  0.00476538516888418  0.00482228349495760  0.00487918182103102
  0.00493608014710445  0.00499297847317787  0.00504987679925129  0.00510677512532471
  0.00516367345139813  0.00522057177747156  0.00527747010354498  0.00533436842961840
  0.01072592793549097  0.02285045729389790  0.04867187947420382  0.09752713569382021
  0.09752713569383022  0.09752713569384022  0.09752713569385023  1.00000000000000000
  0.00033025079948487  0.00049692418470218  0.00055506342900054  0.00061317622067832
  0.00067127511850386  0.00074432991458921  0.00083188736300889  0.00091389179927138
  0.00103422232936492  0.00104868449272035  0.00106314665607579  0.00107760881943122
  0.00109207098278666  0.00110653314614209  0.00112099530949752  0.00113545747285296
  0.00114991963620839  0.00116438179956383  0.00117884396291926  0.00119330612627469
  0.00120776828963013  0.00122341144182836  0.00123906317465332  0.00125471490747828
  0.00127036664030324  0.00128601837312821  0.00130167010595317  0.00174383415936591
  0.00249868623702736  0.00266915112060008  0.00285310199947739  0.00304983499262036
  0.00366196265197780  0.00369246721819414  0.00372297178441048  0.00375347635062683
  0.00378398091684317  0.00381448548305951  0.00384499004927585  0.00387549461549220
  0.00390599918170854  0.00393650374792488  0.00396813676953564  0.00400115045556762
  0.00403416414159960  0.00406717782763159  0.00410019151366357  0.00413320519969555
  0.00416621888572754  0.00419923257175952  0.00423224625779151  0.00426525994382349
  0.00429990316207871  0.00433563235283949  0.00437136154360026  0.00440709073436104
  0.00444281992512181  0.00447854911588259  0.00451427830664336  0.00455000749740414
  0.00458573668816491  0.00462146587892569  0.00647272292623813  0.01010462753295776
  0.01578450969055671  0.02463686593676328  0.03100214695070811  0.03127300171732735
  0.03154385648394657  0.03181471125056581  0.03208556601718504  0.03235642078380428
  0.03262727555042350  0.03289813031704274  0.03316898508366197  0.03343563849874012
  0.03367113699708966  0.03390663549543919  0.03414213399378874  0.03437763249213828
  0.03461313099048782  0.03484862948883736  0.03508412798718689  0.03531962648553644
  0.03555512498388597  0.03579062348223552  0.03602612198058505  0.04422466892883756
  0.06903239585799163  0.09652970801991884  0.09652970801992884  0.09652970801993885
  0.09652970801994885  0.09652970801995886  0.09652970801996887  1.00000000000000000
  0.12360030015309653  0.22105474518742702  0.23412657668135356  0.24781508732458785
  0.29248639832224110  0.29439713563878023  0.29630787295531935  0.29821861027185848
  0.30012934758839765  0.30204008490493678  0.30395082222147590  0.30586155953801503
  0.30777229685455415  0.30968303417109333  0.31159377148763245  0.31350450880417158
  0.31541524612071070  0.31732598343724983  0.31923672075378901  0.32114745807032813
  0.32305819538686725  0.32496893270340638  0.32687967001994550  0.32879040733648468
  0.33070114465302380  0.33261188196956293  0.33452261928610205  0.33643335660264123
  0.33834409391918041  0.34025483123571953  0.34216556855225871  0.34407630586879784
  0.34598704318533702  0.34789778050187614  0.34980851781841532  0.35171925513495444
  0.35362999245149362  0.38274065908997185  0.39781667186333353  0.41289268463669537
  0.42796869741005705  0.47475188795043527  0.57603940704423306  0.67732692613803103
  0.73329838943697234  0.74176170085623305  0.75022501227549365  0.75868832369475436
  0.76715163511401496  0.77561494653327567  0.78407825795253649  0.80213735834527400
  0.90342487743907185  0.91912068974592409  0.92194378985395442  0.92476688996198486
  0.92758999007001530  0.93041309017804563  0.93323619028607607  0.93605929039410651
  0.93888239050213684  0.94170549061016728  0.94452859071819772  0.94735169082622817
  0.95017479093425850  0.95299789104228894  0.95582099115031938  0.95849968035095723
  0.96001087039832245  0.96152206044568767  0.96303325049305299  0.96454444054041821
  0.96605563058778343  0.96756682063514865  0.96907801068251387  0.97058920072987909
  0.97210039077724431  0.97361158082460963  0.97512277087197485  0.97663396091934007
  0.97814515096670529  0.97963794962977757  0.98109238179907909  0.98254681396838073
  0.98400124613768236  0.98545567830698400  0.98691011047628552  0.98836454264558715
  0.98981897481488879  0.99127340698419042  0.99272783915349194  0.99418227132279358
  0.99563670349209521  0.99709113566139684  0.99854556783069837  1.00000000000000000
 -0.00277387326802174  0.00152441881949910  0.00304883763899821  0.00457325645849732
  0.00609767527799642  0.00762209409749553  0.00914651291699464  0.01067093173649374
  0.01219535055599285  0.01371976937549196  0.01524418819499106  0.01676860701449017
  0.01829302583398927  0.01981744465348838  0.02145471855866479  0.02331744262905744
  0.02518016669945009  0.02704289076984275  0.02890561484023540  0.03076833891062805
  0.03263106298102070  0.03449378705141336  0.03635651112180602  0.03821923519219867
  0.04008195926259132  0.05347700392443774  0.13260679056968330  0.21173657721492889
  0.29086636386017461  0.36999615050542017  0.44912593715066573  0.52098673033720655
  0.52262208922188280  0.52425744810655917  0.52589280699123542  0.52752816587591178
  0.52916352476058803  0.53079888364526429  0.53243424252994065  0.53406960141461690
  0.53570496029929315  0.53734031918396952  0.53897567806864577  0.54061103695332213
  0.54204034953174873  0.54309447208359396  0.54414859463543908  0.54520271718728430
  0.54625683973912942  0.54731096229097453  0.54836508484281976  0.54941920739466488
  0.55047332994651010  0.55152745249835522  0.55258157505020034  0.55363569760204556
  0.55468982015389068  0.55574394270573590  0.55679806525758102  0.55785218780942614
  0.55890631036127136  0.55996043291311648  0.56101455546496171  0.56206867801680682
  0.56298603053552676  0.56380866264951623  0.56463129476350582  0.56545392687749541
  0.56627655899148488  0.56709919110547446  0.56792182321946405  0.56874445533345364
  0.56956708744744311  0.57038971956143270  0.57121235167542228  0.57203498378941187
  0.57285761590340134  0.57368024801739093  0.57450288013138051  0.57532551224536999
  0.57614814435935957  0.57697077647334916  0.57779340858733874  0.57861604070132822
  0.57943867281531780  0.58026130492930739  0.58108393704329697  0.58190656915728645
  0.58272920127127603  0.60435106677377615  0.68348085341902176  0.76261064006426726
  0.80085760752360025  0.80085760752361024  0.80085760752362023  1.00000000000000000
  0.14765828450520832  0.14904004662752485  0.15042180874984137  0.15180357087215793
  0.15318533299447445  0.15456709511679098  0.15594885723910751  0.15733061936142403
  0.15871238148374056  0.16009414360605712  0.16147590572837364  0.16285766785069017
  0.16423942997300670  0.16562119209532322  0.16712605126319283  0.16901360325023124
  0.17090115523726968  0.17278870722430809  0.17467625921134650  0.17656381119838493
  0.17845136318542335  0.18033891517246176  0.18222646715950019  0.18411401914653860
  0.18600157113357701  0.20838937016057060  0.24000636696823621  0.25364200318106533
  0.26727763939389443  0.28012179925942632  0.29234125986641274  0.30065048880223794
  0.30895971773806313  0.31726894667388833  0.32557817560971353  0.33389461920343377
  0.34231204405852600  0.35072946891361828  0.37569332399447963  0.37748923215195113
  0.37928514030942256  0.38108104846689406  0.38287695662436549  0.38467286478183699
  0.38646877293930848  0.38826468109677992  0.39006058925425141  0.39185649741172285
  0.39365240556919434  0.39544831372666578  0.39724422188413727  0.39904013004160876
  0.40083603819908026  0.40263194635655175  0.40442785451402324  0.40622376267149474
  0.40801967082896623  0.40981557898643772  0.41161148714390922  0.41340739530138071
  0.41520330345885220  0.41699921161632370  0.41879511977379513  0.42059102793126663
  0.42238693608873806  0.42418284424620956  0.42597875240368099  0.42777466056115249
  0.42957056871862398  0.43136647687609542  0.43316238503356691  0.43495829319103835
  0.43675420134850984  0.49674991042688560  0.59807972113616248  0.62705185049453449
  0.62984603044780685  0.63264021040107921  0.63543439035435167  0.63822857030762403
  0.64102275026089639  0.64381693021416886  0.64647848113664941  0.64879618845303044
  0.65111389576941148  0.65343160308579251  0.65574931040217344  0.65806701771855447
  0.66038472503493550  0.66270243235131654  0.66502013966769757  0.69601056787216065
  0.79734037858143758  0.89867018929071441  0.95294279257456460  1.00000000000000000
 -0.00415319313054001  0.00053418176490531  0.00106836352981063  0.00160254529471594
  0.00213672705962125  0.00267090882452657  0.00320509058943189  0.00373927235433720
  0.00427345411924251  0.00480763588414783  0.00534181764905314  0.00587599941395846
  0.00641018117886377  0.00694436294376908  0.00747854470867440  0.00801272647357971
  0.00854690823848503  0.00908109000339034  0.00961527176829565  0.01014945353320097
  0.01068363529810628  0.01121781706301160  0.01175199882791691  0.01228618059282222
  0.01282036235772754  0.01335454412263285  0.01388872588753817  0.01442290765244348
  0.01495708941734879  0.01549127118225411  0.01602545294715942  0.01655963471206474
  0.01709381647697005  0.01762799824187537  0.01816218000678068  0.01869636177168599
  0.01923054353659131  0.01976472530149662  0.02029890706640194  0.02083308883130726
  0.02132306172678158  0.02181301437800834  0.02230296702923508  0.02279291968046183
  0.02328287233168858  0.02377282498291533  0.02426277763414208  0.02475273028536883
  0.02524268293659558  0.02573263558782233  0.02622258823904908  0.02671254089027583
  0.02720249354150257  0.02769244619272932  0.02818239884395608  0.02867235149518282
  0.02916230414640957  0.02965225679763632  0.03014220944886307  0.03063216210008982
  0.03112211475131657  0.03161206740254332  0.03210202005377007  0.03259197270499681
  0.03308192535622356  0.03357187800745032  0.03406183065867707  0.03455178330990381
  0.03504173596113056  0.03553168861235731  0.03602164126358406  0.03651159391481081
  0.03700154656603756  0.03749149921726431  0.03798145186849106  0.03847140451971781
  0.03896135717094456  0.03945130982217131  0.03994126247339806  0.03994171098895490
  0.03994171098896490  0.03994171098897490  0.03994171098898490  0.03994171098899490
  0.03994171098900490  0.03994171098901490  0.03994171098902490  0.03994171098903489
  0.03994171098904489  0.03994171098905489  0.03994171098906489  0.03994171098907489
  0.03994171098908489  0.03994171098909489  0.03994171098910489  1.00000000000000000
  0.00166993935902913  0.08499086035663964  0.08664838737994601  0.08830591440325239
  0.08996344142655877  0.09162096844986514  0.09327849547317150  0.09493602249647788
  0.09659354951978426  0.09825107654309063  0.09990860356639701  0.10156613058970339
  0.10322365761300975  0.10505601618506975  0.10711911455702651  0.10918221292898325
  0.11124531130094001  0.11330840967289675  0.11537150804485351  0.11743460641681025
  0.11949770478876701  0.12156080316072375  0.12362390153268051  0.16128694354156284
  0.18899121223138995  0.19095475264420486  0.19291829305701974  0.19488183346983465
  0.19684537388264955  0.19880891429546443  0.20077245470827934  0.20273599512109422
  0.20469953553390913  0.20666307594672403  0.20862661635953894  0.21059015677235385
  0.21255369718516876  0.21451723759798369  0.21648077801079860  0.21844431842361353
  0.22040785883642844  0.22237139924924337  0.22433493966205828  0.22629848007487319
  0.22826202048768812  0.23022556090050303  0.23218910131331794  0.23415264172613282
  0.23611618213894772  0.23807972255176263  0.24004326296457751  0.24200680337739242
  0.24397034379020732  0.24593388420302220  0.24789742461583711  0.24986096502865202
  0.35125558039245880  0.37738272405254780  0.38042927795353965  0.38347583185453149
  0.38652238575552333  0.38956893965651512  0.39261549355750697  0.39566204745849881
  0.39870860135949066  0.40175515526048255  0.40480170916147440  0.40784826306246624
  0.41089481696345814  0.41394137086444999  0.41698792476544183  0.42003447866643367
  0.42308103256742552  0.42612758646841736  0.42917414036940921  0.43222069427040100
  0.43526724817139284  0.46660875117996159  0.57558043172686579  0.68455211227377011
  0.70329908709419175  0.71953745233238842  0.73577581757058497  0.76351668609382606
  0.79843118368803334  0.80755176378153548  0.81667234387503773  0.82579292396853987
  0.83491350406204212  0.84403408415554437  0.85315466424904673  0.88528995647854991
  0.89891500564109583  0.90972969636984913  0.91227412621180215  1.00000000000000000
  0.03615766366322837  0.29863706171486543  0.30560745676306406  0.31258246256743283
  0.31996567770877088  0.32734889285010893  0.33540084421328115  0.34631387980851946
  0.35722691540375773  0.36813995099899594  0.40717372537421909  0.49380441167843026
  0.58043509798264137  0.66706578428685259  0.75369647059106371  0.84032715689527493
  0.85524965291034349  0.85653854321293998  0.85782743351553647  0.85911632381813297
  0.86040521412072946  0.86169410442332595  0.86298299472592244  0.86427188502851893
  0.86556077533111542  0.86684966563371191  0.86813855593630840  0.86942744623890489
  0.87071633654150138  0.87200522684409787  0.87329411714669436  0.87458300744929085
  0.87570945828428026  0.87675822105574774  0.87780698382721511  0.87885574659868249
  0.87990450937014997  0.88095327214161734  0.88200203491308482  0.88305079768455219
  0.88409956045601967  0.88514832322748704  0.88619708599895453  0.88724584877042190
  0.88829461154188927  0.88934337431335675  0.89039213708482412  0.89144089985629160
  0.89248966262775897  0.89353842539922645  0.89458718817069383  0.89563595094216120
  0.89668471371362868  0.89773347648509616  0.89878223925656353  0.89983100202803101
  0.90087976479949838  0.90192852757096587  0.90297729034243324  0.90402605311390072
  0.90507481588536809  0.90612357865683557  0.90717234142830294  0.90822110419977042
  0.90926986697123791  0.91031862974270528  0.91136739251417276  0.91241615528564013
  0.91346491805710761  0.91451368082857498  0.91556244360004246  0.91661120637150983
  0.91857997611356845  0.92060011375146167  0.92262025138935488  0.92464038902724810
  0.92666052666514132  0.92868066430303442  0.93070080194092764  0.93272093957882085
  0.93474107721671407  0.93676121485460728  0.95966316305560262  0.96304003460213217
  0.96641690614866183  0.96979377769519148  0.97317064924172114  0.97654752078825080
  0.97981374256807274  0.98269749362977665  0.98558124469148056  0.98846499575318447
  0.99134874681488827  0.99423249787659218  0.99711624893829609  1.00000000000000000
   4.6490423501918436E-013  -1.0000000000000000     
 F F F F F F F F F F F F F F F F F F F F F F F F F F F F F F F F
  <DiscreteSampler_grid>
  grouped_processes
  1 # 1 for a reference and 2 for a running grid.
  10 # Attribute 'min_bin_probing_points' of the grid.
  1 # Attribute 'grid_mode' of the grid. 1=='default',2=='initialization'
  0.0000000000000000 # Attribute 'small_contrib_threshold' of the grid.
  0.5000000000000000 # Attribute 'damping_power' of the grid.
 # binID   n_entries weight   weight_sqr   abs_weight
    10   10   1.825895636393327E-002   2.974945000115053E-003   1.825895636393327E-002
  </DiscreteSampler_grid>
