  0.00613833173969447  0.00689934618275930  0.00746446966731063  0.00798242568381279
  0.00851152104824076  0.00903332510227869  0.00956716860578009  0.01007241118444762
  0.01050950193267463  0.01097546498335797  0.01144537011755979  0.01195595467431721
  0.01250303671845777  0.01304711100637610  0.01361306050327593  0.01423335308137813
  0.01487322642656922  0.01554746161807041  0.01621741357836402  0.01691357401324377
  0.01771723960500131  0.01855292885967422  0.01947530822646463  0.02050786776823740
  0.02146875098088709  0.02242462728943337  0.02338583917640198  0.02445269471953507
  0.02551018083548710  0.02648634401400534  0.02742244930877239  0.02856392903315451
  0.02992751158560839  0.03138334230684425  0.03295309512798571  0.03446902408617440
  0.03591050021857797  0.03733891032283018  0.03873677670953482  0.04004633117052910
  0.04128378756996149  0.04260794838760355  0.04412866638795186  0.04565316414126309
  0.04729385580939184  0.04902449677548426  0.05073263603403579  0.05242811720573783
  0.05430734861613031  0.05645174759856578  0.05869962883084488  0.06068440522724918
  0.06289529946463912  0.06535940540538099  0.06816150047979561  0.07129755118379050
  0.07415118361386464  0.07654647268441114  0.07890927694529065  0.08132140678125614
  0.08374668660565734  0.08641733257409608  0.08879473675375760  0.09109374739396296
  0.09368440834865036  0.09611791040601325  0.09837980513139727  0.10104899506738223
  0.10433939966232611  0.10932670036659191  0.11575223039103404  0.12298473666472447
  0.13046014613259257  0.13727665379911758  0.14344018595102706  0.14687881005129524
  0.15088417424021269  0.15532362053085658  0.15996855231027343  0.16480184301649442
  0.16934858710636966  0.17549912714500490  0.18412346751314601  0.19372644114148738
  0.20244445353459378  0.21870292548628803  0.23320423288054512  0.24355932174330844
  0.25205535298320464  0.26432330411381627  0.27867166654212344  0.29758819337091658
  0.33707012627882066  0.37522111498029670  0.60780816324059050  1.00000000000000000
  0.00000307374704709  0.00000393173353841  0.00000511915603132  0.00000624310995858
  0.00000731154073424  0.00000847406579580  0.00000989639221097  0.00001144205778499
  0.00001291231542572  0.00001441328744926  0.00001612523877578  0.00001820804411954
  0.00002062044935365  0.00002341838727849  0.00002646721797617  0.00002952041692747
  0.00003251124630508  0.00003559822607757  0.00003908036096382  0.00004309793488756
  0.00004768407134881  0.00005287373146572  0.00005825113504891  0.00006388462816063
  0.00006953664613508  0.00007504641907741  0.00008055261862406  0.00008661267887252
  0.00009360976857933  0.00010048887470025  0.00010765472921692  0.00011561201090926
  0.00012424471858795  0.00013275036311708  0.00014162570754103  0.00015145575368822
  0.00016736546984281  0.00018471529008796  0.00020238785290394  0.00022061869154341
  0.00024049428844874  0.00026328274682823  0.00029169806647464  0.00032700165635530
  0.00035836855744841  0.00038781969928990  0.00042026746813838  0.00045614542609890
  0.00049698226616357  0.00054671483694835  0.00059783198139298  0.00065100476623024
  0.00070894159715768  0.00077071242963028  0.00083465202940798  0.00090301461971437
  0.00097314305875851  0.00104739279857236  0.00112484253565437  0.00122575550932852
  0.00132557841622065  0.00144381656344591  0.00155605384038815  0.00168618887326335
  0.00184847914076058  0.00207415601090518  0.00238352554206746  0.00275347402931298
  0.00315210480282389  0.00354856689538246  0.00396247851355957  0.00443273629016218
  0.00490831956708638  0.00550018199591276  0.00632530172495290  0.00739873266929817
  0.00869125664014200  0.01015386463717701  0.01181130761269361  0.01386366635541325
  0.01604029831772000  0.01820993722009337  0.02026122764028428  0.02231074744076562
  0.02472549171498634  0.02770177615099751  0.03231036453491198  0.03860929999503807
  0.04630696837032933  0.05693280387130580  0.07453176833854347  0.09629684675089584
  0.11976049443115469  0.15030611810242261  0.37180381039051630  1.00000000000000000
  0.00000219029656435  0.00001376405430460  0.00004121259345270  0.00008304170553991
  0.00014304697808322  0.00022087725653843  0.00031449819796258  0.00043553521377071
  0.00057155933289915  0.00071585268630413  0.00088160076349985  0.00107955902596521
  0.00127579415672055  0.00147403145199640  0.00168628388619899  0.00196074256718855
  0.00225624708769852  0.00256633822488409  0.00289114196184061  0.00323319640569331
  0.00359211916349819  0.00396728163899591  0.00437639004592201  0.00483845640025767
  0.00532289398959601  0.00585171659738359  0.00639118442394092  0.00696613980460577
  0.00750639368173738  0.00805286162759618  0.00863566359706384  0.00932774615433273
  0.01008623220568810  0.01093085986959425  0.01177058568607196  0.01258032754337110
  0.01336196087046958  0.01413510433449640  0.01493343415951978  0.01578793804326443
  0.01669662137043050  0.01768959084051151  0.01885130881144691  0.02017599679458445
  0.02154764141668416  0.02274494345290357  0.02393056388151303  0.02509109953633869
  0.02634694141448797  0.02723964299954131  0.02816922463048126  0.02917147465556998
  0.03030654592319610  0.03191537642808185  0.03366135324417227  0.03578465042366846
  0.03785880353224554  0.03990390809460666  0.04208467033909619  0.04450905505095955
  0.04738883583254590  0.05086211546038383  0.05444096677945236  0.05809025073801432
  0.06223729863148755  0.06559409379256516  0.06874005227176000  0.07236649362608506
  0.07657802928898759  0.08100711321124558  0.08526067294227120  0.08912315849001129
  0.09265719187167916  0.09693873780747002  0.10167695092286552  0.10821955170862219
  0.11461277859099467  0.11984438276698034  0.12512411221224912  0.13133516862253597
  0.13726348700785368  0.14335897119599392  0.15072646905845327  0.16331659228170003
  0.17642945771799881  0.18466943463118907  0.19235883168384343  0.19974944773274772
  0.20411327149230171  0.20767469832264765  0.21309237308160092  0.21944772205226662
  0.22653937774781563  0.23331758689109602  0.26266545379046563  1.00000000000000000
 -0.00434612779343468  0.02221736581324174  0.04200679605285371  0.05874294768427518
  0.07348761550730046  0.08649000070510338  0.09867271872232009  0.11211449494082522
  0.12697735871657764  0.13919932863847304  0.15081120763901601  0.16171491292223972
  0.17277547760316658  0.18334524584168915  0.19428855751620050  0.20564482123303779
  0.21929133215523797  0.23213915831769477  0.24446330903691543  0.25706575895107758
  0.27163259063104284  0.28733510936830564  0.30124281139354364  0.31255009345365309
  0.32290252848751683  0.33280752039047662  0.34292024487773382  0.35251334382002730
  0.36172593357070804  0.37263653557725662  0.38312224832180719  0.39633930530948919
  0.40794748562771466  0.41867810264764621  0.42886415780296616  0.44026016957921149
  0.45335821729427900  0.46604993909428000  0.47741312821510556  0.48847281655390540
  0.49896858947814099  0.50812619555787653  0.51611617872744187  0.52484502205306738
  0.53256325282154626  0.54072389033690005  0.54935792570933917  0.55885205990938303
  0.57075624119310642  0.58335439299082548  0.59608358770417313  0.60797472840233147
  0.61939601786122434  0.63016062691553920  0.64065267696580530  0.65100887381548000
  0.66085879771210310  0.67026949808322034  0.67981873148273231  0.68998386707762271
  0.69967527259630102  0.70881539441063235  0.71792950992989191  0.72729110427756283
  0.73727534698697006  0.74833666274542776  0.75893634078518490  0.76898970610388906
  0.77923475551939791  0.79011181818259857  0.80113537030552573  0.81126882398097566
  0.82141357768671974  0.83181028893309328  0.84127738477350400  0.84923965695367754
  0.85655586273653361  0.86382520432427434  0.87210809413544832  0.88074931681677116
  0.88876530629645201  0.89594527826902881  0.90278454444815115  0.90965601016248587
  0.91688964247459459  0.92552280804247600  0.93514998067352728  0.94436957715568559
  0.95320191607609617  0.96201643586700536  0.96872444764831478  0.97512543603733159
  0.98129444082051143  0.98809739964993004  0.99417117207743511  1.00000000000000000
 -0.00294573736842705  0.01226009558633213  0.02465734771415258  0.03534933300961824
  0.04649946329693577  0.05547369357580690  0.06380317657331284  0.07204837698996752
  0.08165489270620145  0.09171772418254762  0.10053367540742809  0.10887940480312652
  0.11712168229460475  0.12713423367887425  0.14088909061139443  0.15563648085898843
  0.17043763128642533  0.18387844072393389  0.19640182611726362  0.20885766471566300
  0.22147977707805314  0.23522017275952498  0.24590715647751707  0.25620680057836120
  0.26616799122137386  0.27763384601905611  0.28904850051917319  0.29955276032873884
  0.30854156560764756  0.31814139960823029  0.32763223776331740  0.33825452341368140
  0.34905987214123968  0.35967623948130173  0.37084843459925720  0.38159566407330420
  0.39310613983384413  0.40296866415265092  0.41275312616595444  0.42244309505265015
  0.43184036391268954  0.44367905233627475  0.45538385201922987  0.46622639571991620
  0.47669517551903168  0.48611850010052166  0.49510827326829127  0.50475987216814167
  0.51448855936423366  0.52319120872822678  0.53155757199059073  0.54086435427711144
  0.55123305477676254  0.56180809701132417  0.57057622325529822  0.58021982132694283
  0.59035252882663103  0.60207226679702885  0.61345712285620635  0.62428772164500612
  0.63394281938864483  0.64249331370592022  0.65216713037564333  0.66277875337311765
  0.67371595309092225  0.68396923518052599  0.69431476252280777  0.70563615373749611
  0.71795425531315082  0.73016689219682684  0.74228937149038965  0.75406618840699058
  0.76464972288960142  0.77295749896645161  0.78097457755264421  0.78882981509169359
  0.79718796946434922  0.80590883814488867  0.81424664638493149  0.82501150400390810
  0.83376712785085993  0.84294439853431158  0.85215965256187598  0.86151232118043841
  0.87077407446258837  0.87947354098549579  0.88845012239503152  0.89838932578701314
  0.90857208789636168  0.91950665235356621  0.93131152861597077  0.94425051558718620
  0.95751145177608621  0.97094572215431929  0.98465823789267504  1.00000000000000000
 -0.00221818859495284  0.01065379744554454  0.02124989777084607  0.03177456832451479
  0.04184522657561210  0.05234419022212142  0.06183563596604788  0.07130545805115367
  0.08113290696587518  0.09358037883974168  0.10810415961587036  0.12312330743354923
  0.13806808407259530  0.14945075409230613  0.16033335684438893  0.16949138816587420
  0.17766267992018381  0.18584246494894108  0.19446029033602519  0.20434338060452872
  0.21518863666715760  0.22689961528562366  0.23729379069303441  0.24681290485782487
  0.25566947211294300  0.26433942918524883  0.27384445911988808  0.28423147724163772
  0.29478746052634547  0.30385998833167172  0.31250233684974299  0.32068328078197561
  0.32875989494088204  0.33818345225672530  0.34768999289049124  0.35852995192707565
  0.37083155700587322  0.38308068352213470  0.39387423924375997  0.40634018250160808
  0.41936852818336662  0.43160487736168524  0.44255741953494521  0.45343399000607376
  0.46483258842439462  0.47629074151374812  0.48534493460808525  0.49391864243324596
  0.50446726948900777  0.51595393813983859  0.52568764405685153  0.53411469054910532
  0.54283607206986229  0.55291393693136481  0.56356615174352376  0.57398004935177271
  0.58417741672162771  0.59464113276796093  0.60480888574092917  0.61487872939781707
  0.62530800790778329  0.63607666405343088  0.64756194678211942  0.65970669599495357
  0.67182387633528895  0.68233343126617341  0.69170250709544900  0.70122347952589814
  0.71179205372860122  0.72368860320520279  0.73353961777670373  0.74322134697130815
  0.75330635534217050  0.76474457014764985  0.77744976651504294  0.78892305969887200
  0.79846344177379858  0.80756177042647759  0.81707080611406158  0.82691106389785562
  0.83887140478840017  0.85065668334129152  0.86297059570558077  0.87418193534634936
  0.88329363901325131  0.89193310901415446  0.90149393333198624  0.91199088177357701
  0.92189522184059647  0.93168398745767123  0.94270630772923869  0.95462070664388676
  0.96608600385589205  0.97637733065057974  0.98789996732264573  1.00000000000000000
  0.00314940875336208  0.03020780350624921  0.04763777664927576  0.05951533060051181
  0.06920499928505275  0.07734634125887030  0.08466560216103136  0.09125774681893573
  0.09800188260777398  0.10465591295020728  0.11089273200146481  0.11685085520092275
  0.12243736224649797  0.12753269162855471  0.13230885632274325  0.13694488800140109
  0.14189349266906726  0.14679972440966213  0.15138663170776187  0.15593993946983259
  0.16067965673448753  0.16590636934114705  0.17114254771389648  0.17564654858035031
  0.17950532304978253  0.18326797116922333  0.18689616256307440  0.19060559235244837
  0.19370819805535980  0.19674367457974135  0.19989570560911049  0.20419825166706826
  0.20962589196191031  0.21554508215677440  0.22038885813549283  0.22475692168961853
  0.22910902404397368  0.23388820976667291  0.24029817678446347  0.24647837900180244
  0.25240477147251872  0.25837595984664130  0.26477232576826337  0.27071999657425211
  0.27567338152926973  0.28075657950478933  0.28614343009930959  0.29174194599348674
  0.29601281161395909  0.29962984677827298  0.30285792601711126  0.30629923923268293
  0.30989897503814351  0.31334910684387313  0.31717223617079926  0.32086472950475836
  0.32429140289191732  0.32774754629045516  0.33163252406358218  0.33707021499904238
  0.34479718526738456  0.35418241997168265  0.36460651144132994  0.37415263657386627
  0.37913391375359173  0.38401408420394395  0.38869248530339573  0.39292790915330505
  0.39693651439865096  0.40244208043908486  0.40785529460093911  0.41396408045557176
  0.42034093798958111  0.42763195853490882  0.43538252975423236  0.44101545056570635
  0.44684289125984977  0.45006422977030486  0.45316779795867373  0.45615961318252202
  0.45905116435589077  0.46254348319278327  0.46585263956851686  0.46860379546124453
  0.47142626571305507  0.47527644151991072  0.48339154542794383  0.48877077128793228
  0.49393611133184112  0.49841650412196453  0.51352967967460295  0.60537698528058725
  0.68109092481482580  0.76803459810975905  0.96682910862529181  1.00000000000000000
 -0.00348448135734870  0.01317051795747995  0.02872255626932957  0.04285029949569669
  0.05731490067949391  0.07165482593015082  0.08595732328669668  0.09900651307437219
  0.11228624347708061  0.12467078880544083  0.13429779764135596  0.14278058056294635
  0.15127931144762519  0.16113890466173880  0.17242911333817054  0.18349688890694657
  0.19370453862715042  0.20343501611115677  0.21361614803969248  0.22422302853730749
  0.23574499226739373  0.24815273957961007  0.26067511569842189  0.27290684941194232
  0.28605537763515793  0.29889083214623030  0.31051019748069664  0.32194200465371381
  0.33315187599760671  0.34400876704460615  0.35576399941464093  0.36714022162457166
  0.37951422337651097  0.39244157328033852  0.40443972573725279  0.41404327589619033
  0.42223055781542240  0.43007888219124046  0.43811626288164651  0.44540872381321245
  0.45461979748890208  0.46377396680546445  0.47379269903552379  0.48417766997153516
  0.49371771420413041  0.50191037379914638  0.51142258957545861  0.52151503169008417
  0.53182971722443007  0.54350161789967655  0.55489930763946960  0.56518731471360717
  0.57583346510353117  0.58613276661390346  0.59624518511283153  0.60653237090856960
  0.61616129218801297  0.62556993334703448  0.63434661118175439  0.64279837430181175
  0.65226342978900875  0.66233062912894092  0.67273254821009509  0.68325034972138488
  0.69574274455999330  0.70756209135882442  0.71988303386036201  0.73125195077149097
  0.74347066007979123  0.75518315415439030  0.76705720048611181  0.77769998137055829
  0.78831241363384263  0.79852546161682869  0.80798165115461174  0.81638922136052017
  0.82468266619490105  0.83278279638011476  0.84117356656169984  0.84953674040739569
  0.85749645166267352  0.86615741435440774  0.87516747835945707  0.88672311683509775
  0.89876395977255252  0.91092290472390969  0.92317775587867390  0.93478320068139398
  0.94439992807579431  0.95397021825280459  0.96398088085180278  0.97258172128356024
  0.97873322132872198  0.98463414258689075  0.99133236872125330  1.00000000000000000
  0.05677388387633785  0.20923935935687349  0.30499098909797639  0.37517247911023011
  0.43081287645593708  0.47749542543693074  0.51740007601959537  0.55607393950475636
  0.59060161513309739  0.62000537935241085  0.64416298221255808  0.66598006856453440
  0.68486107692136600  0.70152298600225804  0.71670457307841229  0.73208271948311121
  0.74773411279398894  0.76212420748528842  0.77484865727114816  0.78707996427945870
  0.79812620197078465  0.80787636468359625  0.81641967550572048  0.82491912369260234
  0.83283342623851231  0.84061164344179651  0.84808053729816624  0.85515380175151867
  0.86166913558847313  0.86757722969594464  0.87329747833695959  0.87833193704486756
  0.88357881857612752  0.88863253908475692  0.89363965289693681  0.89809310354250083
  0.90230624024524864  0.90645790731191322  0.91068331234308142  0.91477965739423817
  0.91826881824696260  0.92133378890188922  0.92415891671880557  0.92687895390895714
  0.92939758806311545  0.93188374826825826  0.93423744455437274  0.93652228313895547
  0.93873811577124877  0.94068317223608988  0.94273092656601065  0.94478966435671585
  0.94690382943974338  0.94901642992265889  0.95106228933911086  0.95299627099322981
  0.95477372147432205  0.95649966987138002  0.95810123182525098  0.95957055695453253
  0.96092199585622529  0.96220406577049511  0.96350070443480906  0.96469316616549983
  0.96589001693378607  0.96707863128944149  0.96821135762128807  0.96939358124916586
  0.97056864805681020  0.97170563674998234  0.97277428947971345  0.97381924109908091
  0.97485054625150214  0.97586871274098397  0.97686633652079513  0.97785427354921262
  0.97882829885537581  0.97978346742180578  0.98072755170357317  0.98171287696230913
  0.98271001310669381  0.98372669431779236  0.98470114406269926  0.98563844008004986
  0.98652653173628202  0.98741016874190024  0.98823289245754464  0.98901665171018227
  0.98979203142203032  0.99062637477842652  0.99150658276083781  0.99246652777795330
  0.99360670742014834  0.99488681360228659  0.99688545868434153  1.00000000000000000
   5.8548494892886806E-010  -1.0000000000000000     
 F F F F F F F F F F F F F F F F F F F F F F F F F F F F F F F F
  <DiscreteSampler_grid>
  grouped_processes
  1 # 1 for a reference and 2 for a running grid.
  10 # Attribute 'min_bin_probing_points' of the grid.
  1 # Attribute 'grid_mode' of the grid. 1=='default',2=='initialization'
  0.0000000000000000 # Attribute 'small_contrib_threshold' of the grid.
  0.5000000000000000 # Attribute 'damping_power' of the grid.
 # binID   n_entries weight   weight_sqr   abs_weight
    10   10   4.219603778770736E-002   5.341811020007048E-003   4.219603778770736E-002
  </DiscreteSampler_grid>
