0.31643E-04 0.61030E-07 0.00000E+01 2035225 0 0 45352 0.14334E+10 0.00000E+01 0.31643E-04 0.00000E+01 0.00000E+01 0
1 3.3727e-05 1.4298e-06 4.2394 0.0056872 3.3727e-05
2 3.211e-05 6.4208e-07 2.8279 0.003955 3.211e-05
3 3.1711e-05 3.4121e-07 2.152 0.0027769 3.1711e-05
4 2.987e-05 1.0142e-06 3.3953 0.0042433 2.987e-05
5 3.1009e-05 5.9235e-07 2.7015 0.0025927 3.1009e-05
6 3.1407e-05 3.4233e-07 2.1799 0.0024267 3.1407e-05
7 3.1162e-05 1.2523e-06 4.0185 0.0039969 3.1162e-05
8 3.1894e-05 6.2875e-07 2.788 0.0038909 3.1894e-05
9 3.2111e-05 3.6894e-07 2.2979 0.0038074 3.2111e-05
10 3.3349e-05 1.3648e-06 4.0925 0.0058424 3.3349e-05
11 3.109e-05 6.6424e-07 3.0215 0.0054559 3.109e-05
12 3.1282e-05 3.2088e-07 2.0516 0.0013949 3.1282e-05
13 3.1247e-05 9.6443e-07 3.0865 0.0025642 3.1247e-05
14 3.2912e-05 6.0813e-07 2.6131 0.0025596 3.2912e-05
15 3.1756e-05 3.4724e-07 2.1869 0.0028692 3.1756e-05
16 3.3085e-05 1.2634e-06 3.8186 0.0046733 3.3085e-05
17 3.1977e-05 5.8965e-07 2.6078 0.0033254 3.1977e-05
18 3.0988e-05 3.166e-07 2.0434 0.0022945 3.0988e-05
19 3.0382e-05 1.0917e-06 3.5934 0.0042789 3.0382e-05
20 3.0896e-05 6.1696e-07 2.824 0.0041541 3.0896e-05
21 3.1647e-05 3.5789e-07 2.2618 0.0033382 3.1647e-05
22 3.2801e-05 1.2934e-06 3.9431 0.007357 3.2801e-05
23 3.1311e-05 5.5643e-07 2.5132 0.0019788 3.1311e-05
24 3.1627e-05 3.486e-07 2.2045 0.0022825 3.1627e-05
25 3.1305e-05 1.0294e-06 3.2881 0.0031592 3.1305e-05
26 3.1758e-05 5.5647e-07 2.478 0.0022536 3.1758e-05
27 3.1488e-05 3.421e-07 2.173 0.0039365 3.1488e-05
28 3.0422e-05 1.0542e-06 3.4651 0.002778 3.0422e-05
29 3.2042e-05 5.9095e-07 2.6083 0.0020797 3.2042e-05
30 3.1528e-05 3.5692e-07 2.2641 0.0033799 3.1528e-05
31 3.1708e-05 1.0894e-06 3.4357 0.0036192 3.1708e-05
32 3.2584e-05 5.9397e-07 2.5779 0.0029504 3.2584e-05
33 3.1588e-05 3.3988e-07 2.152 0.0020595 3.1588e-05
34 3.0582e-05 1.2922e-06 4.2255 0.0069252 3.0582e-05
35 3.1107e-05 5.6476e-07 2.5676 0.0021779 3.1107e-05
36 3.1711e-05 3.4019e-07 2.1456 0.0021036 3.1711e-05
37 3.2972e-05 1.4233e-06 4.3166 0.0073217 3.2972e-05
38 3.1125e-05 5.6165e-07 2.552 0.0024442 3.1125e-05
39 3.214e-05 3.5806e-07 2.2282 0.0028977 3.214e-05
40 3.0781e-05 1.1081e-06 3.5999 0.0041956 3.0781e-05
41 3.1745e-05 5.6908e-07 2.5352 0.0019682 3.1745e-05
42 3.1701e-05 3.5139e-07 2.2169 0.0039244 3.1701e-05
43 3.1203e-05 1.1363e-06 3.6417 0.0050493 3.1203e-05
44 3.244e-05 6.0851e-07 2.6528 0.002278 3.244e-05
45 3.1824e-05 3.434e-07 2.1581 0.0025885 3.1824e-05
46 3.168e-05 1.1192e-06 3.5328 0.0033458 3.168e-05
47 3.1528e-05 5.7428e-07 2.5759 0.0025927 3.1528e-05
48 3.1522e-05 3.2713e-07 2.0756 0.0017125 3.1522e-05
49 3.1684e-05 6.0308e-07 2.6918 0.0037644 3.1684e-05
50 3.1601e-05 4.3781e-07 2.7709 0.010248 3.1601e-05
51 3.1558e-05 2.1156e-07 1.8961 0.0028903 3.1558e-05
52 2.9297e-05 9.7363e-07 3.3233 0.0035319 2.9297e-05
53 3.1577e-05 5.8526e-07 2.6211 0.002678 3.1577e-05
54 3.1401e-05 3.3067e-07 2.1061 0.002077 3.1401e-05
55 3.0709e-05 5.7297e-07 2.6387 0.0043633 3.0709e-05
56 3.1909e-05 4.3298e-07 2.7138 0.010197 3.1909e-05
57 3.2062e-05 2.1483e-07 1.8952 0.001699 3.2062e-05
58 3.3433e-05 1.3345e-06 3.9917 0.0050124 3.3433e-05
59 3.1707e-05 5.749e-07 2.5642 0.0022002 3.1707e-05
60 3.1993e-05 3.7827e-07 2.3647 0.005223 3.1993e-05
61 3.1362e-05 1.0704e-06 3.413 0.0034506 3.1362e-05
62 3.2404e-05 5.9758e-07 2.608 0.0023368 3.2404e-05
63 3.1526e-05 3.4267e-07 2.1739 0.0032662 3.1526e-05
64 3.0086e-05 1.1508e-06 3.825 0.0050368 3.0086e-05
65 3.1709e-05 6.389e-07 2.8495 0.0039733 3.1709e-05
66 3.1677e-05 3.4917e-07 2.2046 0.0026509 3.1677e-05
67 3.206e-05 1.2168e-06 3.7955 0.0050441 3.206e-05
68 3.1383e-05 5.6715e-07 2.5558 0.0025486 3.1383e-05
69 3.0973e-05 3.2379e-07 2.0908 0.002203 3.0973e-05
70 3.1649e-05 1.0352e-06 3.2708 0.0029534 3.1649e-05
71 3.1646e-05 5.7295e-07 2.5605 0.0035107 3.1646e-05
72 3.2221e-05 3.5277e-07 2.1897 0.0029569 3.2221e-05
73 3.2226e-05 1.0941e-06 3.3952 0.0029083 3.2226e-05
74 3.1808e-05 6.2068e-07 2.7596 0.0033142 3.1808e-05
75 3.1456e-05 3.2722e-07 2.0805 0.0017634 3.1456e-05
<lo_statistics>
<cumulated_time> 1128.051398 </cumulated_time>
</lo_statistics>