  0.00624763430584597  0.00639944714183071  0.00655592837498428  0.00669606623799966
  0.00681296212606768  0.00693303010229975  0.00705438231541188  0.00717357320529215
  0.00729012530532811  0.00742365198313541  0.00755814257907302  0.00769348988029290
  0.00783026668607052  0.00797883715770933  0.00813253779022819  0.00828653261091161
  0.00844737588075998  0.00860754741581367  0.00876703350949100  0.00893788493723260
  0.00911176411301104  0.00929064201030214  0.00947143067963916  0.00964481533265077
  0.00983021001808153  0.01002977489428947  0.01025999288746167  0.01051355872070402
  0.01075208369197128  0.01097418844981716  0.01119432350374687  0.01141637504612300
  0.01164828851913252  0.01192800701889730  0.01218982397578799  0.01244946965937636
  0.01270650344911521  0.01297376421275247  0.01325200866486159  0.01353390576567097
  0.01383679518977827  0.01414091384243998  0.01447444826926897  0.01483132931306135
  0.01520851159836933  0.01561738619810017  0.01603701709819038  0.01645671664998139
  0.01691049130082570  0.01738418551312236  0.01789892465882023  0.01843679205444136
  0.01898636521936632  0.01951756425034989  0.02006725793561144  0.02064039490660787
  0.02126031392927364  0.02193595733713910  0.02264135678946569  0.02331062628456037
  0.02393673746838666  0.02457212887763809  0.02522007082876319  0.02592600892221302
  0.02662515489597739  0.02731997389732590  0.02809812508609563  0.02895339298138506
  0.02985217697628015  0.03078576973427048  0.03175129219912784  0.03276642465261907
  0.03381855371120662  0.03494215082836911  0.03626072387206485  0.03781406115794149
  0.03956091324273388  0.04141574253824609  0.04345103769142219  0.04634414568362198
  0.04919458177365589  0.05222158777516272  0.05519577006519890  0.05853576314480836
  0.06278219519706477  0.06816642536724525  0.07372985628363292  0.08034787320778747
  0.09030831498324857  0.10035407185028603  0.11036065305345097  0.12320024479281427
  0.14152157178273744  0.19099118079786845  0.57164699138623676  1.00000000000000000
  0.00000143771063636  0.00001642436403420  0.00004435786322083  0.00008663055829036
  0.00014127087346683  0.00020312428274322  0.00027854210332551  0.00036319165895696
  0.00044244490756413  0.00052178986344296  0.00061143297689566  0.00071462560843721
  0.00082908850865759  0.00094682497866383  0.00106499038144120  0.00118722966720863
  0.00132472169084222  0.00147076624309631  0.00162171047073584  0.00177652241807741
  0.00194119238280963  0.00212376193262378  0.00233235736410898  0.00255745583739792
  0.00279216909121481  0.00303614876718896  0.00328750704314067  0.00354297534906585
  0.00380713049101034  0.00406314478326266  0.00433562197355111  0.00460589869152352
  0.00488756582829584  0.00519216146802296  0.00552480406321616  0.00587805161839958
  0.00624772525280311  0.00657575031302492  0.00691576066286054  0.00725707751585248
  0.00758151748085041  0.00792901592317649  0.00831172397661611  0.00870693646822930
  0.00911751061111489  0.00956511318690762  0.01006267021282293  0.01061080190389856
  0.01117019967635057  0.01172708476945161  0.01233694859887631  0.01296998529932116
  0.01363737248586938  0.01426735587526192  0.01488093954538352  0.01536651048937384
  0.01587819176437961  0.01640605628727029  0.01702660719247068  0.01774302389132109
  0.01858001398874654  0.01951186321055218  0.02040810465326160  0.02134166353136119
  0.02236755637202645  0.02342981032735833  0.02457470058332707  0.02580159850075153
  0.02712400340119124  0.02853461131751543  0.02990268953113139  0.03133991357324013
  0.03274417982292765  0.03419938963748152  0.03588288672934360  0.03767372084572889
  0.03963825068763544  0.04184838561037423  0.04413949361714613  0.04654255114693184
  0.04942773112423407  0.05278787550636548  0.05645634683695656  0.05992607636184151
  0.06387915519337317  0.06839966157220065  0.07303060906413966  0.07879484022857430
  0.08533887103954377  0.09430326231609569  0.11768031431262566  0.15380682800810988
  0.16140158773145233  0.19228732737129028  0.24084808515084830  1.00000000000000000
 -0.00000496012018147  0.00022360866318224  0.00060269549721050  0.00107836611045597
  0.00153508588918773  0.00200748416141806  0.00246394720051041  0.00293136665355400
  0.00335454058588317  0.00373444312163742  0.00414088225220529  0.00458841607306650
  0.00507343350791260  0.00557032639864168  0.00606743933284892  0.00657834464660719
  0.00710079039260252  0.00762732134367205  0.00816807412765132  0.00875815433115404
  0.00937039226446398  0.01001823850191450  0.01071296624410497  0.01142595862136575
  0.01214886475608253  0.01285726873790009  0.01353956276874560  0.01425713888854375
  0.01500546694630159  0.01570169835876426  0.01644232637998298  0.01720320038885708
  0.01804045464665326  0.01889793724024455  0.01972027952319913  0.02055279430290074
  0.02144350315885525  0.02240317522698192  0.02341548492275059  0.02440484488017245
  0.02543838596673937  0.02651899706195107  0.02756741374205280  0.02864725870764803
  0.02970831044692903  0.03084205772386593  0.03202384746557968  0.03323822236919245
  0.03453702844602630  0.03587093840008998  0.03713359477137099  0.03838587797329066
  0.03967264037635294  0.04098393965985017  0.04232130311777339  0.04382703427812312
  0.04531825583196932  0.04698555558138160  0.04869844201176916  0.05033786401955279
  0.05191735228435117  0.05343332040902760  0.05485451273015616  0.05629874018632315
  0.05789429394812331  0.05968227838124319  0.06176247153016486  0.06368870607076312
  0.06561425736805651  0.06751851017909417  0.06930685761441148  0.07108199083480578
  0.07298087187035852  0.07517513189686767  0.07794560435319600  0.08148957185987232
  0.08440248675385534  0.08749615173124714  0.09081858057528663  0.09439931892012042
  0.09826701480233718  0.10145084786396120  0.10422856930421705  0.10673583567819001
  0.10923683437758626  0.11162547668523672  0.11398390664068329  0.11660814024259941
  0.11971413865692433  0.12407631669432312  0.12919379483611135  0.13411507017330307
  0.13925754889147809  0.14501226692391311  0.63464240376630654  1.00000000000000000
 -0.00299926133957019  0.01181519324582467  0.02585082883023714  0.04036300930834196
  0.05419998628237923  0.06590577337746985  0.07693171701146805  0.08838238103685893
  0.10003727716649374  0.11261487651885771  0.12526299009374536  0.13672806664496692
  0.14766349382629854  0.15797203156440737  0.16857304153115185  0.18097566142537833
  0.19432271035443333  0.20777363257012435  0.22080804707073060  0.23328511736858695
  0.24479135424401607  0.25561560350722751  0.26546307147645426  0.27499708339182893
  0.28503135367307952  0.29539979204906797  0.30696095730987932  0.31943538735857513
  0.33216248555797362  0.34448321989506597  0.35556690783201533  0.36711559479725503
  0.37828058183588908  0.38809374678822173  0.39675859830961369  0.40451655622647525
  0.41231138427918318  0.42080637967355455  0.43084103986746286  0.44116594878132681
  0.45200197959016392  0.46299710908503067  0.47414127815307971  0.48524367778198529
  0.49569823363310495  0.50603336410662580  0.51677476290872670  0.52790030190314319
  0.53841368803154699  0.54861135909239256  0.55855451433482484  0.56774251776320905
  0.57697462483936091  0.58558754767044108  0.59449996179999887  0.60341426971253842
  0.61246005473027820  0.62211162696900224  0.63401135275694054  0.64700558836790267
  0.65954698110198939  0.67084566428141501  0.68254146028685247  0.69405515975304333
  0.70476346668239132  0.71432872091771016  0.72394176788485864  0.73349526296935785
  0.74369921030678920  0.75361653295001607  0.76426207723714723  0.77406397453888909
  0.78367170890644489  0.79343256680992857  0.80333768605622868  0.81310838785079298
  0.82171380284374385  0.83109340617277805  0.84058871980770311  0.85023781953080058
  0.85930354456232683  0.86783840796163425  0.87613510039867104  0.88520204754383158
  0.89460467283439771  0.90507402563430994  0.91538230032166668  0.92524174029271988
  0.93461161855770492  0.94450035384034348  0.95518426376615417  0.96452924757332981
  0.97311945201637007  0.98136373801585941  0.99079801299444781  1.00000000000000000
 -0.00209220401448489  0.00928059687639964  0.01913437125082371  0.02976209827378408
  0.04036449080967123  0.05020919129473896  0.05905956458800862  0.06792109087807841
  0.07814418806475229  0.08994641017651471  0.09994415434847287  0.11061927881261073
  0.12190831958280741  0.13243324572065965  0.14230369812051213  0.15206066182611394
  0.16213024971342066  0.17318335264607168  0.18565270944585829  0.19814696429801354
  0.20964021122183099  0.22168462112784787  0.23207509583766875  0.24311355690007491
  0.25383707978741038  0.26499104431781106  0.27686623071882510  0.28748784816572170
  0.29704582268015339  0.30668466987036824  0.31678801247973670  0.32609907033042163
  0.33483864235865385  0.34299175209977445  0.35023022549063926  0.35750673927671006
  0.36497116964400927  0.37289287956993500  0.38419405727365269  0.39586313091156478
  0.40711956621251189  0.41922874256847797  0.43064531385484905  0.44102483403208592
  0.45017051729388236  0.45915304845315746  0.46912866561470246  0.48004768783841956
  0.49099866483970445  0.50213279491058527  0.51418456812580915  0.52592039576334737
  0.53699826003316364  0.54687276609864566  0.55683298478000098  0.56724076775028731
  0.57779512594636706  0.58897733640186156  0.60056766974809694  0.61203441199202069
  0.62312893784875567  0.63343967932862899  0.64302462899789936  0.65310577505359080
  0.66447332919620128  0.67778463491026975  0.69025346714570424  0.70133948999347084
  0.71178054715313022  0.72312053645612973  0.73465579218374155  0.74512756040465589
  0.75397473140433480  0.76255786600237363  0.77162665772379779  0.78200596196504690
  0.79142342401793897  0.80027373386253031  0.80894372024532524  0.81879597356192202
  0.83070715729231859  0.84486159539098293  0.86001954421720905  0.87345070651698431
  0.88531728521092168  0.89699561217432733  0.90898728875428059  0.92025167844139277
  0.92927892358550690  0.93813592597553341  0.94676658670394298  0.95511982366899884
  0.96367899956083192  0.97421619337037146  0.98618340728324794  1.00000000000000000
 -0.00233176254532886  0.01082645251153262  0.02211238447579008  0.03345896527872193
  0.04505700498778886  0.05529884133142515  0.06387699145337489  0.07133794806630638
  0.07892401651918250  0.08805447446937281  0.09848266822607128  0.10899447881308437
  0.11977637094078167  0.13123076647655366  0.14418315962908718  0.15687299072571337
  0.16872910400173674  0.17762287204155480  0.18540510176433270  0.19352747268483692
  0.20214517131666976  0.21185626466127672  0.22286977449185838  0.23467548092568230
  0.24665173490481712  0.25733578956359421  0.26724068295201048  0.27627530562073765
  0.28508725036425353  0.29463660674989606  0.30470803492913079  0.31512420511144501
  0.32574868411336155  0.33673328033727440  0.34769452448884314  0.35837538529766905
  0.36987150068469155  0.38169204491392966  0.39272286718350113  0.40335042581086650
  0.41369825697265994  0.42417367754662111  0.43418583633278995  0.44450958851809397
  0.45506238235117408  0.46555286986002198  0.47564121469424342  0.48449074517261093
  0.49371435461193391  0.50326289851775141  0.51331614264838565  0.52529794164170940
  0.53741936960102865  0.54918004301266909  0.56072144414481073  0.57212918986543482
  0.58392907331433952  0.59615393936569228  0.60771641257545050  0.61814369401974145
  0.62795733256786335  0.63779220086822641  0.64722621630157351  0.65582177925689977
  0.66446186639079297  0.67521379452819486  0.68669624258589990  0.69840466362605558
  0.71101303607188304  0.72313091643706284  0.73471171583100614  0.74474750222345687
  0.75320868647479067  0.76116300322677044  0.76947583615219728  0.77822762911795895
  0.78811395295537479  0.79922165416796609  0.81100356611122548  0.82269131493882131
  0.83359135847822885  0.84459632145340524  0.85527951638373356  0.86858274624526455
  0.88181170696654743  0.89385400422657224  0.90524735668747058  0.91646495646570980
  0.92688620649248910  0.93697968345932781  0.94695608208977655  0.95724227121140659
  0.96728019778655250  0.97690275139026950  0.98797552059707638  1.00000000000000000
  0.00599956200473192  0.01056211168161513  0.01548484676613023  0.01902284386788917
  0.02200346001178559  0.02495851028098214  0.02770463829778785  0.03032108163684955
  0.03292820303232617  0.03555685379156551  0.03822551695634237  0.04092092664228251
  0.04341001238718840  0.04581778145637132  0.04814973794669569  0.05049155005052207
  0.05286738938965694  0.05525124589612419  0.05763734180998990  0.05998590425633935
  0.06239185318626789  0.06476810990961619  0.06707350288557605  0.06942001505279884
  0.07168831926372414  0.07385097816732522  0.07605197503858520  0.07822478060124320
  0.08036184538108491  0.08253994209937918  0.08464325303342278  0.08665300665451166
  0.08868955046459702  0.09069033610413112  0.09276055893043379  0.09481389727351920
  0.09688368355802199  0.09904374615864772  0.10136849922810230  0.10388912227940419
  0.10638173016218030  0.10864886772327698  0.11079363567778305  0.11285979988081718
  0.11489848840072114  0.11702704348653922  0.11921259501053628  0.12146007610819737
  0.12396179682616343  0.12650034958285744  0.12905428286147128  0.13164010162133133
  0.13426023464214371  0.13695882027336859  0.13943030679688712  0.14200357416650616
  0.14468829501041128  0.14740494730496093  0.14995696338966893  0.15258468903177394
  0.15534210958816619  0.15822777389585363  0.16118371493883676  0.16424018349151581
  0.16760429500794058  0.17123513860184628  0.17454849400433090  0.17764123320105424
  0.18100159484135206  0.18461745293997711  0.18896954167942023  0.19419478778064328
  0.19937183148049606  0.20472392118051147  0.21048976435969821  0.21722685123909286
  0.22472330156421041  0.23385205550067753  0.24312581291358454  0.25092785709851317
  0.25703611652114144  0.26257329135316970  0.26960453045505617  0.27776262980547306
  0.28587137869602586  0.29336250431196120  0.30372475035257407  0.31414263890308253
  0.32548148034484231  0.33558621903509867  0.34625364999229852  0.36095615671908660
  0.39015596917377604  0.48770358909031947  0.79320745526386705  1.00000000000000000
 -0.00287452133272995  0.01489308704221737  0.03037915333690852  0.04669354693164723
  0.06215863873175130  0.07824416068628370  0.09271070523540288  0.10582475737392469
  0.11921070576430300  0.13193675124255272  0.14421557365108825  0.15684255130653219
  0.16909310100961411  0.18037859568096662  0.19101415068988320  0.20053746022998775
  0.21016680113273606  0.21986698117309275  0.23034745973450285  0.23975403011569471
  0.24981615672732030  0.26189425772687086  0.27293870215807881  0.28286513650448164
  0.29135886404750272  0.30078944604182450  0.31052186844291368  0.32022140847711827
  0.32949877690523949  0.33697317138591815  0.34414189947563717  0.35146707895875728
  0.35892921142567469  0.36691028379594132  0.37362065782650061  0.38062623572687160
  0.38817860056064574  0.39673757695377915  0.40624936717077315  0.41584552184832491
  0.42523938692713131  0.43470627280730534  0.44466377634404358  0.45534806350366563
  0.46813696393157467  0.47962313005372087  0.48871680131099643  0.49675457045571236
  0.50520324174880560  0.51413811323365244  0.52414607122651613  0.53355473822525423
  0.54262475222446149  0.55203209261469810  0.56180967039738938  0.57211863256269802
  0.58255826188073678  0.59140347069638144  0.59990701271987890  0.60912584262589708
  0.61872987767019716  0.62943195903468674  0.63947744059351452  0.64908049473993257
  0.65898632438218729  0.66858839336803988  0.67794728823400985  0.68705750940878552
  0.69609559475976490  0.70531079907220717  0.71460955112159807  0.72416195942682415
  0.73353163826035650  0.74249060364758757  0.75152151391967448  0.76099171230316209
  0.77083714795752767  0.78103065811622019  0.79134242400436872  0.80177382211284787
  0.81204713972073117  0.82324795997166766  0.83539087349227292  0.84888032817146508
  0.86218024271515392  0.87420574103816817  0.88677063447931970  0.89815172275495425
  0.90922256724855544  0.92119115901142468  0.93436340525629358  0.94750691954038524
  0.96112604352830933  0.97434184142548286  0.98753235132366302  1.00000000000000000
  0.05422986853832421  0.32900801276649611  0.43542028427653723  0.49649574759913806
  0.53959050154918431  0.56987165929526262  0.59494476558395981  0.61698095216304305
  0.63667564907977092  0.65445672771335972  0.67157320134321952  0.68809277974778715
  0.70180822683171651  0.71363803287997818  0.72492960238708848  0.73561494608524014
  0.74531480166842423  0.75494416289403821  0.76410615949138339  0.77259133032566119
  0.77918381133624048  0.78522603104450950  0.79129519582735142  0.79743709378766858
  0.80383969549701473  0.81058470015061523  0.81689354944792947  0.82229836334095241
  0.82735330985600575  0.83228383876263901  0.83742405588586388  0.84254501043340835
  0.84769314346543434  0.85300910870679192  0.85838301051013677  0.86266437962377440
  0.86667596386278334  0.87058534622982842  0.87446901842007385  0.87825371562903543
  0.88175058136167572  0.88509523338730478  0.88837372661144798  0.89155988218070048
  0.89465383906199092  0.89758387996177225  0.90030416562463600  0.90295757234454255
  0.90571527834822740  0.90854408637253647  0.91142591726943278  0.91395580763749806
  0.91630323882368503  0.91845125808837302  0.92049670045483356  0.92258460346703131
  0.92476998590845816  0.92707119356970513  0.92933918398205184  0.93138216874781676
  0.93331259260516697  0.93516795255512808  0.93700677247701825  0.93876264701364998
  0.94034755167601436  0.94196633999381607  0.94352816895589398  0.94512992165253140
  0.94671338947328720  0.94824710982325855  0.94978263815487651  0.95142623248225766
  0.95321126184154037  0.95497170062961101  0.95671093802853158  0.95845747069562559
  0.96017345291367417  0.96181000485000356  0.96336652309058823  0.96495134044377417
  0.96654721696500057  0.96806995396892059  0.96960410104728634  0.97116201282330361
  0.97289178350232253  0.97462921812088010  0.97637758759153925  0.97820527745860897
  0.98001674111956050  0.98180820255221901  0.98362838092528870  0.98555751013966386
  0.98767495398140615  0.99031158650793183  0.99413274449438838  1.00000000000000000
   3.3634789050627354E-012  -1.0000000000000000     
 F F F F F F F F F F F F F F F F F F F F F F F F F F F F F F F F
  <DiscreteSampler_grid>
  grouped_processes
  1 # 1 for a reference and 2 for a running grid.
  10 # Attribute 'min_bin_probing_points' of the grid.
  1 # Attribute 'grid_mode' of the grid. 1=='default',2=='initialization'
  0.0000000000000000 # Attribute 'small_contrib_threshold' of the grid.
  0.5000000000000000 # Attribute 'damping_power' of the grid.
 # binID   n_entries weight   weight_sqr   abs_weight
    10   10   6.455994653507810E-006   2.203276897298802E-010   6.455994653507810E-006
  </DiscreteSampler_grid>
