  0.00038541529114333  0.00060615310651734  0.00077402349866824  0.00092868440471355
  0.00109134080693148  0.00128026245992736  0.00150637030563846  0.00178960048168365
  0.00207883278841950  0.00239332738962510  0.00275805402876316  0.00314689489368998
  0.00357946347508967  0.00408452007699455  0.00461971263942342  0.00515038819526510
  0.00568607826738605  0.00621521446610314  0.00675716246900187  0.00732533405423798
  0.00797067899595998  0.00853679195149976  0.00912233012756419  0.00978731841543325
  0.01054610739095659  0.01141530590718184  0.01221630257992049  0.01294276731539948
  0.01363838121389312  0.01435075296077666  0.01510930407746970  0.01590460078320075
  0.01669298941432459  0.01747249489003423  0.01833146380127816  0.01926348944275776
  0.02026554637674284  0.02126074803822502  0.02230101546965095  0.02336553258177237
  0.02447800365145284  0.02556505786388686  0.02668331635337125  0.02784569664827877
  0.02906122884802111  0.03033352326242780  0.03150513399329243  0.03268379008365303
  0.03385955094712344  0.03508380336931391  0.03644499659415668  0.03798926558539808
  0.03956405397228443  0.04118105322666998  0.04281271579932678  0.04447175908709001
  0.04615562432995460  0.04813027277013036  0.04995868239333375  0.05166170266304748
  0.05335871807378540  0.05504870357436822  0.05681351979784312  0.05862255737544133
  0.06032562203374828  0.06189514015334953  0.06351273918089942  0.06536519839087519
  0.06719341759897245  0.06907348152249181  0.07104023947903414  0.07285007935414789
  0.07614818032776866  0.07959928348612522  0.08186157568212260  0.08373707980085865
  0.08557368130782618  0.08746571687327270  0.08951371352564305  0.09177439087641966
  0.09439812167429698  0.09712053866676564  0.09970434855121163  0.10232839810437193
  0.10530357345148852  0.10910119013677795  0.11387860607614279  0.11880537216370621
  0.12344819643528403  0.12793613158873188  0.13394144329143270  0.14107147044597215
  0.15254821021183293  0.21931234645248238  0.39949017090339967  1.00000000000000000
  0.00024860576187874  0.00031682892865597  0.00035965630427917  0.00037592815691642
  0.00039745314761671  0.00042303254191255  0.00046146881865804  0.00051595330757541
  0.00056591613533156  0.00061420747068001  0.00066595267989764  0.00072965617973245
  0.00080264929664410  0.00087861939051406  0.00096630587552524  0.00106563356436316
  0.00118227146874767  0.00132019087151948  0.00148197796338977  0.00166440216978373
  0.00188645100629646  0.00215137955306372  0.00247879260886681  0.00286749812839055
  0.00329338590260295  0.00370560446019875  0.00412147239628329  0.00457359569295567
  0.00505891008970460  0.00561509257505553  0.00623236634100276  0.00685042260176948
  0.00749920443145557  0.00821693780156393  0.00895161007325015  0.00968766249696513
  0.01047441909273883  0.01129020118721135  0.01212010244906471  0.01297147454024644
  0.01385619414902101  0.01470594526384536  0.01552389805025389  0.01635345500316536
  0.01723571678012010  0.01816637099546403  0.01917808784909975  0.02021280394936625
  0.02119721716061033  0.02229710524589597  0.02348546913004180  0.02466002214125967
  0.02592718974069067  0.02726266130688695  0.02867948299084437  0.03029923138891035
  0.03205702302419187  0.03383035443999461  0.03561883749750296  0.03741444992039324
  0.03939137277353622  0.04165389532231065  0.04395105274251653  0.04617492901523741
  0.04823067386122547  0.05048432102536884  0.05302423782717672  0.05572926294045869
  0.05839434872739827  0.06107198112435020  0.06372612757895603  0.06662365028843199
  0.06987332837679490  0.07324144053346743  0.07640350797798891  0.07924524650898179
  0.08230185627867502  0.08593253444546212  0.09048015792763929  0.09534822243529821
  0.10021473364580462  0.10660950120690904  0.11312693994331474  0.11819896109817384
  0.12296443887234010  0.12753408633138358  0.13608513224860336  0.14447516365288135
  0.15476646866260543  0.15991459817864620  0.16189893484296952  0.16378038467851105
  0.16462233136344726  0.16546427804838346  0.16630622473331966  1.00000000000000000
  0.00025732947581303  0.00027568208712308  0.00029624195795159  0.00032997910109194
  0.00037033682123389  0.00041958518183762  0.00047283897496960  0.00052693636002121
  0.00058623021425179  0.00065158628795237  0.00072051534724221  0.00080516798383912
  0.00090970108387175  0.00104438403567656  0.00120906547679062  0.00141016527453391
  0.00166121431007197  0.00196774179377697  0.00230324819600472  0.00266071104883177
  0.00303184455164602  0.00346503831437240  0.00395340472141545  0.00445383207943136
  0.00496153628511150  0.00548500020037702  0.00603979216694563  0.00664868732035955
  0.00732346879524579  0.00807430036045612  0.00888491400180224  0.00970709889026885
  0.01051008923475468  0.01130387017188605  0.01210048863942260  0.01290434080748963
  0.01374904930308783  0.01458985019247261  0.01539492875745335  0.01618890361664085
  0.01702539971719897  0.01790786627566581  0.01894131065066736  0.02002694621466845
  0.02108312544423743  0.02219795939700641  0.02339691737412124  0.02468718505223148
  0.02609170629367051  0.02754396311083544  0.02906237994193457  0.03070018579443475
  0.03238165500165160  0.03412932970841263  0.03612369684372089  0.03819754861186194
  0.04006877244739819  0.04178238783315927  0.04350377781894928  0.04539925340103927
  0.04762666156752567  0.05009556376455535  0.05255291334364209  0.05482508226571977
  0.05691551154667242  0.05892359585747273  0.06079976170355849  0.06274311162855914
  0.06495149545972884  0.06726669264293469  0.06960177406301961  0.07224813810740731
  0.07490690521053410  0.07723555436909135  0.07961295130646853  0.08212533595532456
  0.08455774291604486  0.08770593708726963  0.09084281056897694  0.09421048916223101
  0.09772879845879502  0.10089603367603943  0.10366741090517340  0.10646809250852417
  0.10950762150367954  0.11335263941585427  0.11893291519386649  0.12601778063622959
  0.13328142912324625  0.14047439133097259  0.14762009833260806  0.15510875519967482
  0.16514083826791875  0.17930483986917908  0.23201237970525404  1.00000000000000000
 -0.00176187536417082  0.00789859880544949  0.01642018870796019  0.02582299000909649
  0.03512818258395324  0.04471893805827807  0.05459663129196712  0.06560619168422906
  0.07707885072872504  0.08853852198992798  0.10097137432681837  0.11214138573106834
  0.12252575676129303  0.13320946794420746  0.14427448174715085  0.15483004898992428
  0.16550454021070207  0.17563352961854051  0.18574207358998479  0.19543835153012559
  0.20537642961185668  0.21637175768520781  0.22812629415292507  0.23953376487017883
  0.25113720955380858  0.26317132920409653  0.27574541757902954  0.28842288843777469
  0.30057721681266286  0.31218911031286367  0.32279000605621910  0.33378201494254484
  0.34570949932505418  0.35956816957417370  0.37379266912414899  0.38730488833106391
  0.40060405311846892  0.41307577262236539  0.42522351334301095  0.43711171736217919
  0.44904284736431122  0.46036106488547024  0.47108054512139519  0.48078888289716265
  0.48983379243529612  0.49840736168111704  0.50709591744637417  0.51601253190985807
  0.52506831123944309  0.53522085350399573  0.54643589586632402  0.55884089662452219
  0.57031885577534636  0.58183690768543284  0.59438308541801155  0.60652316495879899
  0.61736138351413228  0.62779560829053493  0.63700365276130810  0.64571372927721826
  0.65433538578458528  0.66330777916362194  0.67294618594857958  0.68358981769673643
  0.69570137555493827  0.70706991420383181  0.71751573005755986  0.72652699800617682
  0.73697518989054278  0.74796357272803771  0.75753679413971386  0.76694479660600090
  0.77700934078532202  0.78741135375270099  0.79730774961225015  0.80707725774131434
  0.81632487372429474  0.82544603942013461  0.83467615559078512  0.84395296618835391
  0.85350801129053755  0.86281178360668842  0.87210868834720157  0.88207427041248421
  0.89308049516233967  0.90449789617704079  0.91548478906081798  0.92475091271874066
  0.93363402831109155  0.94250201638885800  0.95202450371394542  0.96135277872047309
  0.97075381548438722  0.98044535694919910  0.99030905425422933  1.00000000000000000
 -0.00131795365787290  0.01393475639145200  0.02325059013141803  0.02928127605384180
  0.03433965235806404  0.03905760584941623  0.04340300740757010  0.04741559368566074
  0.05124003519870146  0.05489503288891845  0.05848925979054580  0.06188866448729224
  0.06494540430825173  0.06790919345256391  0.07106318062752030  0.07433627954696044
  0.07763510715948520  0.08063047787694090  0.08351799059031020  0.08631588090911302
  0.08928835951117083  0.09216072872920476  0.09493570929385994  0.09758478827544341
  0.10018251493929239  0.10296725026888448  0.10564674920374370  0.10816763654226960
  0.11072795792200568  0.11341654120919084  0.11621798689779467  0.11908344460151844
  0.12188987519051032  0.12475331283175027  0.12774496074700595  0.13082638754121159
  0.13381949678489266  0.13666892389067967  0.13938462618768252  0.14182091193614663
  0.14404776587382159  0.14625564061336396  0.14811173938465405  0.15049131347748221
  0.15305510780111481  0.15606113767795027  0.15926453953968528  0.16230229791802647
  0.16463634555307063  0.16698647064129701  0.16959357866860358  0.17242886048141423
  0.17550245442433765  0.17825838833959268  0.18113424246016493  0.18383732196477015
  0.18641493229283917  0.18917684911786634  0.19194302510013550  0.19506067331079849
  0.19904240461137837  0.20281506798490229  0.20654657350532429  0.21028179734827018
  0.21393157940444271  0.21748131022899955  0.22108306959322721  0.22497860901473521
  0.22951202977199880  0.23422371547519319  0.23878082688566432  0.24384067537424564
  0.24876100571306237  0.25408623214384168  0.25902922358567926  0.26314368035975710
  0.26690048676850187  0.27149816735926963  0.27802537392349230  0.28615568377289358
  0.29460949598854558  0.30548508554014575  0.31456846041682812  0.32154131585365708
  0.32729191502508997  0.33342240207081114  0.34336488720941877  0.35459575425815087
  0.36577279248497607  0.37622940203703525  0.39240307536482599  0.40075009463026456
  0.40928900954520719  0.41797340973813102  0.42691139945466305  1.00000000000000000
 -0.00273782401807057  0.00973922616021445  0.02078818509975295  0.03259254690928028
  0.04530382922618719  0.05768615399284585  0.07092130650115187  0.08336654709812237
  0.09550294755276913  0.10694949540382821  0.11878076043731287  0.13030123233258328
  0.14168056549939959  0.15393540815974038  0.16612849171631827  0.17717853553799537
  0.18760915017731261  0.19777847099659149  0.20817519169543305  0.21980560551445491
  0.23150282964316457  0.24272881121570547  0.25365539843290924  0.26416837544229338
  0.27431778167706683  0.28422652020849398  0.29437809885187655  0.30467425177520191
  0.31496108987964533  0.32545432827078408  0.33592793181583080  0.34582721423343132
  0.35547711518154917  0.36489552521924162  0.37432103900388958  0.38419373219747976
  0.39469729099191364  0.40460414168517678  0.41518666672112942  0.42633991242188030
  0.43785884055599078  0.44832108734495663  0.45881021493363466  0.46789512853593651
  0.47721916310070983  0.48647118930114069  0.49594897572320268  0.50556126105228338
  0.51515886156553903  0.52490216211827811  0.53512815292492633  0.54469798482252219
  0.55380545663390601  0.56408764201288186  0.57336431539053434  0.58265579456002015
  0.59180098498010902  0.60186231882361874  0.61288813357060901  0.62378080672345693
  0.63462352091193575  0.64535396304982373  0.65654747173193162  0.66759447399120908
  0.67724400037455978  0.68651728277511570  0.69500045053588366  0.70385134362205659
  0.71244054870724138  0.72068026307062638  0.72888614638077454  0.73796617410346144
  0.74840797038209672  0.75904952424141203  0.76918641594955528  0.77977129085195818
  0.79195672257875582  0.80543661695268087  0.81860583876534987  0.83023313720446446
  0.84072772869600543  0.85058221842658677  0.85980247740016358  0.86946424308530446
  0.87933964051430957  0.89017245247480503  0.90213041081672674  0.91398926339377828
  0.92524333686863336  0.93619224421463110  0.94679479746308282  0.95699346383176576
  0.96772362435198611  0.97914162979159580  0.98976584266964551  1.00000000000000000
 -0.00070074952914034  0.00220671681518242  0.00436064744340184  0.00609335409429452
  0.00770548289630683  0.00924109281908241  0.01074938370152254  0.01224722417343908
  0.01375000145913003  0.01521507906642944  0.01659053842563380  0.01800209513271536
  0.01944213930539352  0.02087261754116341  0.02226823579196572  0.02369698280460506
  0.02510581758208852  0.02651208906529603  0.02792538090575641  0.02933904938970365
  0.03076272639779291  0.03225188337902901  0.03385210404214943  0.03549822261333407
  0.03707653800379632  0.03859626043308795  0.04011317109834940  0.04163767998126126
  0.04318053501982320  0.04474995220398286  0.04628849109374909  0.04783492964933918
  0.04931051185862399  0.05076152844908820  0.05220615675046543  0.05357436271198483
  0.05497525210077702  0.05644767272936328  0.05795949733245744  0.05935754717767639
  0.06078354216094465  0.06222527959251179  0.06364189026155487  0.06500186523039210
  0.06640613564816188  0.06806128072281521  0.06980555034108121  0.07143464683813477
  0.07290362738870851  0.07448696711940681  0.07607529755095994  0.07775401211427092
  0.07972351925209424  0.08180861066444985  0.08383508429842379  0.08576179472874493
  0.08754234062800904  0.08916771849743393  0.09078917244782098  0.09235364371583807
  0.09405384683183245  0.09576569686640049  0.09756655250341828  0.09947163341438360
  0.10138229567687093  0.10332825590432729  0.10557746018037266  0.10824053419950305
  0.11133827074008382  0.11495050053355546  0.11889625361749745  0.12267032022332978
  0.12572820712255295  0.12847357247386421  0.13109592801546932  0.13383979567030724
  0.13668428918228784  0.13987026079246079  0.14415154370386848  0.14788868858913615
  0.15141424531745107  0.15540004023557477  0.16057205156425650  0.16652158314682500
  0.16972140815827302  0.17343628490404989  0.17663254621477151  0.18639094416614263
  0.19590504541823378  0.20433943316723685  0.20755204885901912  0.21076466455080139
  0.23308216291799716  0.25904978060026085  0.49959036225481251  1.00000000000000000
 -0.00175258718906893  0.00813005852551946  0.01635541037571556  0.02526413988025544
  0.03378864582172147  0.04281852510043367  0.05267380346581303  0.06289582816582853
  0.07309678612202410  0.08295036835027172  0.09418438995686430  0.10561816551831237
  0.11772186910628957  0.12986488311180497  0.14127912173188659  0.15339353194981983
  0.16556026638120289  0.17719307699100384  0.18851592576523371  0.19984740990180852
  0.21191043734022372  0.22478098357096352  0.23703356336322773  0.24840385696478443
  0.25912479925717075  0.26983740588582905  0.28098534743409892  0.29193949371227967
  0.30296861313292578  0.31393672461986061  0.32477430946197089  0.33544834904885557
  0.34662398684276741  0.35836107934790062  0.37047596519690917  0.38277404257621017
  0.39479720643930366  0.40660769329711999  0.41870760021351561  0.43031804509638588
  0.44081418358101371  0.45105498708299541  0.46209465748082468  0.47478355318240367
  0.48782105951890259  0.49929632419263403  0.50950622193042372  0.51880778265170391
  0.52750815299683718  0.53629156593152694  0.54544120966164222  0.55471853414713823
  0.56401315434288257  0.57398900157286903  0.58458317295814366  0.59550745502487168
  0.60617530847262058  0.61658879419449386  0.62751308455076449  0.63931832108769138
  0.65121943778182800  0.66304971128603241  0.67508524132432124  0.68732296892420808
  0.69888420578387911  0.70988759584847039  0.72042082316507117  0.72967355860630556
  0.73831569782238038  0.74708548143726616  0.75635714286395839  0.76641783382475559
  0.77656721751599900  0.78581881948731003  0.79569506840472759  0.80608843575101152
  0.81620788876392836  0.82605160267039657  0.83630451778360282  0.84671119574484921
  0.85678519160143440  0.86604284596757675  0.87494618032220617  0.88424536839032408
  0.89332103157538911  0.90259226441602647  0.91213948144487733  0.92238276287685017
  0.93333716607648953  0.94392645379965601  0.95378997285768097  0.96304348118270078
  0.97183870126008287  0.98102026252126662  0.99027988274200673  1.00000000000000000
 -0.02786876139525449  0.46321705592919749  0.56554255574070733  0.62540495077848213
  0.66652126442870918  0.69695452199241681  0.72078792318492602  0.73962140387137731
  0.75564332208949470  0.77056291949884714  0.78332419400387399  0.79442115250989620
  0.80384919828254253  0.81290133853891422  0.82127749497114810  0.82904174719898804
  0.83606663685542359  0.84269477157107175  0.84918793200414122  0.85538867671829577
  0.86107910222699413  0.86630925515149071  0.87122596930271556  0.87586309436396759
  0.88008694413461008  0.88403162418098347  0.88783352311584729  0.89153113703127185
  0.89524348535321518  0.89855273732177710  0.90174189296470875  0.90473383005201147
  0.90768222447879643  0.91069320593861458  0.91363150890603584  0.91634978420864333
  0.91873097905990042  0.92091705176726668  0.92305478127492113  0.92515571491959459
  0.92722144487818292  0.92928181284014788  0.93123745633666566  0.93299185759285475
  0.93467731017575006  0.93636369605185388  0.93794489185092911  0.93945822134402246
  0.94100518796911725  0.94260899441715063  0.94420244771842710  0.94576020529207749
  0.94729093328461977  0.94877871284008120  0.95023850143037136  0.95165026319504165
  0.95299576705526468  0.95431343992328921  0.95558915204899941  0.95689789933904013
  0.95813723147175589  0.95924492764041303  0.96026273127571049  0.96123769670528825
  0.96220127203560579  0.96318969176453906  0.96423035754904685  0.96528046085015484
  0.96634979263863241  0.96742505315092342  0.96847790589342142  0.96956072944891303
  0.97057161626997823  0.97160991033846811  0.97262531562838372  0.97358573390494818
  0.97450124721398268  0.97540388228467811  0.97630392525417165  0.97720788681996928
  0.97811916126282794  0.97901380057726251  0.97996156857008454  0.98094062227799361
  0.98192110193683080  0.98287859047036064  0.98381833786697381  0.98482475849572171
  0.98590881029776312  0.98709792277114528  0.98839568747774620  0.98982195145788643
  0.99136285468009933  0.99314899427613379  0.99554678784007555  1.00000000000000000
   7.9924019723266076E-019  -1.0000000000000000     
 F F F F F F F F F F F F F F F F F F F F F F F F F F F F F F F F
  <DiscreteSampler_grid>
  grouped_processes
  1 # 1 for a reference and 2 for a running grid.
  10 # Attribute 'min_bin_probing_points' of the grid.
  1 # Attribute 'grid_mode' of the grid. 1=='default',2=='initialization'
  0.0000000000000000 # Attribute 'small_contrib_threshold' of the grid.
  0.5000000000000000 # Attribute 'damping_power' of the grid.
 # binID   n_entries weight   weight_sqr   abs_weight
    10   10   1.878298289783580E-013   1.627679971634665E-025   1.878298289783580E-013
  </DiscreteSampler_grid>
