  0.00001181584088110  0.00024872208721809  0.00039385294481519  0.00054118339809951
  0.00068987313926105  0.00084357487549112  0.00101557648542550  0.00120294212283348
  0.00141744993404429  0.00166601519043117  0.00192509805210187  0.00218617625621898
  0.00245892739700096  0.00276145655197925  0.00311132100363778  0.00351557621242439
  0.00392099325350399  0.00428401765935945  0.00463538351659490  0.00501980205973589
  0.00551017047735964  0.00611439212466058  0.00671346377725514  0.00726821618580222
  0.00780440680079542  0.00839116236153806  0.00889750399535528  0.00932248475470849
  0.00970765594994888  0.01014867131075582  0.01070571297195361  0.01127081696316383
  0.01180680137738308  0.01230967500972196  0.01282414142766749  0.01336656522997446
  0.01397438460937887  0.01460626448965099  0.01521096170161990  0.01586957018764522
  0.01658422461397560  0.01732217461236724  0.01806974308835701  0.01897702811955358
  0.01999408860992316  0.02088951233779750  0.02172453933660589  0.02252128692659711
  0.02333977365500558  0.02428818916609940  0.02525141654789612  0.02642197657832220
  0.02763132921372140  0.02881021199489690  0.02987178569240556  0.03087460972071828
  0.03194669245945993  0.03314937723067233  0.03454499127109610  0.03629695177480550
  0.03781859835575026  0.03943546488727228  0.04122771799211834  0.04288820057547184
  0.04447310226220674  0.04593705443886051  0.04725364865295236  0.04869595547785373
  0.05010705406807646  0.05147216276901625  0.05283355741792603  0.05440153384277952
  0.05587229511596990  0.05719531257330770  0.05849151288319313  0.06000057636101875
  0.06169953288127053  0.06336143636368745  0.06504661652341107  0.06734079365952621
  0.07043425327777050  0.07378109962590211  0.07720159354467698  0.08079851617541291
  0.08493142852998464  0.09004878092494885  0.09537559550201412  0.10088092831197532
  0.10824332273079189  0.11622680484741119  0.12406234344147003  0.14214844215606795
  0.16062062051640286  0.18050348024671789  0.42216374062429612  1.00000000000000000
  0.00000276348948251  0.00000359218969006  0.00000442088989762  0.00000531303292965
  0.00000622400627073  0.00000734269003696  0.00000853480988041  0.00000979446257761
  0.00001103389336815  0.00001259989279746  0.00001431468044706  0.00001588250827793
  0.00001825737885859  0.00002122045934424  0.00002509057438637  0.00002922114057483
  0.00003370879795984  0.00003870743876062  0.00004367379680750  0.00004898740305837
  0.00005482031499613  0.00006116571510039  0.00006819472551574  0.00007603327310875
  0.00008480875810758  0.00009481471162013  0.00010644424232308  0.00011921084821819
  0.00013247660600368  0.00014573994007379  0.00015937896914028  0.00017248890344870
  0.00018598055307111  0.00020030552078020  0.00021571016058271  0.00023312631971719
  0.00025258128882048  0.00027400112717710  0.00029817390014468  0.00032467483167957
  0.00035370688610999  0.00038644140602672  0.00042405364677189  0.00046314354366899
  0.00050376131254249  0.00054180008524371  0.00058414026613485  0.00062590442248494
  0.00067440728910490  0.00073065124416110  0.00079170445736857  0.00085857674222131
  0.00093385292548425  0.00101694420139772  0.00110075911209016  0.00118295578070312
  0.00126350402461431  0.00133881690406494  0.00141021189819446  0.00148814840616437
  0.00158030366193542  0.00166537502165693  0.00176913234490804  0.00188690719194404
  0.00202261416750813  0.00218383091376742  0.00235894747524919  0.00256320886419618
  0.00279015171431076  0.00301927382138365  0.00326050463294424  0.00355361491519269
  0.00390315755424275  0.00424376567635575  0.00463144322227807  0.00508711875024736
  0.00562079054707557  0.00617423643546875  0.00678898051392115  0.00759370164532184
  0.00852892468255959  0.00945921450873012  0.01050913036166503  0.01184750167083508
  0.01354771311446496  0.01568212203536647  0.01808429970352826  0.02141105007034917
  0.02598875935394934  0.03101257770113793  0.03644556112452660  0.04461014560527733
  0.05754301144003636  0.13630149104956804  0.20874589984279918  1.00000000000000000
  0.00005060143677015  0.00005939771679780  0.00007114740622257  0.00008299289959607
  0.00009522630960923  0.00010805157479856  0.00012444028197324  0.00015053568144112
  0.00018527733324003  0.00023141126595095  0.00029229208562356  0.00037919527312790
  0.00048342678958710  0.00060027464120053  0.00073937236768295  0.00091360168065783
  0.00110426563117522  0.00126720614539269  0.00142290242330140  0.00158604536085797
  0.00180947240461817  0.00210334236637339  0.00241892406648360  0.00276108437460756
  0.00313426728900172  0.00350535665192182  0.00390141593106890  0.00437057593623506
  0.00484647233586227  0.00531286493443052  0.00580570861727240  0.00632803918188168
  0.00686782017493955  0.00741920407926992  0.00799746197286614  0.00863463550099133
  0.00932142538358893  0.01008192897507499  0.01092976025085045  0.01190190514571282
  0.01292848911543610  0.01383625654011423  0.01462557946095449  0.01543430582232539
  0.01618649957218936  0.01706360606036385  0.01802061906964570  0.01926079671385048
  0.02042563779370988  0.02163626941667281  0.02288592605170019  0.02451465446647315
  0.02623280173193911  0.02781354554927960  0.02940987955149258  0.03119354213741862
  0.03303331952366131  0.03481357138480756  0.03664615573536976  0.03857159915689505
  0.04054429257046514  0.04266024568782169  0.04543756162520414  0.04873160043742052
  0.05231442735710377  0.05575546179412546  0.05886403958468452  0.06300942018022149
  0.06625668060742559  0.06923970209532895  0.07234590387381873  0.07474189757425696
  0.07678052692000005  0.07870727343094185  0.08016479758418646  0.08119164567145433
  0.08228956479388332  0.08378137116877346  0.08561696432840823  0.08769095688488614
  0.09059841143913230  0.09408317590976602  0.09870072812484368  0.10275186790437951
  0.10580543807438721  0.10786530381211192  0.10941759726738128  0.11150530879236134
  0.11464491229797359  0.11804515992547034  0.12141258096463405  0.12612270408979631
  0.13159063156117026  0.14096448123686398  0.17065104436327705  1.00000000000000000
 -0.00195170829038285  0.00755045434833239  0.01583190829165962  0.02259649284159316
  0.02979498390413365  0.03651471744838623  0.04403317201743639  0.05391625097165158
  0.06396878857779235  0.07306464070906538  0.08182646363200101  0.09200644866914859
  0.10251690522489164  0.11230768341953368  0.12333673335480058  0.13498851918540766
  0.14473413339935562  0.15257588674818062  0.15953606812353427  0.16684923873897084
  0.17631706958271834  0.18657176504385253  0.19709391808587870  0.20866992165253598
  0.22183973835023357  0.23646717167377557  0.25033680294152733  0.26146464750587078
  0.27106521489636459  0.27975467633760759  0.28834595278725395  0.29790211823235063
  0.30488972499286426  0.31047284848451939  0.31647151815981345  0.32315019867760780
  0.33105253090787312  0.34012302939156114  0.34889799168162416  0.35874536476960162
  0.36886503832509765  0.37921235815405535  0.38940545844895652  0.40277685921825346
  0.41408838442945195  0.42566294239169689  0.43662829677121273  0.44551534840136059
  0.45429388435913448  0.46303505368023867  0.47164163366976408  0.48201823785936876
  0.49308872702463219  0.50433037193317176  0.51494971102318765  0.52541773693751981
  0.53668375838221782  0.54813119978416447  0.55831828245878978  0.56897412211399578
  0.57994093733974816  0.59109421798475748  0.60344678587324629  0.61760206681578533
  0.63243583770318734  0.64655198047807494  0.65946438466859492  0.67238238706382314
  0.68484452568655452  0.69637859781650113  0.70701794297100573  0.71785562942557890
  0.72846735449772404  0.73909813394651225  0.74999023786453212  0.76056592570886661
  0.77147532300178612  0.78263961627440437  0.79548201609666591  0.80871487951882237
  0.82169978885766004  0.83437824951754469  0.84648453871869533  0.85942398643292139
  0.86965744084699115  0.87988777344207014  0.88972472255767876  0.89960782506057901
  0.90982149366964449  0.92209369003420916  0.93753331289860464  0.95300235575200942
  0.96688583278577012  0.97978278327180268  0.98978713784623307  1.00000000000000000
 -0.00007233128740412  0.00742599447950136  0.01208600891334641  0.01545979964046459
  0.01861428191496840  0.02142526564828512  0.02389112482645132  0.02636057667231040
  0.02885776158839249  0.03134282070386370  0.03378283202635735  0.03632137546990113
  0.03890017878554048  0.04102746928959534  0.04274646273721144  0.04442865311705601
  0.04631439588980974  0.04884826562134299  0.05111718684635849  0.05304992328793412
  0.05492969590030749  0.05667196187309825  0.05843115327450868  0.06016138178012725
  0.06204505389003863  0.06407709722638522  0.06631062576696153  0.06876402417469488
  0.07108030847177801  0.07289132261761362  0.07441814044379540  0.07587649409066292
  0.07705920826030085  0.07892780949447860  0.08121422780643224  0.08359219225898358
  0.08596946664652148  0.08876811831764647  0.09162590196501143  0.09450004157499889
  0.09735455587710172  0.10008492872841757  0.10228478967498747  0.10520205460573447
  0.10786668045979754  0.11077452770185178  0.11399033217027045  0.11646219642942732
  0.11899633887663218  0.12156320498806554  0.12371529869714187  0.12574789942696896
  0.12781122856858215  0.12966529047351913  0.13150217980444118  0.13337647631775212
  0.13521845096755689  0.13764922005838701  0.14024116675146087  0.14256406837830321
  0.14517474982181200  0.14830023063481707  0.15172198251471294  0.15644690365622643
  0.16216788991196232  0.16663116507985182  0.17022876213541926  0.17354364104305417
  0.17699348450907587  0.18083665072592398  0.18572368250688323  0.19131513461705144
  0.19854820386755900  0.20720240053130365  0.21358074567554650  0.21684044923265930
  0.22011003111286512  0.22340082316639179  0.22844586724615529  0.23346428795169705
  0.23779479870970288  0.24147014446167994  0.24538620684423521  0.24829751318224524
  0.25276750500308998  0.25838146063039558  0.26584912482502276  0.28209433083800856
  0.29491729113080778  0.30394681822778435  0.31439345851053990  0.32858675900758316
  0.35510562625266295  0.41609767334916575  0.71994268433439923  1.00000000000000000
 -0.00128587369647773  0.00753655272098681  0.01567279912662071  0.02530466782292091
  0.03659930970979772  0.04742482306887729  0.05704004115313949  0.06673725240939656
  0.07706168220773749  0.08710658973089558  0.09676180960791264  0.10647417679133842
  0.11530998375704353  0.12434981592118638  0.13318798409605528  0.14110694743699589
  0.14895089782617849  0.15738201303905985  0.16536784852822550  0.17399884604750146
  0.18262478864426904  0.19115046955510279  0.19960082577473867  0.20806731078330368
  0.21669193298744507  0.22570875421212261  0.23382088241229992  0.24057480704708178
  0.24763753681279979  0.25755672201309610  0.27032186887777387  0.28072350160433179
  0.29211514772013658  0.30413310326379867  0.31728083827686498  0.33154835558809592
  0.34578667678759445  0.36051799352792452  0.37384021348658120  0.38539752327094751
  0.39578874985293166  0.40685727942958994  0.41921532208233797  0.43010875918645192
  0.43957326607240704  0.45041422604597708  0.46347980639876435  0.47780147935130429
  0.49161661304853954  0.50498415246967920  0.51785259291344610  0.53171504494184463
  0.54551565186564310  0.55942564172747533  0.57191772343415748  0.58275614667886988
  0.59287607407153264  0.60363919231988916  0.61585775411370858  0.62894872427200277
  0.64319361225789129  0.65675171579573310  0.66905000481174082  0.68133332101364874
  0.69421757793937122  0.70677255320817267  0.71971237586612058  0.73384780230446589
  0.74675354742837907  0.75879542461738436  0.76921705014220509  0.77856401740200998
  0.78754249476242022  0.79630142358931733  0.80742436045791899  0.81411393131008503
  0.82152037229079378  0.82855471340753950  0.83638477160472124  0.84586362775320734
  0.85643225191684802  0.86672070859866424  0.87695438940230486  0.88686033518526797
  0.89628930749477620  0.90450677848445604  0.91188551869866319  0.92102968001936025
  0.93147835729205941  0.94257010604905467  0.95213987143540690  0.96089664377557993
  0.97052061112020283  0.98051691446646694  0.99068602006662043  1.00000000000000000
  0.00092728334219030  0.00190674700579290  0.00305101737201064  0.00390554061117722
  0.00464718017636329  0.00532068252805755  0.00594906836555758  0.00660461757728573
  0.00727187844104928  0.00794811040996952  0.00863045084591739  0.00931162184667439
  0.01002489577019497  0.01074503170147095  0.01147441189982617  0.01225446554998362
  0.01311132351854559  0.01401509779202721  0.01492946217808429  0.01586088435661009
  0.01682095092461829  0.01772070517465385  0.01865883738503563  0.01957594366169376
  0.02049912602557796  0.02144751995108820  0.02240334933967147  0.02320269483750353
  0.02408339382499065  0.02496213902620759  0.02583470516852383  0.02685227275251785
  0.02809076374937170  0.02946124531172820  0.03089016405827391  0.03239615553842484
  0.03400314092280891  0.03560951636975315  0.03704440403219716  0.03829268287813934
  0.03952445836991593  0.04077826730788653  0.04209505317142105  0.04336044731750625
  0.04428058912020633  0.04522869628980926  0.04620660639953595  0.04710918606472720
  0.04828105678484931  0.04970940166416740  0.05140169785118977  0.05341513357144669
  0.05557075732415678  0.05736412543511522  0.05896918864073867  0.06065449260267388
  0.06216282190660832  0.06326899982422622  0.06443536945707287  0.06591313383943066
  0.06732995045473232  0.06862606435462584  0.06993344879467969  0.07124847582852191
  0.07311525781480305  0.07523426933650659  0.07747975567705820  0.07989469391880420
  0.08252287315099922  0.08540544462518157  0.08763126471805720  0.08918305844462031
  0.09074637004919070  0.09216364759962567  0.09313922505054661  0.09418506512774390
  0.09564838799658673  0.09777937657864183  0.09955567435956045  0.10168722769538727
  0.10385195929744855  0.10813754279246687  0.11203182335854776  0.11431410901685432
  0.11683433659699875  0.12086462420055132  0.12356687749724113  0.12725742222587791
  0.13389636258378929  0.13889929793368680  0.14416808581517807  0.15914343157400879
  0.17902197470050288  0.19838103380687569  0.41598510207265288  1.00000000000000000
 -0.00505892104917658  0.01859023279809827  0.03755103026446847  0.05534609439010339
  0.06932957339815113  0.08147365899909902  0.09395495534764244  0.10635311709488911
  0.11804014551600781  0.12960217446795197  0.14050953968354485  0.15061822816487236
  0.16067224158175447  0.17060187107400729  0.18180880053521489  0.19569930701597762
  0.20805502477798696  0.21997160463212490  0.23112574341400643  0.24313171589166827
  0.25521356412938001  0.26696336076528121  0.27832126347382674  0.28752328311800796
  0.29676023920279410  0.30587523288754292  0.31552227923972886  0.32588780396073397
  0.33577112948804411  0.34581244541572886  0.35643335996624703  0.36750640149959635
  0.37937969943998956  0.39118498199197227  0.40223676254681834  0.41232399853196128
  0.42137935564169210  0.42996639098849443  0.43761557519578098  0.44347033491622107
  0.44920526307695202  0.45483079744091948  0.46075436749468002  0.46771753172511599
  0.47536162426921180  0.48342792221918734  0.49217235385649699  0.50066651542907092
  0.51069078503039800  0.52061299882640155  0.53062656936920294  0.54033220992514042
  0.54829563101722645  0.55617781179672743  0.56378567430229531  0.57102495388499386
  0.57838374447360708  0.58613600803021648  0.59379853050952713  0.60168912290780829
  0.61142356601962289  0.62373997829568240  0.63507764676073752  0.64481692953014091
  0.65437487395315530  0.66329920723108882  0.67177156828565454  0.68063018027448330
  0.69050315141474761  0.70094138695777253  0.71247317714685499  0.72063963626674188
  0.72958497735858974  0.73978103121757766  0.75041268599030742  0.76422650616554311
  0.77565065003432510  0.78801855641964513  0.80030374090392353  0.81267926556299963
  0.82504575977486228  0.83760686928041417  0.85075712126172243  0.86437485417389237
  0.87721133070217916  0.88880473854657882  0.89855642146780212  0.90783700927254474
  0.91852401930894323  0.93019872495906974  0.94182396341702135  0.95268303428181034
  0.96592187136812957  0.97801665843682140  0.98977126496674739  1.00000000000000000
  0.02419066612610050  0.40455078757364643  0.49578626260643405  0.55932653871919191
  0.60079213043715729  0.63240389977938594  0.65920092439140920  0.68406373977986945
  0.70353926545961432  0.71811901689481827  0.73171441426363526  0.74627348671210281
  0.75945486617850355  0.77072030744326003  0.78047737276278406  0.78966422265164926
  0.79886319774753567  0.80848046837298537  0.81702924915631892  0.82437804862600395
  0.83098747411264196  0.83801912709409832  0.84528646168505617  0.85208188304029664
  0.85780586478637444  0.86237253066454922  0.86610468781164696  0.86930000988826206
  0.87231191391285634  0.87503055227281890  0.87762930938883388  0.88092096540726983
  0.88446892161121538  0.88743209948652746  0.89009098594843039  0.89263430616787220
  0.89574543047462551  0.89869390439258634  0.90166780069551300  0.90428385637608222
  0.90673773269520674  0.90923679596647056  0.91200774952629216  0.91484351246600371
  0.91728953779638522  0.91921873658674169  0.92091184028151385  0.92281456977210330
  0.92455333317443333  0.92634982470127436  0.92809394260131872  0.92991436801775840
  0.93182135503923691  0.93359881574037318  0.93504042225967021  0.93639800647825244
  0.93781999260121862  0.93941210241400663  0.94118949356103265  0.94291005340111911
  0.94467626616136824  0.94646210556174726  0.94804447551042970  0.94950706268226015
  0.95089432985767541  0.95226440946280466  0.95366180715730442  0.95534140987157645
  0.95683561469248635  0.95843882034116690  0.96010566383298179  0.96182020097067211
  0.96353320584516089  0.96509334019574844  0.96653367383766431  0.96792610260922030
  0.96929810859651677  0.97073313228755154  0.97203060515730089  0.97320451724042289
  0.97433888664169699  0.97543322480424199  0.97642875013383534  0.97736983419411816
  0.97827434389528745  0.97932639962960533  0.98042848415240413  0.98157538178186610
  0.98282641857433972  0.98421089687042818  0.98570693580948421  0.98736481976134272
  0.98925487366459108  0.99148197469516552  0.99457281936899733  1.00000000000000000
   5.5778053718672703E-016  -1.0000000000000000     
 F F F F F F F F F F F F F F F F F F F F F F F F F F F F F F F F
  <DiscreteSampler_grid>
  grouped_processes
  1 # 1 for a reference and 2 for a running grid.
  10 # Attribute 'min_bin_probing_points' of the grid.
  1 # Attribute 'grid_mode' of the grid. 1=='default',2=='initialization'
  0.0000000000000000 # Attribute 'small_contrib_threshold' of the grid.
  0.5000000000000000 # Attribute 'damping_power' of the grid.
 # binID   n_entries weight   weight_sqr   abs_weight
    10   10   3.527514446703672E-010   5.248036286401989E-019   3.527514446703672E-010
  </DiscreteSampler_grid>
