# W0 [GeV]	Sigma_LHeC [pb]	Sigma_muLHC [pb]	Sigma_FCCmuh [pb]
1.01536600e+01	5.03769237e+01	5.85640852e+01	9.56759478e+01
1.02468604e+01	4.94403648e+01	5.75359011e+01	9.40958889e+01
1.03409162e+01	4.85151667e+01	5.65194152e+01	9.25223833e+01
1.04358354e+01	4.76219812e+01	5.55364960e+01	9.09771709e+01
1.05316258e+01	4.67205972e+01	5.45715644e+01	8.94788368e+01
1.06282955e+01	4.58109395e+01	5.36116132e+01	8.79980329e+01
1.07258526e+01	4.49522017e+01	5.26827693e+01	8.65036366e+01
1.08243051e+01	4.40982394e+01	5.17582492e+01	8.50343629e+01
1.09236613e+01	4.32620783e+01	5.08515557e+01	8.36328294e+01
1.10239295e+01	4.24423990e+01	4.99612504e+01	8.22184312e+01
1.11251181e+01	4.16279495e+01	4.90758191e+01	8.07910502e+01
1.12272354e+01	4.08414331e+01	4.82189015e+01	7.94371978e+01
1.13302901e+01	4.00592179e+01	4.73661382e+01	7.80900348e+01
1.14342908e+01	3.92936281e+01	4.65303929e+01	7.67691865e+01
1.15392460e+01	3.85429116e+01	4.57099757e+01	7.54716469e+01
1.16451647e+01	3.77972125e+01	4.48945335e+01	7.41814636e+01
1.17520555e+01	3.70771268e+01	4.41057051e+01	7.29554899e+01
1.18599276e+01	3.63610985e+01	4.33207641e+01	7.17198275e+01
1.19687897e+01	3.56607488e+01	4.25518199e+01	7.04728229e+01
1.20786512e+01	3.49740185e+01	4.17967908e+01	6.92638280e+01
1.21895210e+01	3.42922085e+01	4.10465731e+01	6.80714239e+01
1.23014085e+01	3.36339549e+01	4.03203417e+01	6.69158868e+01
1.24143230e+01	3.29794538e+01	3.95977732e+01	6.57726799e+01
1.25282740e+01	3.23395469e+01	3.88903342e+01	6.46686192e+01
1.26432709e+01	3.17119399e+01	3.81957074e+01	6.35544244e+01
1.27593234e+01	3.10890440e+01	3.75058291e+01	6.24300025e+01
1.28764411e+01	3.04875438e+01	3.68380159e+01	6.13633727e+01
1.29946339e+01	2.98933487e+01	3.61735787e+01	6.03026074e+01
1.31139115e+01	2.93218705e+01	3.55232369e+01	5.92636058e+01
1.32342840e+01	2.87451467e+01	3.49081936e+01	5.82423841e+01
1.33557614e+01	2.81631292e+01	3.43119821e+01	5.72279911e+01
1.34783538e+01	2.76135929e+01	3.37102979e+01	5.62452127e+01
1.36020715e+01	2.70678432e+01	3.31030909e+01	5.52672870e+01
1.37269248e+01	2.65348077e+01	3.24903104e+01	5.43101312e+01
1.38529241e+01	2.60120052e+01	3.18719051e+01	5.33691366e+01
1.39800800e+01	2.54936328e+01	3.12478235e+01	5.24347258e+01
1.41084030e+01	2.49930352e+01	3.06818844e+01	5.15287295e+01
1.42379040e+01	2.44954021e+01	3.01208080e+01	5.06271067e+01
1.43685936e+01	2.40095098e+01	2.95720515e+01	4.97446888e+01
1.45004828e+01	2.35328926e+01	2.90330272e+01	4.88773031e+01
1.46335826e+01	2.30605224e+01	2.84983261e+01	4.80164758e+01
1.47679041e+01	2.26043794e+01	2.79808714e+01	4.71822983e+01
1.49034586e+01	2.21509936e+01	2.74690608e+01	4.63523340e+01
1.50402573e+01	2.17085435e+01	2.69764306e+01	4.55406481e+01
1.51783117e+01	2.12744405e+01	2.64792785e+01	4.47425734e+01
1.53176333e+01	2.08443664e+01	2.59775631e+01	4.39507756e+01
1.54582337e+01	2.04289683e+01	2.55020843e+01	4.31834006e+01
1.56001247e+01	2.00161244e+01	2.50299156e+01	4.24198329e+01
1.57433181e+01	1.96134624e+01	2.45687935e+01	4.16730743e+01
1.58878259e+01	1.92234836e+01	2.41156939e+01	4.09386620e+01
1.60336602e+01	1.88408022e+01	2.36665736e+01	4.02102591e+01
1.61808330e+01	1.84546082e+01	2.32317038e+01	3.95043426e+01
1.63293567e+01	1.80719700e+01	2.27991690e+01	3.88019462e+01
1.64792437e+01	1.77056826e+01	2.23766613e+01	3.81152001e+01
1.66305066e+01	1.73461570e+01	2.19613651e+01	3.74397138e+01
1.67831579e+01	1.69902448e+01	2.15498298e+01	3.67700209e+01
1.69372103e+01	1.66463973e+01	2.11512393e+01	3.61211510e+01
1.70926769e+01	1.63047556e+01	2.07548166e+01	3.54756439e+01
1.72495704e+01	1.59719651e+01	2.03677663e+01	3.48449692e+01
1.74079041e+01	1.56453059e+01	1.99873730e+01	3.42243234e+01
1.75676911e+01	1.53220975e+01	1.96106560e+01	3.36090859e+01
1.77289448e+01	1.50098646e+01	1.92457568e+01	3.30125294e+01
1.78916786e+01	1.46996478e+01	1.88828848e+01	3.24190764e+01
1.80559062e+01	1.43975645e+01	1.85287957e+01	3.18395178e+01
1.82216412e+01	1.41009465e+01	1.81806683e+01	3.12759572e+01
1.83888975e+01	1.38075513e+01	1.78359937e+01	3.07226087e+01
1.85576890e+01	1.35240617e+01	1.75087271e+01	3.01641809e+01
1.87280299e+01	1.32424316e+01	1.71804242e+01	2.96095186e+01
1.88999343e+01	1.29683423e+01	1.68491077e+01	2.90774105e+01
1.90734167e+01	1.26991479e+01	1.65274918e+01	2.85599806e+01
1.92484914e+01	1.24329784e+01	1.62123733e+01	2.80523093e+01
1.94251731e+01	1.21757243e+01	1.59071728e+01	2.75399781e+01
1.96034766e+01	1.19201803e+01	1.56052718e+01	2.70308719e+01
1.97834168e+01	1.16716237e+01	1.53159942e+01	2.65426674e+01
1.99650086e+01	1.14275291e+01	1.50240613e+01	2.60620847e+01
2.01482672e+01	1.11863334e+01	1.47294488e+01	2.55863150e+01
2.03332080e+01	1.09532177e+01	1.44498100e+01	2.51249111e+01
2.05198464e+01	1.07216673e+01	1.41724663e+01	2.46681949e+01
2.07081979e+01	1.04965374e+01	1.39022268e+01	2.42301382e+01
2.08982783e+01	1.02753990e+01	1.36363918e+01	2.37880606e+01
2.10901034e+01	1.00569759e+01	1.33735096e+01	2.33419251e+01
2.12836893e+01	9.84580669e+00	1.31187791e+01	2.29177489e+01
2.14790521e+01	9.63607399e+00	1.28667368e+01	2.24969468e+01
2.16762081e+01	9.43227945e+00	1.26254421e+01	2.20866552e+01
2.18751738e+01	9.23204847e+00	1.23819326e+01	2.16826551e+01
2.20759659e+01	9.03435280e+00	1.21361879e+01	2.12830406e+01
2.22786010e+01	8.84326617e+00	1.19073920e+01	2.08952791e+01
2.24830961e+01	8.65350185e+00	1.16789705e+01	2.05096473e+01
2.26894682e+01	8.46919520e+00	1.14484524e+01	2.01338159e+01
2.28977347e+01	8.28804061e+00	1.12244359e+01	1.97636559e+01
2.31079128e+01	8.10922829e+00	1.10054886e+01	1.93976400e+01
2.33200201e+01	7.93642451e+00	1.07933131e+01	1.90423126e+01
2.35340744e+01	7.76484836e+00	1.05833693e+01	1.86889514e+01
2.37500935e+01	7.59832912e+00	1.03826838e+01	1.83447523e+01
2.39680954e+01	7.43461863e+00	1.01801562e+01	1.80094621e+01
2.41880983e+01	7.27308991e+00	9.97576955e+00	1.76813461e+01
2.44101207e+01	7.11687806e+00	9.78166875e+00	1.73502183e+01
2.46341810e+01	6.96178123e+00	9.58935457e+00	1.70205586e+01
2.48602979e+01	6.81135313e+00	9.40228915e+00	1.67055381e+01
2.50884904e+01	6.66347804e+00	9.21811003e+00	1.63951835e+01
2.53187775e+01	6.51767864e+00	9.03625771e+00	1.60885755e+01
2.55511783e+01	6.37664116e+00	8.85997742e+00	1.57907787e+01
2.57857124e+01	6.23660276e+00	8.68478057e+00	1.54946897e+01
2.60223992e+01	6.10078457e+00	8.51442442e+00	1.52066624e+01
2.62612586e+01	5.96724431e+00	8.34665262e+00	1.49228145e+01
2.65023105e+01	5.83563773e+00	8.18105909e+00	1.46424774e+01
2.67455749e+01	5.70841353e+00	8.02053246e+00	1.43701144e+01
2.69910724e+01	5.58212686e+00	7.86100553e+00	1.40992828e+01
2.72388232e+01	5.45974571e+00	7.70595015e+00	1.38357739e+01
2.74888481e+01	5.33936822e+00	7.55318064e+00	1.35760109e+01
2.77411680e+01	5.22076509e+00	7.40242416e+00	1.33195398e+01
2.79958040e+01	5.10835546e+00	7.25629256e+00	1.30704903e+01
2.82527772e+01	4.99617616e+00	7.11110069e+00	1.28228999e+01
2.85121092e+01	4.88296717e+00	6.97010066e+00	1.25821768e+01
2.87738217e+01	4.77304706e+00	6.83114481e+00	1.23473889e+01
2.90379363e+01	4.66621124e+00	6.69407080e+00	1.21181490e+01
2.93044753e+01	4.56288134e+00	6.56602418e+00	1.18868049e+01
2.95734608e+01	4.46032922e+00	6.43868067e+00	1.16569475e+01
2.98449154e+01	4.36106413e+00	6.31016827e+00	1.14418133e+01
3.01188616e+01	4.26338472e+00	6.18047626e+00	1.12247043e+01
3.03953224e+01	4.16723429e+00	6.04959381e+00	1.10056025e+01
3.06743208e+01	4.07605927e+00	5.92769832e+00	1.08006404e+01
3.09558802e+01	3.98517244e+00	5.80759761e+00	1.05968989e+01
3.12400239e+01	3.89345135e+00	5.69106856e+00	1.03912873e+01
3.15267758e+01	3.80434790e+00	5.57747106e+00	1.01907316e+01
3.18161599e+01	3.71787863e+00	5.46682336e+00	9.99526323e+00
3.21082001e+01	3.63422381e+00	5.35516004e+00	9.80540019e+00
3.24029210e+01	3.55152585e+00	5.24375886e+00	9.61670329e+00
3.27003472e+01	3.47317829e+00	5.13793083e+00	9.43353377e+00
3.30005034e+01	3.39411157e+00	5.03360024e+00	9.25276844e+00
3.33034147e+01	3.31431910e+00	4.93084214e+00	9.07453081e+00
3.36091065e+01	3.23876248e+00	4.83109054e+00	8.90441642e+00
3.39176042e+01	3.16443100e+00	4.73198557e+00	8.73480417e+00
3.42289336e+01	3.09409276e+00	4.63588673e+00	8.56363504e+00
3.45431207e+01	3.02310889e+00	4.54112351e+00	8.39662002e+00
3.48601917e+01	2.95147346e+00	4.44782494e+00	8.23409874e+00
3.51801732e+01	2.88364351e+00	4.35729206e+00	8.07613862e+00
3.55030917e+01	2.81669078e+00	4.26736455e+00	7.91914437e+00
3.58289743e+01	2.75202503e+00	4.18020890e+00	7.76680816e+00
3.61578481e+01	2.68834011e+00	4.09516549e+00	7.61643990e+00
3.64897407e+01	2.62577295e+00	4.01249030e+00	7.46833117e+00
3.68246797e+01	2.56521959e+00	3.92905623e+00	7.32432655e+00
3.71626932e+01	2.50514932e+00	3.84571530e+00	7.18119547e+00
3.75038092e+01	2.44715817e+00	3.76674637e+00	7.04231670e+00
3.78480564e+01	2.39004063e+00	3.68882450e+00	6.90520113e+00
3.81954634e+01	2.33396027e+00	3.61215532e+00	6.77020100e+00
3.85460592e+01	2.27968478e+00	3.53771120e+00	6.63890583e+00
3.88998732e+01	2.22584991e+00	3.46377403e+00	6.50842188e+00
3.92569348e+01	2.17391098e+00	3.39220693e+00	6.38193152e+00
3.96172739e+01	2.12274249e+00	3.32371983e+00	6.25703200e+00
3.99809205e+01	2.07252720e+00	3.25886744e+00	6.13412558e+00
4.03479050e+01	2.02391764e+00	3.19341977e+00	6.01459020e+00
4.07182581e+01	1.97570726e+00	3.12737136e+00	5.89579972e+00
4.10920107e+01	1.92922526e+00	3.06071668e+00	5.78065629e+00
4.14691939e+01	1.88342320e+00	2.99345019e+00	5.66692774e+00
4.18498393e+01	1.83849753e+00	2.92556626e+00	5.55505190e+00
4.22339786e+01	1.79500343e+00	2.86346420e+00	5.44626833e+00
4.26216440e+01	1.75187189e+00	2.80283358e+00	5.33818341e+00
4.30128677e+01	1.71031611e+00	2.74419528e+00	5.23347831e+00
4.34076824e+01	1.66936072e+00	2.68631390e+00	5.13000643e+00
4.38061212e+01	1.62921148e+00	2.62946056e+00	5.02822666e+00
4.42082172e+01	1.59033137e+00	2.57423394e+00	4.92919512e+00
4.46140041e+01	1.55177785e+00	2.51939588e+00	4.83079986e+00
4.50235156e+01	1.51465441e+00	2.46638574e+00	4.73557661e+00
4.54367861e+01	1.47805750e+00	2.41457251e+00	4.64146500e+00
4.58538500e+01	1.44219742e+00	2.36436595e+00	4.54894562e+00
4.62747421e+01	1.40746432e+00	2.31369854e+00	4.45890562e+00
4.66994976e+01	1.37302668e+00	2.26297100e+00	4.36944161e+00
4.71281519e+01	1.33989172e+00	2.21505619e+00	4.28284283e+00
4.75607408e+01	1.30722616e+00	2.16820088e+00	4.19723149e+00
4.79973005e+01	1.27524383e+00	2.12282088e+00	4.11309942e+00
4.84378673e+01	1.24427099e+00	2.07702435e+00	4.03124880e+00
4.88824781e+01	1.21356615e+00	2.03115516e+00	3.94994550e+00
4.93311699e+01	1.18402963e+00	1.98788390e+00	3.87133179e+00
4.97839803e+01	1.15489885e+00	1.94513406e+00	3.79358257e+00
5.02409471e+01	1.12638455e+00	1.90319140e+00	3.71719091e+00
5.07021083e+01	1.09930003e+00	1.86315718e+00	3.64281352e+00
5.11675025e+01	1.07248631e+00	1.82345972e+00	3.56892466e+00
5.16371686e+01	1.04542646e+00	1.78339788e+00	3.49751284e+00
5.21111458e+01	1.01904356e+00	1.74422179e+00	3.42819362e+00
5.25894735e+01	9.93660241e-01	1.70636822e+00	3.36192590e+00
5.30721919e+01	9.69075292e-01	1.66956774e+00	3.29504991e+00
5.35593411e+01	9.44710587e-01	1.63303731e+00	3.22756006e+00
5.40509618e+01	9.21309323e-01	1.59780699e+00	3.15945073e+00
5.45470952e+01	8.98463077e-01	1.56298173e+00	3.09340589e+00
5.50477825e+01	8.76468855e-01	1.52884149e+00	3.03046441e+00
5.55530656e+01	8.54272748e-01	1.49565486e+00	2.96918335e+00
5.60629868e+01	8.32022866e-01	1.46271749e+00	2.90831959e+00
5.65775885e+01	8.11219341e-01	1.43096702e+00	2.84954302e+00
5.70969137e+01	7.90905932e-01	1.39957140e+00	2.79137366e+00
5.76210058e+01	7.71371615e-01	1.36880381e+00	2.73429607e+00
5.81499085e+01	7.51657992e-01	1.33889816e+00	2.67871115e+00
5.86836660e+01	7.31886477e-01	1.30922285e+00	2.62350659e+00
5.92223229e+01	7.13416385e-01	1.28063764e+00	2.57020763e+00
5.97659241e+01	6.95185128e-01	1.25236751e+00	2.51745230e+00
6.03145151e+01	6.77381666e-01	1.22467946e+00	2.46571794e+00
6.08681415e+01	6.60129527e-01	1.19774740e+00	2.41697986e+00
6.14268497e+01	6.43037666e-01	1.17101874e+00	2.36902500e+00
6.19906862e+01	6.26656347e-01	1.14527426e+00	2.32062996e+00
6.25596982e+01	6.10483975e-01	1.12004706e+00	2.27179070e+00
6.31339332e+01	5.94701556e-01	1.09571750e+00	2.22250315e+00
6.37134390e+01	5.79407751e-01	1.07116461e+00	2.17619572e+00
6.42982641e+01	5.64258537e-01	1.04650323e+00	2.13085997e+00
6.48884574e+01	5.49747515e-01	1.02334511e+00	2.08713845e+00
6.54840680e+01	5.35416864e-01	1.00064558e+00	2.04383693e+00
6.60851457e+01	5.21437820e-01	9.78771794e-01	2.00140344e+00
6.66917407e+01	5.07887546e-01	9.56697231e-01	1.96004264e+00
6.73039036e+01	4.94466290e-01	9.34514751e-01	1.91896933e+00
6.79216856e+01	4.81620620e-01	9.13706454e-01	1.87938718e+00
6.85451382e+01	4.68932912e-01	8.93111521e-01	1.84018306e+00
6.91743135e+01	4.56565928e-01	8.72968358e-01	1.80179396e+00
6.98092639e+01	4.44578631e-01	8.53369872e-01	1.76437167e+00
7.04500426e+01	4.32707867e-01	8.33991476e-01	1.72721202e+00
7.10967029e+01	4.21355702e-01	8.16596485e-01	1.69139240e+00
7.17492990e+01	4.10252325e-01	7.99041826e-01	1.65590146e+00
7.24078852e+01	3.99622451e-01	7.81326033e-01	1.62115650e+00
7.30725166e+01	3.88895005e-01	7.63447626e-01	1.58728661e+00
7.37432486e+01	3.78108291e-01	7.45405114e-01	1.55366006e+00
7.44201373e+01	3.68088638e-01	7.27196990e-01	1.52127107e+00
7.51032391e+01	3.58284572e-01	7.09680223e-01	1.48917499e+00
7.57926111e+01	3.48906347e-01	6.93442516e-01	1.45777417e+00
7.64883109e+01	3.39442040e-01	6.77638911e-01	1.42715505e+00
7.71903964e+01	3.29929146e-01	6.61963804e-01	1.39675644e+00
7.78989264e+01	3.21335371e-01	6.46914113e-01	1.36748131e+00
7.86139600e+01	3.12662715e-01	6.32007983e-01	1.33846247e+00
7.93355569e+01	3.03910452e-01	6.17451219e-01	1.31008337e+00
8.00637773e+01	2.95596438e-01	6.03280046e-01	1.28241866e+00
8.07986821e+01	2.87444301e-01	5.89225025e-01	1.25498023e+00
8.15403325e+01	2.79666200e-01	5.75741227e-01	1.22918374e+00
8.22887906e+01	2.71977022e-01	5.62384202e-01	1.20315047e+00
8.30441187e+01	2.64502064e-01	5.49349651e-01	1.17687823e+00
8.38063800e+01	2.57518589e-01	5.36657165e-01	1.15168352e+00
8.45756380e+01	2.50721069e-01	5.24069293e-01	1.12687439e+00
8.53519571e+01	2.43861154e-01	5.11993566e-01	1.10301539e+00
8.61354020e+01	2.36938273e-01	5.00026773e-01	1.07935280e+00
8.69260382e+01	2.29951846e-01	4.88352108e-01	1.05623281e+00
8.77239316e+01	2.23449159e-01	4.77172371e-01	1.03367709e+00
8.85291488e+01	2.17145162e-01	4.66167333e-01	1.01129012e+00
8.93417571e+01	2.11139398e-01	4.55061281e-01	9.89769376e-01
9.01618244e+01	2.05199475e-01	4.44242369e-01	9.68417435e-01
9.09894190e+01	1.99432867e-01	4.34056969e-01	9.47559496e-01
9.18246101e+01	1.93839737e-01	4.23778077e-01	9.27206097e-01
9.26674675e+01	1.88306029e-01	4.13412878e-01	9.07006435e-01
9.35180614e+01	1.83038803e-01	4.03748490e-01	8.87604856e-01
9.43764629e+01	1.77921693e-01	3.94246834e-01	8.68351486e-01
9.52427437e+01	1.73142638e-01	3.85145766e-01	8.49554415e-01
9.61169760e+01	1.68319716e-01	3.75961160e-01	8.31205080e-01
9.69992330e+01	1.63452524e-01	3.66694665e-01	8.12994104e-01
9.78895881e+01	1.58540656e-01	3.58064598e-01	7.95511288e-01
9.87881158e+01	1.53775958e-01	3.49506200e-01	7.78156723e-01
9.96948911e+01	1.49351844e-01	3.41170863e-01	7.61220024e-01
1.00609990e+02	1.45060161e-01	3.33048146e-01	7.44680017e-01
1.01533488e+02	1.40816433e-01	3.24996815e-01	7.28266906e-01
1.02465463e+02	1.36782859e-01	3.17289924e-01	7.12517067e-01
1.03405993e+02	1.32791469e-01	3.09645892e-01	6.96883566e-01
1.04355155e+02	1.28924923e-01	3.02204085e-01	6.81638529e-01
1.05313031e+02	1.25174315e-01	2.94952272e-01	6.66750290e-01
1.06279698e+02	1.21468029e-01	2.87768221e-01	6.51983714e-01
1.07255238e+02	1.17945945e-01	2.80893370e-01	6.37806182e-01
1.08239733e+02	1.14461424e-01	2.74075268e-01	6.23733182e-01
1.09233265e+02	1.11088646e-01	2.67441038e-01	6.10013761e-01
1.10235916e+02	1.07816831e-01	2.60974216e-01	5.96611413e-01
1.11247771e+02	1.04585673e-01	2.54570367e-01	5.83323419e-01
1.12268913e+02	1.01602039e-01	2.48439551e-01	5.70560438e-01
1.13299429e+02	9.85957631e-02	2.42360323e-01	5.57985508e-01
1.14339403e+02	9.55618924e-02	2.36449124e-01	5.45939431e-01
1.15388924e+02	9.27789394e-02	2.30687114e-01	5.33782783e-01
1.16448077e+02	9.01242616e-02	2.24984473e-01	5.21514549e-01
1.17516953e+02	8.74452166e-02	2.19524311e-01	5.10035506e-01
1.18595641e+02	8.47415807e-02	2.14110088e-01	4.98731380e-01
1.19684229e+02	8.20131281e-02	2.08847242e-01	4.87907945e-01
1.20782810e+02	7.94711678e-02	2.03716293e-01	4.76985161e-01
1.21891474e+02	7.70260428e-02	1.98640617e-01	4.65962118e-01
1.23010315e+02	7.47032214e-02	1.94018360e-01	4.55639794e-01
1.24139425e+02	7.24065041e-02	1.89369263e-01	4.45476528e-01
1.25278900e+02	7.01888261e-02	1.84677492e-01	4.35753810e-01
1.26428834e+02	6.80370645e-02	1.79942656e-01	4.25941848e-01
1.27589323e+02	6.59159872e-02	1.75164358e-01	4.16039822e-01
1.28760465e+02	6.39013053e-02	1.70833659e-01	4.06767133e-01
1.29942356e+02	6.19263914e-02	1.66550687e-01	3.97574693e-01
1.31135096e+02	6.00620632e-02	1.62393725e-01	3.88629677e-01
1.32338784e+02	5.81806223e-02	1.58338707e-01	3.79886187e-01
1.33553520e+02	5.62819117e-02	1.54330767e-01	3.71233103e-01
1.34779407e+02	5.45348001e-02	1.50492280e-01	3.62920142e-01
1.36016546e+02	5.28106720e-02	1.46687719e-01	3.54671143e-01
1.37265041e+02	5.11485790e-02	1.42996840e-01	3.46647676e-01
1.38524996e+02	4.95650870e-02	1.39395842e-01	3.38801359e-01
1.39796515e+02	4.80251482e-02	1.35838385e-01	3.31038238e-01
1.41079706e+02	4.64710744e-02	1.32516578e-01	3.23576375e-01
1.42374676e+02	4.49441522e-02	1.29178513e-01	3.16173162e-01
1.43681532e+02	4.35097162e-02	1.25809808e-01	3.08978122e-01
1.45000383e+02	4.21178164e-02	1.22629436e-01	3.01942101e-01
1.46331341e+02	4.07486037e-02	1.19559461e-01	2.94984783e-01
1.47674515e+02	3.94485840e-02	1.16461306e-01	2.88297545e-01
1.49030018e+02	3.81642628e-02	1.13404446e-01	2.81663055e-01
1.50397963e+02	3.69284341e-02	1.10504882e-01	2.75217262e-01
1.51778465e+02	3.57291446e-02	1.07674737e-01	2.68911687e-01
1.53171638e+02	3.45502090e-02	1.04881514e-01	2.62678824e-01
1.54577599e+02	3.34312741e-02	1.02206576e-01	2.56686340e-01
1.55996466e+02	3.23261425e-02	9.95562835e-02	2.50741176e-01
1.57428356e+02	3.12637819e-02	9.69899582e-02	2.44966998e-01
1.58873390e+02	3.02328225e-02	9.44849444e-02	2.39318629e-01
1.60331687e+02	2.92201133e-02	9.20140895e-02	2.33738831e-01
1.61803371e+02	2.82592131e-02	8.96472610e-02	2.28374480e-01
1.63288562e+02	2.73104402e-02	8.73024545e-02	2.23052745e-01
1.64787387e+02	2.63993823e-02	8.50332747e-02	2.17886011e-01
1.66299969e+02	2.55151675e-02	8.28177013e-02	2.12830583e-01
1.67826435e+02	2.46472143e-02	8.06333330e-02	2.07838664e-01
1.69366912e+02	2.38237671e-02	7.85407427e-02	2.03038952e-01
1.70921530e+02	2.30109459e-02	7.64678788e-02	1.98277953e-01
1.72490417e+02	2.22313168e-02	7.44631580e-02	1.93658495e-01
1.74073705e+02	2.14747752e-02	7.25057554e-02	1.89136595e-01
1.75671526e+02	2.07328187e-02	7.05771689e-02	1.84672821e-01
1.77284014e+02	2.00291544e-02	6.87294423e-02	1.80379134e-01
1.78911302e+02	1.93347177e-02	6.68993308e-02	1.76120573e-01
1.80553528e+02	1.86691948e-02	6.51304385e-02	1.71991512e-01
1.82210827e+02	1.80233214e-02	6.34028495e-02	1.67948678e-01
1.83883339e+02	1.73903669e-02	6.17015052e-02	1.63959557e-01
1.85571202e+02	1.68395984e-02	6.00709987e-02	1.60121490e-01
1.87274559e+02	1.62925479e-02	5.84562134e-02	1.56315004e-01
1.88993550e+02	1.57404760e-02	5.68964856e-02	1.52625890e-01
1.90728321e+02	1.51833366e-02	5.53729209e-02	1.49013277e-01
1.92479014e+02	1.46210833e-02	5.38733257e-02	1.45450482e-01
1.94245778e+02	1.40536690e-02	5.24365797e-02	1.42023520e-01
1.96028758e+02	1.35035279e-02	5.10139710e-02	1.38625221e-01
1.97828104e+02	1.30222262e-02	4.96409553e-02	1.35333580e-01
1.99643967e+02	1.25552227e-02	4.82994174e-02	1.32109254e-01
2.01476497e+02	1.20983931e-02	4.69796235e-02	1.28930685e-01
2.03325848e+02	1.16655063e-02	4.57149588e-02	1.25872524e-01
2.05192175e+02	1.12386848e-02	4.44628225e-02	1.22840185e-01
2.07075632e+02	1.08310483e-02	4.32549007e-02	1.19904617e-01
2.08976377e+02	1.04355277e-02	4.20744815e-02	1.17028373e-01
2.10894570e+02	1.00489677e-02	4.09138683e-02	1.14194227e-01
2.12830369e+02	9.68276296e-03	3.98017272e-02	1.11465900e-01
2.14783938e+02	9.32180124e-03	3.87007863e-02	1.08760552e-01
2.16755437e+02	8.97748075e-03	3.76395418e-02	1.06142430e-01
2.18745034e+02	8.64338969e-03	3.66023481e-02	1.03576807e-01
2.20752893e+02	8.31715498e-03	3.55832001e-02	1.01050065e-01
2.22779182e+02	8.01748258e-03	3.46064055e-02	9.86180952e-02
2.24824070e+02	7.71899541e-03	3.36395184e-02	9.62195812e-02
2.26887728e+02	7.41776843e-03	3.27079764e-02	9.39468575e-02
2.28970329e+02	7.13134037e-03	3.17972608e-02	9.16532725e-02
2.31072046e+02	6.85700369e-03	3.09028070e-02	8.93386347e-02
2.33193054e+02	6.59736698e-03	3.00456889e-02	8.71639009e-02
2.35333531e+02	6.34163918e-03	2.91974600e-02	8.50159720e-02
2.37493656e+02	6.09834968e-03	2.83809898e-02	8.29401531e-02
2.39673608e+02	5.86658267e-03	2.75826282e-02	8.09045652e-02
2.41873570e+02	5.64453252e-03	2.67989838e-02	7.89013398e-02
2.44093725e+02	5.42044418e-03	2.60480439e-02	7.69722361e-02
2.46334260e+02	5.19922425e-03	2.53050204e-02	7.50600276e-02
2.48595360e+02	4.99568219e-03	2.45903792e-02	7.32129485e-02
2.50877215e+02	4.79824479e-03	2.38913863e-02	7.14016045e-02
2.53180015e+02	4.60604759e-03	2.32056215e-02	6.96202407e-02
2.55503952e+02	4.42432926e-03	2.25484659e-02	6.79049226e-02
2.57849220e+02	4.24549410e-03	2.18983031e-02	6.62047146e-02
2.60216016e+02	4.07585689e-03	2.12732827e-02	6.45627916e-02
2.62604537e+02	3.91428947e-03	2.06618080e-02	6.29521244e-02
2.65014982e+02	3.75998537e-03	2.00622397e-02	6.13687626e-02
2.67447552e+02	3.60426492e-03	1.94876325e-02	5.98440370e-02
2.69902451e+02	3.45040429e-03	1.89221529e-02	5.83329361e-02
2.72379883e+02	3.30946712e-03	1.83918523e-02	5.68745430e-02
2.74880056e+02	3.17278744e-03	1.78566841e-02	5.54437391e-02
2.77403178e+02	3.04003376e-03	1.73166035e-02	5.40380422e-02
2.79949459e+02	2.91468442e-03	1.68124589e-02	5.26839530e-02
2.82519113e+02	2.79144254e-03	1.63163431e-02	5.13419071e-02
2.85112354e+02	2.67492477e-03	1.58401896e-02	5.00467574e-02
2.87729398e+02	2.56399171e-03	1.53742993e-02	4.87755206e-02
2.90370463e+02	2.45841871e-03	1.49181595e-02	4.75269319e-02
2.93035771e+02	2.35187667e-03	1.44809468e-02	4.63241090e-02
2.95725544e+02	2.24652020e-03	1.40486100e-02	4.51374858e-02
2.98440007e+02	2.15052074e-03	1.36340578e-02	4.40187955e-02
3.01179385e+02	2.05745388e-03	1.32282958e-02	4.28898369e-02
3.03943908e+02	1.96728776e-03	1.28312107e-02	4.17505155e-02
3.06733807e+02	1.88223920e-03	1.24504506e-02	4.06784090e-02
3.09549314e+02	1.79869710e-03	1.20739764e-02	3.96214084e-02
3.12390664e+02	1.71997499e-03	1.17133063e-02	3.86030126e-02
3.15258096e+02	1.64367068e-03	1.13602798e-02	3.76030440e-02
3.18151847e+02	1.56984191e-03	1.10150913e-02	3.66219862e-02
3.21072160e+02	1.50024825e-03	1.06841225e-02	3.56765055e-02
3.24019279e+02	1.43192134e-03	1.03569332e-02	3.47398077e-02
3.26993449e+02	1.36764626e-03	1.00436851e-02	3.38378611e-02
3.29994920e+02	1.30535986e-03	9.73701807e-03	3.29518797e-02
3.33023940e+02	1.24518011e-03	9.43735826e-03	3.20829476e-02
3.36080764e+02	1.18850995e-03	9.16352700e-03	3.12454040e-02
3.39165647e+02	1.13290743e-03	8.89336702e-03	3.04157672e-02
3.42278845e+02	1.08071048e-03	8.62072724e-03	2.96176101e-02
3.45420620e+02	1.03014069e-03	8.34558490e-03	2.88335237e-02
3.48591233e+02	9.81353886e-04	8.06791703e-03	2.80650681e-02
3.51790949e+02	9.35449076e-04	7.81564250e-03	2.73242200e-02
3.55020035e+02	8.90685934e-04	7.56964104e-03	2.65931431e-02
3.58278761e+02	8.50222205e-04	7.33454918e-03	2.59061417e-02
3.61567399e+02	8.09387061e-04	7.10429620e-03	2.52128343e-02
3.64886223e+02	7.68177091e-04	6.87959733e-03	2.45131630e-02
3.68235511e+02	7.30847279e-04	6.66409435e-03	2.38539361e-02
3.71615542e+02	6.94623109e-04	6.45115845e-03	2.32047963e-02
3.75026598e+02	6.60776133e-04	6.24783453e-03	2.25807418e-02
3.78468964e+02	6.28000266e-04	6.04870400e-03	2.19748842e-02
3.81942927e+02	5.96478991e-04	5.85456688e-03	2.13903970e-02
3.85448778e+02	5.66874299e-04	5.66848025e-03	2.08005449e-02
3.88986809e+02	5.38037514e-04	5.48466971e-03	2.02119010e-02
3.92557316e+02	5.12155434e-04	5.30929480e-03	1.96609290e-02
3.96160596e+02	4.86035784e-04	5.13744332e-03	1.91192714e-02
3.99796951e+02	4.59676381e-04	4.96995022e-03	1.85892606e-02
4.03466684e+02	4.37385085e-04	4.81324276e-03	1.80779899e-02
4.07170101e+02	4.15998901e-04	4.65826975e-03	1.75717192e-02
4.10907512e+02	3.94416414e-04	4.50187425e-03	1.70857434e-02
4.14679229e+02	3.72635822e-04	4.35090392e-03	1.66078457e-02
4.18485566e+02	3.50655306e-04	4.20669705e-03	1.61404554e-02
4.22326842e+02	3.31610525e-04	4.06845504e-03	1.56895306e-02
4.26203376e+02	3.13435277e-04	3.93195713e-03	1.52430665e-02
4.30115494e+02	2.96582663e-04	3.80197343e-03	1.48147657e-02
4.34063520e+02	2.80288174e-04	3.67456688e-03	1.43934460e-02
4.38047786e+02	2.64714023e-04	3.55059203e-03	1.39815765e-02
4.42068623e+02	2.50146291e-04	3.43728278e-03	1.35841155e-02
4.46126367e+02	2.35919610e-04	3.32622696e-03	1.31906210e-02
4.50221357e+02	2.22768395e-04	3.21415176e-03	1.28133956e-02
4.54353935e+02	2.10056768e-04	3.10104782e-03	1.24422417e-02
4.58524446e+02	1.97930966e-04	2.98690570e-03	1.20796348e-02
4.62733238e+02	1.86604803e-04	2.88322382e-03	1.17296072e-02
4.66980663e+02	1.75555139e-04	2.78263428e-03	1.13840642e-02
4.71267074e+02	1.65377859e-04	2.68703432e-03	1.10611846e-02
4.75592831e+02	1.55549340e-04	2.59331004e-03	1.07353412e-02
4.79958294e+02	1.46200252e-04	2.50227232e-03	1.04065069e-02
4.84363827e+02	1.37795222e-04	2.41500978e-03	1.00963529e-02
4.88809798e+02	1.29623385e-04	2.32890644e-03	9.79163904e-03
4.93296580e+02	1.21376539e-04	2.24715291e-03	9.49987366e-03
4.97824545e+02	1.13595275e-04	2.16699584e-03	9.21263079e-03
5.02394072e+02	1.06459146e-04	2.08920989e-03	8.93228370e-03
5.07005543e+02	9.98196197e-05	2.01467553e-03	8.66722170e-03
5.11659343e+02	9.33581807e-05	1.94115747e-03	8.40531337e-03
5.16355860e+02	8.74517585e-05	1.87143563e-03	8.14100099e-03
5.21095486e+02	8.17564936e-05	1.80305720e-03	7.88398848e-03
5.25878617e+02	7.63699865e-05	1.73674947e-03	7.63784893e-03
5.30705653e+02	7.13705870e-05	1.67320693e-03	7.40025662e-03
5.35576995e+02	6.65128966e-05	1.61054356e-03	7.16517068e-03
5.40493052e+02	6.20952922e-05	1.55118357e-03	6.94038178e-03
5.45454233e+02	5.78402629e-05	1.49296354e-03	6.71896218e-03
5.50460953e+02	5.38302097e-05	1.43656507e-03	6.50310672e-03
5.55513630e+02	5.01167643e-05	1.38252876e-03	6.29463643e-03
5.60612685e+02	4.65140747e-05	1.32925659e-03	6.08836091e-03
5.65758544e+02	4.32546157e-05	1.27885043e-03	5.89121604e-03
5.70951637e+02	4.01190185e-05	1.23004859e-03	5.69916017e-03
5.76192397e+02	3.71756907e-05	1.18376998e-03	5.51525779e-03
5.81481263e+02	3.44593827e-05	1.13706658e-03	5.32966737e-03
5.86818674e+02	3.18296319e-05	1.09028996e-03	5.14357902e-03
5.92205078e+02	2.94662675e-05	1.04757905e-03	4.97102794e-03
5.97640924e+02	2.71963940e-05	1.00567043e-03	4.80101087e-03
6.03126665e+02	2.50758993e-05	9.65142031e-04	4.63551839e-03
6.08662759e+02	2.31265237e-05	9.26324980e-04	4.47562687e-03
6.14249670e+02	2.12436981e-05	8.88081943e-04	4.31745530e-03
6.19887862e+02	1.95635328e-05	8.51993408e-04	4.16650909e-03
6.25577808e+02	1.79527990e-05	8.16581581e-04	4.01772994e-03
6.31319981e+02	1.64562165e-05	7.82376325e-04	3.87298336e-03
6.37114862e+02	1.50868759e-05	7.49610529e-04	3.73315789e-03
6.42962934e+02	1.37680754e-05	7.17335603e-04	3.59509723e-03
6.48864686e+02	1.26016119e-05	6.86914813e-04	3.46698810e-03
6.54820609e+02	1.14858582e-05	6.57062946e-04	3.33770305e-03
6.60831202e+02	1.04558346e-05	6.28262422e-04	3.20723130e-03
6.66896967e+02	9.51851424e-06	6.00675783e-04	3.08394133e-03
6.73018408e+02	8.61880083e-06	5.73510806e-04	2.96313846e-03
6.79196039e+02	7.83124924e-06	5.47949241e-04	2.84805531e-03
6.85430373e+02	7.08013520e-06	5.22862903e-04	2.73456234e-03
6.91721933e+02	6.39231263e-06	4.98687265e-04	2.62428141e-03
6.98071243e+02	5.80043993e-06	4.75533067e-04	2.51770356e-03
7.04478833e+02	5.24393828e-06	4.52739791e-04	2.41232347e-03
7.10945239e+02	4.68232851e-06	4.31319093e-04	2.31200029e-03
7.17470999e+02	4.17638976e-06	4.10292788e-04	2.21304790e-03
7.24056659e+02	3.76638429e-06	3.90050741e-04	2.11697653e-03
7.30702770e+02	3.35261538e-06	3.71141834e-04	2.02600405e-03
7.37409884e+02	2.93907137e-06	3.52685548e-04	1.93666208e-03
7.44178563e+02	2.61837865e-06	3.34059852e-04	1.84650005e-03
7.51009372e+02	2.31490648e-06	3.16027166e-04	1.75854176e-03
7.57902881e+02	2.04295641e-06	2.99128797e-04	1.67493369e-03
7.64859665e+02	1.80189617e-06	2.83349746e-04	1.59411054e-03
7.71880306e+02	1.57474731e-06	2.67968413e-04	1.51429353e-03
7.78965389e+02	1.40097452e-06	2.52445894e-04	1.44058517e-03
7.86115506e+02	1.22560667e-06	2.37416582e-04	1.36620023e-03
7.93331253e+02	1.04862913e-06	2.23362421e-04	1.29113252e-03
8.00613234e+02	9.04808069e-07	2.09915151e-04	1.22014805e-03
8.07962057e+02	7.75905789e-07	1.96694526e-04	1.15072275e-03
8.15378334e+02	6.80644032e-07	1.84326630e-04	1.08480265e-03
8.22862685e+02	5.84507868e-07	1.72182474e-04	1.01972672e-03
8.30415735e+02	4.87489271e-07	1.60534774e-04	9.56665759e-04
8.38038114e+02	4.10640166e-07	1.49392292e-04	8.95694052e-04
8.45730459e+02	3.42942660e-07	1.38441965e-04	8.35447050e-04
8.53493411e+02	2.89629338e-07	1.28216241e-04	7.78293587e-04
8.61327620e+02	2.40239177e-07	1.18174075e-04	7.21849777e-04
8.69233740e+02	1.98585586e-07	1.08554640e-04	6.67178742e-04
8.77212429e+02	1.63529852e-07	9.93574007e-05	6.14311239e-04
8.85264354e+02	1.31527421e-07	9.03239412e-05	5.62080279e-04
8.93390189e+02	1.07359479e-07	8.19032786e-05	5.12581835e-04
9.01590610e+02	8.52187153e-08	7.36332269e-05	4.63690094e-04
9.09866303e+02	6.71738826e-08	6.57229200e-05	4.16377849e-04
9.18217958e+02	5.24147555e-08	5.83499367e-05	3.70627619e-04
9.26646273e+02	3.92112440e-08	5.12034987e-05	3.25439197e-04
9.35151951e+02	2.97948257e-08	4.39914635e-05	2.82633688e-04
9.43735703e+02	2.12932649e-08	3.70042935e-05	2.40342209e-04
9.52398246e+02	1.46854839e-08	3.05261736e-05	1.99448555e-04
9.61140301e+02	9.48629392e-09	2.43360914e-05	1.59910294e-04
9.69962600e+02	4.96997368e-09	1.82619878e-05	1.20869744e-04
