# W0 [GeV]	Sigma_muLHC@7.5 TeV [pb]	Sigma_muLHC@5.3 TeV [pb]
1.61000000e+02	3.78576508e-01	2.58423933e-01
1.61580467e+02	3.78392427e-01	2.58285429e-01
1.62163028e+02	3.78207683e-01	2.58146426e-01
1.62747688e+02	3.78022272e-01	2.58006922e-01
1.63334457e+02	3.77642630e-01	2.57721525e-01
1.63923341e+02	3.77193635e-01	2.57384037e-01
1.64514348e+02	3.76743022e-01	2.57045331e-01
1.65107486e+02	3.76290784e-01	2.56705405e-01
1.65702763e+02	3.75755857e-01	2.56316981e-01
1.66300186e+02	3.75138857e-01	2.55880420e-01
1.66899762e+02	3.74519633e-01	2.55442284e-01
1.67501501e+02	3.73898177e-01	2.55002569e-01
1.68105409e+02	3.73274480e-01	2.54544237e-01
1.68711494e+02	3.72648534e-01	2.54037233e-01
1.69319764e+02	3.72020332e-01	2.53528401e-01
1.69930228e+02	3.71389864e-01	2.53017735e-01
1.70542892e+02	3.70753789e-01	2.52503862e-01
1.71157765e+02	3.70004178e-01	2.51942571e-01
1.71774855e+02	3.69251865e-01	2.51379256e-01
1.72394170e+02	3.68496839e-01	2.50813910e-01
1.73015718e+02	3.67739090e-01	2.50246526e-01
1.73639507e+02	3.66940210e-01	2.49649030e-01
1.74265545e+02	3.66128346e-01	2.49041994e-01
1.74893840e+02	3.65313554e-01	2.48432770e-01
1.75524400e+02	3.64495824e-01	2.47821349e-01
1.76157233e+02	3.63654456e-01	2.47192722e-01
1.76792349e+02	3.62793429e-01	2.46549773e-01
1.77429754e+02	3.61929297e-01	2.45904506e-01
1.78069457e+02	3.61062049e-01	2.45256913e-01
1.78711466e+02	3.60182524e-01	2.44600503e-01
1.79355790e+02	3.59280148e-01	2.43927788e-01
1.80002437e+02	3.58374519e-01	2.43252646e-01
1.80651416e+02	3.57465624e-01	2.42575071e-01
1.81302735e+02	3.56551716e-01	2.41893819e-01
1.81956401e+02	3.55614690e-01	2.41196031e-01
1.82612425e+02	3.54674286e-01	2.40495726e-01
1.83270813e+02	3.53730491e-01	2.39792897e-01
1.83931576e+02	3.52783294e-01	2.39087534e-01
1.84594720e+02	3.51819234e-01	2.38370559e-01
1.85260256e+02	3.50849201e-01	2.37649316e-01
1.85928191e+02	3.49875671e-01	2.36925473e-01
1.86598534e+02	3.48898631e-01	2.36199020e-01
1.87271294e+02	3.47911266e-01	2.35465787e-01
1.87946480e+02	3.46915922e-01	2.34727209e-01
1.88624100e+02	3.45916989e-01	2.33985968e-01
1.89304163e+02	3.44914455e-01	2.33242054e-01
1.89986678e+02	3.43905777e-01	2.32493901e-01
1.90671654e+02	3.42889138e-01	2.31740390e-01
1.91359099e+02	3.41868834e-01	2.30984161e-01
1.92049023e+02	3.40844851e-01	2.30225206e-01
1.92741434e+02	3.39816698e-01	2.29463312e-01
1.93436342e+02	3.38781696e-01	2.28697336e-01
1.94133755e+02	3.37742963e-01	2.27928598e-01
1.94833682e+02	3.36700485e-01	2.27157089e-01
1.95536133e+02	3.35654248e-01	2.26382798e-01
1.96241117e+02	3.34605590e-01	2.25606595e-01
1.96948642e+02	3.33553310e-01	2.24827696e-01
1.97658718e+02	3.32497236e-01	2.24045988e-01
1.98371355e+02	3.31437354e-01	2.23261462e-01
1.99086560e+02	3.30373651e-01	2.22475991e-01
1.99804345e+02	3.29306113e-01	2.21688667e-01
2.00524717e+02	3.28234727e-01	2.20898504e-01
2.01247686e+02	3.27159477e-01	2.20105493e-01
2.01973262e+02	3.26082575e-01	2.19311673e-01
2.02701454e+02	3.25004854e-01	2.18517816e-01
2.03432272e+02	3.23923248e-01	2.17721096e-01
2.04165724e+02	3.22837742e-01	2.16921504e-01
2.04901821e+02	3.21749563e-01	2.16120212e-01
2.05640571e+02	3.20662980e-01	2.15321285e-01
2.06381985e+02	3.19572478e-01	2.14519477e-01
2.07126072e+02	3.18478045e-01	2.13714778e-01
2.07872842e+02	3.17379666e-01	2.12907179e-01
2.08622304e+02	3.16290717e-01	2.12108288e-01
2.09374469e+02	3.15198594e-01	2.11307170e-01
2.10129345e+02	3.14102533e-01	2.10503164e-01
2.10886943e+02	3.13002521e-01	2.09696259e-01
2.11647272e+02	3.11898543e-01	2.08886445e-01
2.12410342e+02	3.10790585e-01	2.08073712e-01
2.13176164e+02	3.09678632e-01	2.07258048e-01
2.13944747e+02	3.08562670e-01	2.06439443e-01
2.14716101e+02	3.07450661e-01	2.05624626e-01
2.15490235e+02	3.06343558e-01	2.04814405e-01
2.16267161e+02	3.05232463e-01	2.04001262e-01
2.17046888e+02	3.04117363e-01	2.03185188e-01
2.17829427e+02	3.03001451e-01	2.02370228e-01
2.18614786e+02	3.01891944e-01	2.01565515e-01
2.19402977e+02	3.00778437e-01	2.00757900e-01
2.20194010e+02	2.99660915e-01	1.99947373e-01
2.20987895e+02	2.98539364e-01	1.99133924e-01
2.21784642e+02	2.97435971e-01	1.98317543e-01
2.22584262e+02	2.96328634e-01	1.97498218e-01
2.23386764e+02	2.95217305e-01	1.96675939e-01
2.24192160e+02	2.94101969e-01	1.95850695e-01
2.25000460e+02	2.92982611e-01	1.95036744e-01
2.25811674e+02	2.91859218e-01	1.94224339e-01
2.26625813e+02	2.90731775e-01	1.93409004e-01
2.27442887e+02	2.89600267e-01	1.92590730e-01
2.28262906e+02	2.88477476e-01	1.91776718e-01
2.29085883e+02	2.87362268e-01	1.90966328e-01
2.29911826e+02	2.86243040e-01	1.90153015e-01
2.30740748e+02	2.85119776e-01	1.89336771e-01
2.31572658e+02	2.83997600e-01	1.88521634e-01
2.32407567e+02	2.82884148e-01	1.87713630e-01
2.33245486e+02	2.81766681e-01	1.86902712e-01
2.34086427e+02	2.80645186e-01	1.86088871e-01
2.34930399e+02	2.79520559e-01	1.85273206e-01
2.35777414e+02	2.78409214e-01	1.84475743e-01
2.36627483e+02	2.77293863e-01	1.83675405e-01
2.37480617e+02	2.76174490e-01	1.82872182e-01
2.38336827e+02	2.75051082e-01	1.82066062e-01
2.39196124e+02	2.73939077e-01	1.81257036e-01
2.40058519e+02	2.72826624e-01	1.80445093e-01
2.40924023e+02	2.71710161e-01	1.79630223e-01
2.41792647e+02	2.70589672e-01	1.78812415e-01
2.42664403e+02	2.69476529e-01	1.78005355e-01
2.43539303e+02	2.68367773e-01	1.77205490e-01
2.44417356e+02	2.67255020e-01	1.76402742e-01
2.45298576e+02	2.66138255e-01	1.75597100e-01
2.46182972e+02	2.65024444e-01	1.74794048e-01
2.47070557e+02	2.63920266e-01	1.73998847e-01
2.47961343e+02	2.62812107e-01	1.73200779e-01
2.48855340e+02	2.61699953e-01	1.72399833e-01
2.49752560e+02	2.60587038e-01	1.71597683e-01
2.50653014e+02	2.59498872e-01	1.70807543e-01
2.51556716e+02	2.58406784e-01	1.70014554e-01
2.52463675e+02	2.57310758e-01	1.69218706e-01
2.53373905e+02	2.56210780e-01	1.68419988e-01
2.54287416e+02	2.55106837e-01	1.67632968e-01
2.55204221e+02	2.53998913e-01	1.66845398e-01
2.56124331e+02	2.52886995e-01	1.66054989e-01
2.57047759e+02	2.51771068e-01	1.65261729e-01
2.57974516e+02	2.50671854e-01	1.64476554e-01
2.58904614e+02	2.49581009e-01	1.63695056e-01
2.59838065e+02	2.48486232e-01	1.62910741e-01
2.60774882e+02	2.47387507e-01	1.62123599e-01
2.61715077e+02	2.46293635e-01	1.61340530e-01
2.62658661e+02	2.45209605e-01	1.60565450e-01
2.63605648e+02	2.44121667e-01	1.59787575e-01
2.64556048e+02	2.43029806e-01	1.59006896e-01
2.65509875e+02	2.41937511e-01	1.58226125e-01
2.66467142e+02	2.40860653e-01	1.57457603e-01
2.67427859e+02	2.39779912e-01	1.56686310e-01
2.68392040e+02	2.38695275e-01	1.55912236e-01
2.69359698e+02	2.37606728e-01	1.55135371e-01
2.70330844e+02	2.36535514e-01	1.54380500e-01
2.71305491e+02	2.35462385e-01	1.53625178e-01
2.72283653e+02	2.34385387e-01	1.52867132e-01
2.73265341e+02	2.33304505e-01	1.52106354e-01
2.74250569e+02	2.32235779e-01	1.51342833e-01
2.75239348e+02	2.31170798e-01	1.50576559e-01
2.76231693e+02	2.30101977e-01	1.49807522e-01
2.77227615e+02	2.29029303e-01	1.49035713e-01
2.78227129e+02	2.27963284e-01	1.48277433e-01
2.79230245e+02	2.26906728e-01	1.47537050e-01
2.80236979e+02	2.25846364e-01	1.46793998e-01
2.81247342e+02	2.24782176e-01	1.46048267e-01
2.82261347e+02	2.23719033e-01	1.45299848e-01
2.83279009e+02	2.22671033e-01	1.44548730e-01
2.84300340e+02	2.21619255e-01	1.43794903e-01
2.85325353e+02	2.20563685e-01	1.43038359e-01
2.86354061e+02	2.19504309e-01	1.42279088e-01
2.87386479e+02	2.18464412e-01	1.41544103e-01
2.88422619e+02	2.17421541e-01	1.40807368e-01
2.89462494e+02	2.16374911e-01	1.40067976e-01
2.90506119e+02	2.15324506e-01	1.39325919e-01
2.91553506e+02	2.14288348e-01	1.38594694e-01
2.92604669e+02	2.13255111e-01	1.37865820e-01
2.93659623e+02	2.12218149e-01	1.37134318e-01
2.94718380e+02	2.11177449e-01	1.36400178e-01
2.95780954e+02	2.10145276e-01	1.35672726e-01
2.96847359e+02	2.09122003e-01	1.34952243e-01
2.97917609e+02	2.08095041e-01	1.34229164e-01
2.98991717e+02	2.07064377e-01	1.33503477e-01
3.00069698e+02	2.06036259e-01	1.32780024e-01
3.01151566e+02	2.05022618e-01	1.32068045e-01
3.02237334e+02	2.04005322e-01	1.31353500e-01
3.03327017e+02	2.02984358e-01	1.30636378e-01
3.04420629e+02	2.01960190e-01	1.29917039e-01
3.05518183e+02	2.00956391e-01	1.29213686e-01
3.06619695e+02	1.99948974e-01	1.28507797e-01
3.07725178e+02	1.98937924e-01	1.27799364e-01
3.08834646e+02	1.97923228e-01	1.27088376e-01
3.09948115e+02	1.96924374e-01	1.26389590e-01
3.11065598e+02	1.95927353e-01	1.25692400e-01
3.12187110e+02	1.94926738e-01	1.24992697e-01
3.13312666e+02	1.93922516e-01	1.24290472e-01
3.14442280e+02	1.92928259e-01	1.23596039e-01
3.15575966e+02	1.91941771e-01	1.22907730e-01
3.16713740e+02	1.90951726e-01	1.22216940e-01
3.17855616e+02	1.89958112e-01	1.21523659e-01
3.19001609e+02	1.88968609e-01	1.20836543e-01
3.20151733e+02	1.87992844e-01	1.20166436e-01
3.21306004e+02	1.87013560e-01	1.19493912e-01
3.22464437e+02	1.86030745e-01	1.18818964e-01
3.23627046e+02	1.85046171e-01	1.18141582e-01
3.24793848e+02	1.84081409e-01	1.17461758e-01
3.25964855e+02	1.83113169e-01	1.16779483e-01
3.27140085e+02	1.82141439e-01	1.16094748e-01
3.28319552e+02	1.81166204e-01	1.15407544e-01
3.29503271e+02	1.80208333e-01	1.14741656e-01
3.30691258e+02	1.79251173e-01	1.14078113e-01
3.31883529e+02	1.78290561e-01	1.13412177e-01
3.33080098e+02	1.77326487e-01	1.12743840e-01
3.34280981e+02	1.76373783e-01	1.12089760e-01
3.35486193e+02	1.75427690e-01	1.11444599e-01
3.36695751e+02	1.74478186e-01	1.10797111e-01
3.37909670e+02	1.73525258e-01	1.10147290e-01
3.39127965e+02	1.72577766e-01	1.09495125e-01
3.40350653e+02	1.71642674e-01	1.08840609e-01
3.41577749e+02	1.70704210e-01	1.08183733e-01
3.42809270e+02	1.69762364e-01	1.07524490e-01
3.44045230e+02	1.68821641e-01	1.06866326e-01
3.45285647e+02	1.67909915e-01	1.06230564e-01
3.46530535e+02	1.66994903e-01	1.05592509e-01
3.47779912e+02	1.66076591e-01	1.04952155e-01
3.49033794e+02	1.65154969e-01	1.04309491e-01
3.50292196e+02	1.64230024e-01	1.03689166e-01
3.51555135e+02	1.63301744e-01	1.03069796e-01
3.52822628e+02	1.62370117e-01	1.02448194e-01
3.54094690e+02	1.61435131e-01	1.01824350e-01
3.55371339e+02	1.60521179e-01	1.01198257e-01
3.56652591e+02	1.59617188e-01	1.00569907e-01
3.57938462e+02	1.58709938e-01	9.99392916e-02
3.59228969e+02	1.57799416e-01	9.93064023e-02
3.60524128e+02	1.56900678e-01	9.86827036e-02
3.61823958e+02	1.56020299e-01	9.80732028e-02
3.63128473e+02	1.55136745e-01	9.74615046e-02
3.64437692e+02	1.54250006e-01	9.68476009e-02
3.65751632e+02	1.53360070e-01	9.62346161e-02
3.67070308e+02	1.52466926e-01	9.56342887e-02
3.68393739e+02	1.51570561e-01	9.50317969e-02
3.69721941e+02	1.50670964e-01	9.44271328e-02
3.71054932e+02	1.49768125e-01	9.38202887e-02
3.72392729e+02	1.48896661e-01	9.32364208e-02
3.73735350e+02	1.48024382e-01	9.26521390e-02
3.75082811e+02	1.47148959e-01	9.20657506e-02
3.76435130e+02	1.46270379e-01	9.14772481e-02
3.77792324e+02	1.45405595e-01	9.08866239e-02
3.79154412e+02	1.44544974e-01	9.02938701e-02
3.80521411e+02	1.43681250e-01	8.96989793e-02
3.81893338e+02	1.42814412e-01	8.91019437e-02
3.83270212e+02	1.41955711e-01	8.85153645e-02
3.84652050e+02	1.41107001e-01	8.79413209e-02
3.86038870e+02	1.40255231e-01	8.73652077e-02
3.87430689e+02	1.39400389e-01	8.67870174e-02
3.88827527e+02	1.38547960e-01	8.62107594e-02
3.90229401e+02	1.37711320e-01	8.56462170e-02
3.91636330e+02	1.36871663e-01	8.50796392e-02
3.93048331e+02	1.36028979e-01	8.45110186e-02
3.94465422e+02	1.35183257e-01	8.39403480e-02
3.95887623e+02	1.34369596e-01	8.33850411e-02
3.97314952e+02	1.33553402e-01	8.28279308e-02
3.98747426e+02	1.32734265e-01	8.22688119e-02
4.00185066e+02	1.31912174e-01	8.17076772e-02
4.01627888e+02	1.31087120e-01	8.11576306e-02
4.03075912e+02	1.30259091e-01	8.06099405e-02
4.04529157e+02	1.29428077e-01	8.00602758e-02
4.05987642e+02	1.28594066e-01	7.95086293e-02
4.07451385e+02	1.27775482e-01	7.89638641e-02
4.08920405e+02	1.26971365e-01	7.84255170e-02
4.10394722e+02	1.26164349e-01	7.78852290e-02
4.11874354e+02	1.25354424e-01	7.73429930e-02
4.13359321e+02	1.24548087e-01	7.68035690e-02
4.14849642e+02	1.23755821e-01	7.62746332e-02
4.16345335e+02	1.22960698e-01	7.57437904e-02
4.17846422e+02	1.22162709e-01	7.52110337e-02
4.19352920e+02	1.21362779e-01	7.46770429e-02
4.20864850e+02	1.20582286e-01	7.41574787e-02
4.22382231e+02	1.19798979e-01	7.36360414e-02
4.23905083e+02	1.19012847e-01	7.31127241e-02
4.25433425e+02	1.18223882e-01	7.25875200e-02
4.26967278e+02	1.17450563e-01	7.20738837e-02
4.28506661e+02	1.16678993e-01	7.15616977e-02
4.30051593e+02	1.15904640e-01	7.10476651e-02
4.31602096e+02	1.15127496e-01	7.05317792e-02
4.33158189e+02	1.14360484e-01	7.00278685e-02
4.34719892e+02	1.13600636e-01	6.95327618e-02
4.36287226e+02	1.12838049e-01	6.90358701e-02
4.37860211e+02	1.12072712e-01	6.85371868e-02
4.39438867e+02	1.11312127e-01	6.80367056e-02
4.41023215e+02	1.10564140e-01	6.75344200e-02
4.42613274e+02	1.09813455e-01	6.70303234e-02
4.44209067e+02	1.09060065e-01	6.65244094e-02
4.45810613e+02	1.08306024e-01	6.60189536e-02
4.47417933e+02	1.07569690e-01	6.55342359e-02
4.49031048e+02	1.06830701e-01	6.50477707e-02
4.50649979e+02	1.06089048e-01	6.45595515e-02
4.52274747e+02	1.05344721e-01	6.40695721e-02
4.53905373e+02	1.04616873e-01	6.35916729e-02
4.55541878e+02	1.03889659e-01	6.31144053e-02
4.57184284e+02	1.03159823e-01	6.26354169e-02
4.58832610e+02	1.02427356e-01	6.21547016e-02
4.60486880e+02	1.01706057e-01	6.16820273e-02
4.62147114e+02	1.00990716e-01	6.12137069e-02
4.63813333e+02	1.00272796e-01	6.07436981e-02
4.65485560e+02	9.95522878e-02	6.02719947e-02
4.67163816e+02	9.88375039e-02	5.98046052e-02
4.68848123e+02	9.81337055e-02	5.93453326e-02
4.70538502e+02	9.74273697e-02	5.88844042e-02
4.72234976e+02	9.67184872e-02	5.84218139e-02
4.73937567e+02	9.60101587e-02	5.79597953e-02
4.75646295e+02	9.53178556e-02	5.75094907e-02
4.77361185e+02	9.46230564e-02	5.70575625e-02
4.79082257e+02	9.39257523e-02	5.66040049e-02
4.80809534e+02	9.32259340e-02	5.61488121e-02
4.82543039e+02	9.25431265e-02	5.57058779e-02
4.84282794e+02	9.18598748e-02	5.52627825e-02
4.86028821e+02	9.11741597e-02	5.48180896e-02
4.87781144e+02	9.04859724e-02	5.43717934e-02
4.89539784e+02	8.98094785e-02	5.39339949e-02
4.91304765e+02	8.91375578e-02	5.34996179e-02
4.93076109e+02	8.84632146e-02	5.30636748e-02
4.94853840e+02	8.77864401e-02	5.26261599e-02
4.96637980e+02	8.71163673e-02	5.21966226e-02
4.98428553e+02	8.64559050e-02	5.17781065e-02
5.00225581e+02	8.57930614e-02	5.13580815e-02
5.02029088e+02	8.51278281e-02	5.09365421e-02
5.03839098e+02	8.44642547e-02	5.05134829e-02
5.05655633e+02	8.38150528e-02	5.00888985e-02
5.07478718e+02	8.31635102e-02	4.96627832e-02
5.09308376e+02	8.25096186e-02	4.92351316e-02
5.11144630e+02	8.18533695e-02	4.88059382e-02
5.12987505e+02	8.12144605e-02	4.83964841e-02
5.14837023e+02	8.05741111e-02	4.79864862e-02
5.16693211e+02	7.99314531e-02	4.75750101e-02
5.18556090e+02	7.92864780e-02	4.71620504e-02
5.20425686e+02	7.86609816e-02	4.67629286e-02
5.22302023e+02	7.80416820e-02	4.63683088e-02
5.24185124e+02	7.74201495e-02	4.59722663e-02
5.26075015e+02	7.67963762e-02	4.55747958e-02
5.27971719e+02	7.61703539e-02	4.51758924e-02
5.29875262e+02	7.55420746e-02	4.47755507e-02
5.31785668e+02	7.49115301e-02	4.43737656e-02
5.33702962e+02	7.42787122e-02	4.39705320e-02
5.35627168e+02	7.36510995e-02	4.35710771e-02
5.37558311e+02	7.30441117e-02	4.31861786e-02
5.39496418e+02	7.24349355e-02	4.27998925e-02
5.41441512e+02	7.18235630e-02	4.24122136e-02
5.43393618e+02	7.12101771e-02	4.20232709e-02
5.45352763e+02	7.06140543e-02	4.16465803e-02
5.47318971e+02	7.00157823e-02	4.12685316e-02
5.49292269e+02	6.94153533e-02	4.08891199e-02
5.51272680e+02	6.88127595e-02	4.05083403e-02
5.53260232e+02	6.82229114e-02	4.01366656e-02
5.55254950e+02	6.76353351e-02	3.97667400e-02
5.57256859e+02	6.70456404e-02	3.93954808e-02
5.59265987e+02	6.64538196e-02	3.90228830e-02
5.61282357e+02	6.58701278e-02	3.86560769e-02
5.63305998e+02	6.52932479e-02	3.82941475e-02
5.65336935e+02	6.47142883e-02	3.79309131e-02
5.67375194e+02	6.41332412e-02	3.75663692e-02
5.69420801e+02	6.35557344e-02	3.72044460e-02
5.71473784e+02	6.29894184e-02	3.68504863e-02
5.73534169e+02	6.24210605e-02	3.64952505e-02
5.75601982e+02	6.18506534e-02	3.61387339e-02
5.77677251e+02	6.12793406e-02	3.57817250e-02
5.79760001e+02	6.07236178e-02	3.54355923e-02
5.81850261e+02	6.01658914e-02	3.50882117e-02
5.83948057e+02	5.96061542e-02	3.47395786e-02
5.86053416e+02	5.90443989e-02	3.43896886e-02
5.88166366e+02	5.84959627e-02	3.40490600e-02
5.90286934e+02	5.79488266e-02	3.37094509e-02
5.92415147e+02	5.73997179e-02	3.33686173e-02
5.94551034e+02	5.68486294e-02	3.30265550e-02
5.96694621e+02	5.63063349e-02	3.26906795e-02
5.98845936e+02	5.57696795e-02	3.23588201e-02
6.01005008e+02	5.52310892e-02	3.20257642e-02
6.03171865e+02	5.46905572e-02	3.16915075e-02
6.05346533e+02	5.41573802e-02	3.13603954e-02
6.07529042e+02	5.36395868e-02	3.10361805e-02
6.09719420e+02	5.31199265e-02	3.07107967e-02
6.11917695e+02	5.25983927e-02	3.03842397e-02
6.14123896e+02	5.20749786e-02	3.00578724e-02
6.16338051e+02	5.15496773e-02	2.97410834e-02
6.18560188e+02	5.10224821e-02	2.94231523e-02
6.20790338e+02	5.04933862e-02	2.91040749e-02
6.23028528e+02	4.99623827e-02	2.87838470e-02
6.25274787e+02	4.94527901e-02	2.84729130e-02
6.27529146e+02	4.89446730e-02	2.81623418e-02
6.29791632e+02	4.84347239e-02	2.78506509e-02
6.32062275e+02	4.79229363e-02	2.75378363e-02
6.34341105e+02	4.74204049e-02	2.72314192e-02
6.36628150e+02	4.69223520e-02	2.69281614e-02
6.38923442e+02	4.64225034e-02	2.66238103e-02
6.41227009e+02	4.59208526e-02	2.63183619e-02
6.43538881e+02	4.54275413e-02	2.60164475e-02
6.45859088e+02	4.49475960e-02	2.57203624e-02
6.48187661e+02	4.44659203e-02	2.54232097e-02
6.50524629e+02	4.39825080e-02	2.51249857e-02
6.52870022e+02	4.34973528e-02	2.48275599e-02
6.55223872e+02	4.30104485e-02	2.45385907e-02
6.57586208e+02	4.25217886e-02	2.42485797e-02
6.59957062e+02	4.20313670e-02	2.39575231e-02
6.62336463e+02	4.15391771e-02	2.36654171e-02
6.64724443e+02	4.10686156e-02	2.33826586e-02
6.67121032e+02	4.05981913e-02	2.30996956e-02
6.69526262e+02	4.01260709e-02	2.28157125e-02
6.71940164e+02	3.96522483e-02	2.25307055e-02
6.74362769e+02	3.91934427e-02	2.22522712e-02
6.76794109e+02	3.87404985e-02	2.19762484e-02
6.79234214e+02	3.82859212e-02	2.16992304e-02
6.81683117e+02	3.78297050e-02	2.14212137e-02
6.84140849e+02	3.73718440e-02	2.11470896e-02
6.86607442e+02	3.69123322e-02	2.08778927e-02
6.89082928e+02	3.64511637e-02	2.06077253e-02
6.91567339e+02	3.59883325e-02	2.03365838e-02
6.94060708e+02	3.55290568e-02	2.00667476e-02
6.96563066e+02	3.50871043e-02	1.98042316e-02
6.99074446e+02	3.46435584e-02	1.95407691e-02
7.01594881e+02	3.41984134e-02	1.92763567e-02
7.04124402e+02	3.37516635e-02	1.90109911e-02
7.06663044e+02	3.33184213e-02	1.87548320e-02
7.09210839e+02	3.28839413e-02	1.84979672e-02
7.11767819e+02	3.24478947e-02	1.82401764e-02
7.14334018e+02	3.20102761e-02	1.79814561e-02
7.16909469e+02	3.15825062e-02	1.77293892e-02
7.19494206e+02	3.11571750e-02	1.74790566e-02
7.22088262e+02	3.07303104e-02	1.72278215e-02
7.24691670e+02	3.03019067e-02	1.69756805e-02
7.27304464e+02	2.98796469e-02	1.67276946e-02
7.29926679e+02	2.94634185e-02	1.64837901e-02
7.32558348e+02	2.90456896e-02	1.62390062e-02
7.35199505e+02	2.86264545e-02	1.59933397e-02
7.37850185e+02	2.82096991e-02	1.57494222e-02
7.40510421e+02	2.78023752e-02	1.55118429e-02
7.43180248e+02	2.73935828e-02	1.52734070e-02
7.45859701e+02	2.69833165e-02	1.50341114e-02
7.48548815e+02	2.65720223e-02	1.47942484e-02
7.51247624e+02	2.61735331e-02	1.45628691e-02
7.53956163e+02	2.57736072e-02	1.43306556e-02
7.56674467e+02	2.53722394e-02	1.40976049e-02
7.59402572e+02	2.49694245e-02	1.38637139e-02
7.62140513e+02	2.45766417e-02	1.36365102e-02
7.64888325e+02	2.41854351e-02	1.34104494e-02
7.67646044e+02	2.37928181e-02	1.31835737e-02
7.70413706e+02	2.33987855e-02	1.29558799e-02
7.73191346e+02	2.30113010e-02	1.27325713e-02
7.75979001e+02	2.26287819e-02	1.25126142e-02
7.78776706e+02	2.22448837e-02	1.22918641e-02
7.81584499e+02	2.18596014e-02	1.20703181e-02
7.84402414e+02	2.14774355e-02	1.18508754e-02
7.87230489e+02	2.11035100e-02	1.16368367e-02
7.90068760e+02	2.07282364e-02	1.14220264e-02
7.92917265e+02	2.03516098e-02	1.12064416e-02
7.95776039e+02	1.99747553e-02	1.09911552e-02
7.98645120e+02	1.96091671e-02	1.07871106e-02
8.01524546e+02	1.92422607e-02	1.05823304e-02
8.04414353e+02	1.88740316e-02	1.03768118e-02
8.07314579e+02	1.85044748e-02	1.01705523e-02
8.10225261e+02	1.81450437e-02	9.96354912e-03
8.13146437e+02	1.77864192e-02	9.75579962e-03
8.16078146e+02	1.74265017e-02	9.54730109e-03
8.19020424e+02	1.70652866e-02	9.33805085e-03
8.21973310e+02	1.67108524e-02	9.13600826e-03
8.24936843e+02	1.63603591e-02	8.93837780e-03
8.27911060e+02	1.60086022e-02	8.74003480e-03
8.30896001e+02	1.56555771e-02	8.54097670e-03
8.33891703e+02	1.53061552e-02	8.34431655e-03
8.36898206e+02	1.49637559e-02	8.15223964e-03
8.39915549e+02	1.46201222e-02	7.95947021e-03
8.42943770e+02	1.42752495e-02	7.76600577e-03
8.45982910e+02	1.39308580e-02	7.57346157e-03
8.49033006e+02	1.35964020e-02	7.39070798e-03
8.52094100e+02	1.32607401e-02	7.20729550e-03
8.55166229e+02	1.29238680e-02	7.02322174e-03
8.58249435e+02	1.25857814e-02	6.83848433e-03
8.61343758e+02	1.22577571e-02	6.65308086e-03
8.64449236e+02	1.19298510e-02	6.46700895e-03
8.67565911e+02	1.16007626e-02	6.28026617e-03
8.70693822e+02	1.12704877e-02	6.09285011e-03
8.73833011e+02	1.09472822e-02	5.91269429e-03
8.76983518e+02	1.06271799e-02	5.73598988e-03
8.80145384e+02	1.03059235e-02	5.55864838e-03
8.83318650e+02	9.98350879e-03	5.38066749e-03
8.86503356e+02	9.66511767e-03	5.20527921e-03
8.89699545e+02	9.35267703e-03	5.03368559e-03
8.92907257e+02	9.03910992e-03	4.86147331e-03
8.96126534e+02	8.72441228e-03	4.68864013e-03
8.99357418e+02	8.41080803e-03	4.51658196e-03
9.02599950e+02	8.10587332e-03	4.35005335e-03
9.05854173e+02	7.79983921e-03	4.18292435e-03
9.09120129e+02	7.49270173e-03	4.01519278e-03
9.12397859e+02	7.18445690e-03	3.84685647e-03
9.15687408e+02	6.88636246e-03	3.68493347e-03
9.18988816e+02	6.58780707e-03	3.52280928e-03
9.22302127e+02	6.28817526e-03	3.36010058e-03
9.25627384e+02	5.98746317e-03	3.19680525e-03
9.28964630e+02	5.69393156e-03	3.03804246e-03
9.32313908e+02	5.40270207e-03	2.88078957e-03
9.35675261e+02	5.11042257e-03	2.72296973e-03
9.39048733e+02	4.81708930e-03	2.56458089e-03
9.42434368e+02	4.52806644e-03	2.40895276e-03
9.45832210e+02	4.24396381e-03	2.25646415e-03
9.49242302e+02	3.95883687e-03	2.10342575e-03
9.52664689e+02	3.67268194e-03	1.94983559e-03
9.56099414e+02	3.38813566e-03	1.79732038e-03
9.59546524e+02	3.11107412e-03	1.64950510e-03
9.63006061e+02	2.83301367e-03	1.50115689e-03
9.66478072e+02	2.55395070e-03	1.35227382e-03
9.69962600e+02	2.27388160e-03	1.20285398e-03
