# W0 [GeV]	Sigma_LHeC [pb]	Sigma_muLHC [pb]	Sigma_FCCmuh [pb]
2.00000000e+02	2.39874092e-04	9.87064795e-04	2.78330704e-03
2.00633844e+02	2.39309030e-04	9.85421256e-04	2.77934015e-03
2.01269697e+02	2.38742178e-04	9.83772509e-04	2.77536068e-03
2.01907565e+02	2.37854012e-04	9.81178015e-04	2.76908745e-03
2.02547454e+02	2.36432250e-04	9.77012901e-04	2.75900486e-03
2.03189372e+02	2.35005982e-04	9.72834586e-04	2.74889033e-03
2.03833324e+02	2.33575193e-04	9.68643029e-04	2.73874373e-03
2.04479316e+02	2.32139870e-04	9.64438188e-04	2.72856498e-03
2.05127356e+02	2.30475502e-04	9.59525658e-04	2.71664254e-03
2.05777450e+02	2.28626964e-04	9.54044245e-04	2.70331853e-03
2.06429604e+02	2.26772569e-04	9.48545460e-04	2.68995229e-03
2.07083825e+02	2.24912296e-04	9.43029249e-04	2.67654369e-03
2.07740119e+02	2.23046128e-04	9.37495555e-04	2.66309260e-03
2.08398493e+02	2.21050442e-04	9.31520240e-04	2.64851571e-03
2.09058954e+02	2.19004417e-04	9.25374971e-04	2.63350691e-03
2.09721508e+02	2.16951906e-04	9.19210226e-04	2.61845054e-03
2.10386161e+02	2.14892892e-04	9.13025944e-04	2.60334645e-03
2.11052921e+02	2.12827351e-04	9.06822062e-04	2.58819450e-03
2.11721795e+02	2.10705384e-04	9.00372925e-04	2.57236870e-03
2.12392788e+02	2.08572263e-04	8.93883322e-04	2.55643719e-03
2.13065907e+02	2.06432383e-04	8.87373153e-04	2.54045520e-03
2.13741160e+02	2.04285720e-04	8.80842351e-04	2.52442255e-03
2.14418553e+02	2.02133562e-04	8.74286236e-04	2.50831971e-03
2.15098092e+02	1.99986466e-04	8.67667414e-04	2.49198974e-03
2.15779785e+02	1.97832566e-04	8.61027615e-04	2.47560802e-03
2.16463639e+02	1.95671839e-04	8.54366773e-04	2.45917438e-03
2.17149660e+02	1.93504265e-04	8.47684821e-04	2.44268866e-03
2.17837855e+02	1.91345337e-04	8.41004733e-04	2.42618491e-03
2.18528231e+02	1.89219490e-04	8.34362753e-04	2.40971690e-03
2.19220795e+02	1.87086905e-04	8.27699723e-04	2.39319670e-03
2.19915554e+02	1.84947562e-04	8.21015576e-04	2.37662414e-03
2.20612515e+02	1.82801439e-04	8.14310246e-04	2.35999906e-03
2.21311685e+02	1.80710086e-04	8.07660009e-04	2.34347451e-03
2.22013070e+02	1.78684213e-04	8.01078102e-04	2.32707702e-03
2.22716678e+02	1.76651919e-04	7.94475335e-04	2.31062757e-03
2.23422516e+02	1.74613185e-04	7.87851643e-04	2.29412599e-03
2.24130592e+02	1.72567989e-04	7.81206959e-04	2.27757210e-03
2.24840911e+02	1.70516311e-04	7.74683785e-04	2.26146043e-03
2.25553481e+02	1.68458132e-04	7.68219648e-04	2.24557428e-03
2.26268310e+02	1.66393429e-04	7.61735025e-04	2.22963778e-03
2.26985404e+02	1.64322183e-04	7.55229851e-04	2.21365077e-03
2.27704771e+02	1.62244373e-04	7.48704060e-04	2.19761310e-03
2.28426417e+02	1.60288566e-04	7.42371215e-04	2.18152460e-03
2.29150351e+02	1.58354329e-04	7.36064433e-04	2.16538511e-03
2.29876579e+02	1.56413962e-04	7.29737663e-04	2.14919447e-03
2.30605108e+02	1.54467446e-04	7.23390841e-04	2.13295252e-03
2.31335946e+02	1.52515155e-04	7.17024893e-04	2.11666225e-03
2.32069101e+02	1.50669988e-04	7.10921943e-04	2.10122320e-03
2.32804579e+02	1.48818973e-04	7.04799651e-04	2.08573523e-03
2.33542388e+02	1.46962092e-04	6.98657956e-04	2.07019817e-03
2.34282535e+02	1.45099325e-04	6.92496797e-04	2.05461188e-03
2.35025028e+02	1.43251903e-04	6.86370694e-04	2.03910049e-03
2.35769874e+02	1.41492893e-04	6.80467329e-04	2.02409142e-03
2.36517081e+02	1.39728307e-04	6.74545256e-04	2.00903479e-03
2.37266655e+02	1.37958129e-04	6.68604414e-04	1.99393045e-03
2.38018606e+02	1.36182341e-04	6.62644745e-04	1.97877823e-03
2.38772939e+02	1.34462687e-04	6.56776029e-04	1.96382850e-03
2.39529663e+02	1.32845181e-04	6.51080076e-04	1.94926784e-03
2.40288785e+02	1.31222549e-04	6.45366072e-04	1.93466102e-03
2.41050313e+02	1.29594774e-04	6.39633959e-04	1.92000792e-03
2.41814255e+02	1.27961841e-04	6.33883679e-04	1.90530837e-03
2.42580617e+02	1.26323733e-04	6.28280533e-04	1.89094130e-03
2.43349409e+02	1.24680433e-04	6.22797427e-04	1.87684457e-03
2.44120637e+02	1.23031925e-04	6.17296943e-04	1.86270317e-03
2.44894309e+02	1.21378193e-04	6.11779028e-04	1.84851695e-03
2.45670433e+02	1.19719219e-04	6.06243625e-04	1.83428577e-03
2.46449016e+02	1.18177056e-04	6.00908225e-04	1.82051646e-03
2.47230067e+02	1.16675993e-04	5.95637874e-04	1.80689452e-03
2.48013594e+02	1.15170174e-04	5.90350820e-04	1.79322941e-03
2.48799604e+02	1.13659582e-04	5.85047010e-04	1.77952099e-03
2.49588104e+02	1.12144202e-04	5.79726392e-04	1.76576912e-03
2.50379104e+02	1.10720028e-04	5.74652843e-04	1.75259628e-03
2.51172610e+02	1.09301147e-04	5.69590174e-04	1.73944528e-03
2.51968632e+02	1.07877768e-04	5.64511459e-04	1.72625260e-03
2.52767176e+02	1.06449879e-04	5.59416650e-04	1.71301811e-03
2.53568251e+02	1.05026390e-04	5.54330879e-04	1.69980083e-03
2.54371864e+02	1.03690669e-04	5.49489395e-04	1.68715323e-03
2.55178025e+02	1.02350715e-04	5.44632567e-04	1.67446554e-03
2.55986740e+02	1.01006515e-04	5.39760346e-04	1.66173763e-03
2.56798018e+02	9.96580542e-05	5.34872684e-04	1.64896940e-03
2.57611868e+02	9.83312742e-05	5.30043342e-04	1.63633523e-03
2.58428296e+02	9.70708918e-05	5.25399474e-04	1.62413579e-03
2.59247313e+02	9.58065150e-05	5.20740889e-04	1.61189769e-03
2.60068924e+02	9.45381310e-05	5.16067539e-04	1.59962081e-03
2.60893140e+02	9.32657273e-05	5.11379379e-04	1.58730502e-03
2.61719968e+02	9.20490062e-05	5.06794808e-04	1.57523367e-03
2.62549416e+02	9.09015398e-05	5.02340725e-04	1.56347113e-03
2.63381493e+02	8.97504368e-05	4.97872525e-04	1.55167131e-03
2.64216207e+02	8.85956857e-05	4.93390165e-04	1.53983409e-03
2.65053566e+02	8.74372750e-05	4.88893600e-04	1.52795936e-03
2.65893579e+02	8.62751930e-05	4.84543953e-04	1.51643253e-03
2.66736255e+02	8.51094282e-05	4.80275006e-04	1.50509520e-03
2.67581600e+02	8.39399687e-05	4.75992530e-04	1.49372193e-03
2.68429625e+02	8.27668030e-05	4.71696481e-04	1.48231262e-03
2.69280338e+02	8.15899193e-05	4.67386818e-04	1.47086715e-03
2.70133747e+02	8.05128860e-05	4.63352595e-04	1.45986036e-03
2.70989860e+02	7.94565193e-05	4.59372797e-04	1.44892911e-03
2.71848686e+02	7.83968049e-05	4.55380385e-04	1.43796321e-03
2.72710235e+02	7.73337319e-05	4.51375320e-04	1.42696256e-03
2.73574514e+02	7.62672898e-05	4.47357563e-04	1.41592704e-03
2.74441531e+02	7.52746545e-05	4.43327072e-04	1.40541806e-03
2.75311297e+02	7.42794661e-05	4.39283808e-04	1.39488008e-03
2.76183819e+02	7.32811237e-05	4.35227730e-04	1.38430871e-03
2.77059106e+02	7.22796173e-05	4.31158797e-04	1.37370384e-03
2.77937168e+02	7.12876601e-05	4.27136685e-04	1.36315896e-03
2.78818012e+02	7.03533970e-05	4.23387370e-04	1.35302826e-03
2.79701647e+02	6.94161730e-05	4.19626172e-04	1.34286546e-03
2.80588083e+02	6.84759788e-05	4.15853054e-04	1.33267045e-03
2.81477329e+02	6.75328049e-05	4.12067979e-04	1.32244313e-03
2.82369392e+02	6.66111407e-05	4.08346393e-04	1.31236446e-03
2.83264283e+02	6.57313377e-05	4.04750995e-04	1.30258483e-03
2.84162010e+02	6.48487465e-05	4.01144203e-04	1.29277421e-03
2.85062582e+02	6.39633581e-05	3.97525981e-04	1.28293249e-03
2.85966008e+02	6.30751637e-05	3.93896291e-04	1.27305958e-03
2.86872297e+02	6.22344261e-05	3.90364149e-04	1.26342024e-03
2.87781459e+02	6.14348113e-05	3.86915797e-04	1.25398103e-03
2.88693502e+02	6.06326624e-05	3.83456516e-04	1.24451191e-03
2.89608435e+02	5.98279712e-05	3.79986272e-04	1.23501278e-03
2.90526268e+02	5.90207299e-05	3.76505031e-04	1.22548354e-03
2.91447009e+02	5.82109302e-05	3.73152073e-04	1.21626638e-03
2.92370669e+02	5.73985640e-05	3.69843937e-04	1.20715622e-03
2.93297256e+02	5.65836233e-05	3.66525316e-04	1.19801720e-03
2.94226780e+02	5.57660999e-05	3.63196178e-04	1.18884921e-03
2.95159249e+02	5.49459856e-05	3.59856489e-04	1.17965216e-03
2.96094674e+02	5.42039593e-05	3.56673088e-04	1.17102423e-03
2.97033063e+02	5.34689192e-05	3.53498909e-04	1.16243819e-03
2.97974426e+02	5.27315495e-05	3.50314671e-04	1.15382494e-03
2.98918773e+02	5.19918430e-05	3.47120341e-04	1.14518439e-03
2.99866112e+02	5.12539979e-05	3.43929491e-04	1.13651646e-03
3.00816454e+02	5.05641145e-05	3.40891216e-04	1.12782106e-03
3.01769807e+02	4.98720447e-05	3.37843313e-04	1.11909809e-03
3.02726182e+02	4.91777816e-05	3.34785749e-04	1.11034749e-03
3.03685588e+02	4.84813182e-05	3.31718496e-04	1.10156915e-03
3.04648035e+02	4.77958563e-05	3.28684881e-04	1.09293019e-03
3.05613531e+02	4.71462428e-05	3.25766458e-04	1.08474510e-03
3.06582088e+02	4.64945705e-05	3.22838785e-04	1.07653408e-03
3.07553714e+02	4.58408329e-05	3.19901835e-04	1.06829703e-03
3.08528419e+02	4.51850235e-05	3.16955577e-04	1.06003388e-03
3.09506214e+02	4.45483095e-05	3.14071231e-04	1.05192103e-03
3.10487107e+02	4.39366918e-05	3.11268986e-04	1.04400847e-03
3.11471109e+02	4.33231357e-05	3.08457859e-04	1.03607083e-03
3.12458230e+02	4.27076352e-05	3.05637824e-04	1.02810803e-03
3.13448479e+02	4.20901840e-05	3.02808851e-04	1.02012000e-03
3.14441866e+02	4.14989883e-05	3.00066725e-04	1.01234646e-03
3.15438401e+02	4.09232604e-05	2.97374802e-04	1.00469570e-03
3.16438095e+02	4.03457079e-05	2.94674348e-04	9.97020683e-04
3.17440957e+02	3.97663249e-05	2.91965335e-04	9.89321347e-04
3.18446997e+02	3.91851058e-05	2.89247737e-04	9.81597610e-04
3.19456226e+02	3.86363130e-05	2.86639335e-04	9.74147453e-04
3.20468653e+02	3.80943304e-05	2.84052058e-04	9.66748045e-04
3.21484289e+02	3.75506302e-05	2.81456582e-04	9.59325188e-04
3.22503143e+02	3.70052068e-05	2.78852880e-04	9.51878805e-04
3.23525227e+02	3.64580549e-05	2.76240926e-04	9.44408823e-04
3.24550549e+02	3.59487489e-05	2.73759723e-04	9.37265468e-04
3.25579121e+02	3.54385815e-05	2.71273301e-04	9.30106136e-04
3.26610953e+02	3.49267972e-05	2.68778999e-04	9.22924113e-04
3.27646055e+02	3.44133910e-05	2.66276791e-04	9.15719330e-04
3.28684438e+02	3.39045460e-05	2.63788614e-04	9.08547076e-04
3.29726111e+02	3.34261057e-05	2.61406166e-04	9.01638531e-04
3.30771086e+02	3.29461492e-05	2.59016167e-04	8.94708092e-04
3.31819372e+02	3.24646716e-05	2.56618594e-04	8.87755689e-04
3.32870981e+02	3.19816680e-05	2.54213422e-04	8.80781252e-04
3.33925922e+02	3.15094871e-05	2.51884827e-04	8.73898436e-04
3.34984207e+02	3.10595093e-05	2.49710384e-04	8.67211987e-04
3.36045845e+02	3.06081055e-05	2.47529050e-04	8.60504347e-04
3.37110849e+02	3.01552710e-05	2.45340802e-04	8.53775449e-04
3.38179227e+02	2.97010015e-05	2.43145620e-04	8.47025225e-04
3.39250992e+02	2.92630306e-05	2.40943481e-04	8.40421522e-04
3.40326153e+02	2.88398251e-05	2.38734363e-04	8.33949799e-04
3.41404721e+02	2.84152783e-05	2.36518243e-04	8.27457565e-04
3.42486708e+02	2.79893860e-05	2.34295100e-04	8.20944756e-04
3.43572124e+02	2.75621440e-05	2.32064912e-04	8.14411307e-04
3.44660979e+02	2.71561446e-05	2.29827655e-04	8.08074082e-04
3.45753286e+02	2.67583466e-05	2.27583308e-04	8.01807858e-04
3.46849054e+02	2.63592878e-05	2.25331849e-04	7.95521775e-04
3.47948295e+02	2.59589643e-05	2.23073254e-04	7.89215771e-04
3.49051020e+02	2.55573721e-05	2.20807501e-04	7.82889781e-04
3.50157239e+02	2.51813101e-05	2.18749791e-04	7.76806793e-04
3.51266965e+02	2.48075305e-05	2.16713457e-04	7.70738623e-04
3.52380207e+02	2.44325663e-05	2.14670670e-04	7.64651222e-04
3.53496977e+02	2.40564137e-05	2.12621408e-04	7.58544529e-04
3.54617287e+02	2.36818014e-05	2.10572961e-04	7.52446165e-04
3.55741147e+02	2.33445983e-05	2.08621267e-04	7.46719497e-04
3.56868569e+02	2.30063265e-05	2.06663387e-04	7.40974680e-04
3.57999564e+02	2.26669826e-05	2.04699302e-04	7.35211657e-04
3.59134144e+02	2.23265633e-05	2.02728993e-04	7.29430369e-04
3.60272319e+02	2.19850652e-05	2.00778496e-04	7.23630760e-04
3.61414101e+02	2.16424847e-05	1.98901359e-04	7.17812770e-04
3.62559502e+02	2.12988185e-05	1.97018274e-04	7.11976341e-04
3.63708533e+02	2.09540632e-05	1.95129220e-04	7.06121416e-04
3.64861205e+02	2.06082153e-05	1.93234180e-04	7.00247935e-04
3.66017531e+02	2.02782594e-05	1.91376228e-04	6.94531059e-04
3.67177521e+02	1.99700074e-05	1.89570099e-04	6.89030710e-04
3.68341187e+02	1.96607786e-05	1.87758245e-04	6.83512929e-04
3.69508542e+02	1.93505697e-05	1.85940649e-04	6.77977661e-04
3.70679595e+02	1.90393778e-05	1.84117293e-04	6.72424850e-04
3.71854361e+02	1.87418384e-05	1.82347921e-04	6.67011204e-04
3.73032849e+02	1.84527837e-05	1.80611430e-04	6.61681357e-04
3.74215072e+02	1.81628128e-05	1.78869436e-04	6.56334619e-04
3.75401042e+02	1.78719230e-05	1.77121920e-04	6.50970935e-04
3.76590771e+02	1.75801113e-05	1.75368867e-04	6.45590253e-04
3.77784270e+02	1.73052298e-05	1.73685137e-04	6.40482512e-04
3.78981551e+02	1.70342456e-05	1.72016069e-04	6.35436031e-04
3.80182627e+02	1.67624027e-05	1.70341711e-04	6.30373556e-04
3.81387510e+02	1.64896981e-05	1.68662046e-04	6.25295037e-04
3.82596211e+02	1.62161294e-05	1.66977058e-04	6.20200423e-04
3.83808742e+02	1.59624411e-05	1.65375043e-04	6.15089663e-04
3.85025117e+02	1.57085836e-05	1.63770654e-04	6.09962706e-04
3.86245346e+02	1.54539216e-05	1.62161179e-04	6.04819500e-04
3.87469442e+02	1.51984526e-05	1.60546604e-04	5.99659995e-04
3.88697418e+02	1.49465943e-05	1.58940105e-04	5.94538785e-04
3.89929286e+02	1.47188083e-05	1.57402743e-04	5.89708809e-04
3.91165058e+02	1.44903004e-05	1.55860509e-04	5.84863526e-04
3.92404746e+02	1.42610683e-05	1.54313388e-04	5.80002886e-04
3.93648363e+02	1.40311097e-05	1.52761363e-04	5.75126842e-04
3.94895921e+02	1.38004223e-05	1.51232111e-04	5.70311231e-04
3.96147433e+02	1.35690039e-05	1.49753838e-04	5.65633342e-04
3.97402912e+02	1.33368520e-05	1.48270880e-04	5.60940628e-04
3.98662369e+02	1.31039643e-05	1.46783223e-04	5.56233042e-04
3.99925818e+02	1.28703386e-05	1.45290850e-04	5.51510536e-04
4.01193271e+02	1.26582922e-05	1.43854590e-04	5.46886364e-04
4.02464741e+02	1.24668182e-05	1.42471688e-04	5.42355379e-04
4.03740240e+02	1.22747373e-05	1.41084404e-04	5.37810033e-04
4.05019782e+02	1.20820477e-05	1.39692724e-04	5.33250283e-04
4.06303378e+02	1.18887474e-05	1.38296633e-04	5.28676082e-04
4.07591043e+02	1.16948345e-05	1.36896117e-04	5.24236364e-04
4.08882789e+02	1.15003071e-05	1.35491163e-04	5.19848496e-04
4.10178629e+02	1.13051631e-05	1.34081756e-04	5.15446722e-04
4.11478575e+02	1.11094007e-05	1.32667882e-04	5.11030997e-04
4.12782641e+02	1.09130179e-05	1.31249528e-04	5.06601278e-04
4.14090840e+02	1.07160127e-05	1.29928240e-04	5.02339824e-04
4.15403185e+02	1.05183831e-05	1.28617374e-04	4.98091088e-04
4.16719689e+02	1.03201273e-05	1.27302353e-04	4.93828887e-04
4.18040366e+02	1.01212431e-05	1.25983165e-04	4.89553178e-04
4.19365228e+02	9.92351922e-06	1.24663801e-04	4.85275057e-04
4.20694288e+02	9.75587234e-06	1.23408924e-04	4.81174369e-04
4.22027561e+02	9.58769414e-06	1.22150070e-04	4.77060685e-04
4.23365059e+02	9.41898295e-06	1.20887226e-04	4.72933963e-04
4.24706796e+02	9.24973708e-06	1.19620380e-04	4.68794164e-04
4.26052786e+02	9.08328591e-06	1.18366054e-04	4.64687532e-04
4.27403041e+02	8.92710581e-06	1.17161356e-04	4.60717938e-04
4.28757575e+02	8.77043074e-06	1.15952840e-04	4.56735764e-04
4.30116402e+02	8.61325914e-06	1.14740494e-04	4.52740969e-04
4.31479536e+02	8.45558942e-06	1.13524305e-04	4.48733514e-04
4.32846989e+02	8.30298513e-06	1.12332244e-04	4.44792491e-04
4.34218777e+02	8.15769622e-06	1.11175619e-04	4.40949873e-04
4.35594912e+02	8.01194686e-06	1.10015327e-04	4.37095077e-04
4.36975408e+02	7.86573559e-06	1.08851359e-04	4.33228065e-04
4.38360279e+02	7.71906095e-06	1.07683702e-04	4.29348797e-04
4.39749539e+02	7.57941596e-06	1.06586347e-04	4.25567415e-04
4.41143202e+02	7.44438155e-06	1.05535409e-04	4.21848338e-04
4.42541282e+02	7.30891918e-06	1.04481141e-04	4.18117474e-04
4.43943793e+02	7.17302751e-06	1.03423531e-04	4.14374787e-04
4.45350749e+02	7.03670517e-06	1.02362570e-04	4.10620238e-04
4.46762163e+02	6.90908035e-06	1.01298247e-04	4.06993787e-04
4.48178051e+02	6.78365282e-06	1.00230550e-04	4.03395739e-04
4.49598426e+02	6.65782778e-06	9.91594697e-05	3.99786288e-04
4.51023302e+02	6.53160397e-06	9.80849947e-05	3.96165398e-04
4.52452694e+02	6.40498014e-06	9.70071146e-05	3.92533032e-04
4.53886616e+02	6.28851757e-06	9.59258184e-05	3.89056344e-04
4.55325083e+02	6.17213502e-06	9.48410953e-05	3.85575746e-04
4.56768108e+02	6.05538364e-06	9.37529345e-05	3.82084117e-04
4.58215707e+02	5.93826224e-06	9.26613251e-05	3.78581423e-04
4.59667893e+02	5.82221928e-06	9.15834917e-05	3.75091157e-04
4.61124682e+02	5.71472188e-06	9.06082187e-05	3.71734507e-04
4.62586088e+02	5.60688379e-06	8.96298548e-05	3.68367220e-04
4.64052125e+02	5.49870394e-06	8.86483902e-05	3.64989260e-04
4.65522808e+02	5.39018124e-06	8.76638152e-05	3.61600595e-04
4.66998152e+02	5.28442946e-06	8.66941322e-05	3.58278534e-04
4.68478172e+02	5.18494461e-06	8.57595540e-05	3.55109879e-04
4.69962883e+02	5.08514446e-06	8.48220139e-05	3.51931181e-04
4.71452299e+02	4.98502802e-06	8.38815025e-05	3.48742409e-04
4.72946435e+02	4.88459429e-06	8.29380105e-05	3.45543531e-04
4.74445306e+02	4.78841423e-06	8.20186403e-05	3.42334516e-04
4.75948928e+02	4.69647715e-06	8.11233251e-05	3.39115330e-04
4.77457315e+02	4.60424870e-06	8.02251724e-05	3.35885942e-04
4.78970482e+02	4.51172796e-06	7.93241733e-05	3.32646319e-04
4.80488445e+02	4.41891401e-06	7.84203188e-05	3.29396429e-04
4.82011218e+02	4.33417513e-06	7.75491308e-05	3.26298854e-04
4.83538818e+02	4.25306601e-06	7.66917319e-05	3.23267205e-04
4.85071259e+02	4.17169983e-06	7.58316158e-05	3.20225948e-04
4.86608557e+02	4.09007579e-06	7.49687738e-05	3.17175053e-04
4.88150726e+02	4.00819307e-06	7.41031972e-05	3.14114488e-04
4.89697783e+02	3.92605084e-06	7.32781369e-05	3.11173838e-04
4.91249743e+02	3.84364828e-06	7.24573180e-05	3.08244412e-04
4.92806622e+02	3.76098457e-06	7.16338978e-05	3.05305701e-04
4.94368435e+02	3.67805888e-06	7.08078680e-05	3.02357677e-04
4.95935197e+02	3.59538349e-06	6.99813549e-05	2.99406711e-04
4.97506925e+02	3.52356905e-06	6.91984951e-05	2.96585160e-04
4.99083634e+02	3.45152702e-06	6.84131541e-05	2.93754667e-04
5.00665340e+02	3.37925667e-06	6.76253243e-05	2.90915204e-04
5.02252058e+02	3.30675728e-06	6.68349977e-05	2.88066741e-04
5.03843806e+02	3.23558680e-06	6.60526658e-05	2.85255716e-04
5.05440598e+02	3.16956952e-06	6.53040867e-05	2.82596123e-04
5.07042450e+02	3.10334301e-06	6.45531352e-05	2.79928102e-04
5.08649379e+02	3.03690662e-06	6.37998038e-05	2.77251624e-04
5.10261401e+02	2.97025968e-06	6.30440849e-05	2.74566665e-04
5.11878532e+02	2.90600937e-06	6.23040976e-05	2.71873196e-04
5.13500787e+02	2.84538022e-06	6.15883503e-05	2.69171191e-04
5.15128184e+02	2.78455893e-06	6.08703347e-05	2.66460623e-04
5.16760739e+02	2.72354488e-06	6.01500435e-05	2.63741465e-04
5.18398468e+02	2.66233747e-06	5.94274696e-05	2.61013689e-04
5.20041386e+02	2.60445895e-06	5.87277518e-05	2.58397393e-04
5.21689512e+02	2.54888352e-06	5.80435651e-05	2.55857592e-04
5.23342861e+02	2.49313196e-06	5.73572101e-05	2.53309742e-04
5.25001450e+02	2.43720371e-06	5.66686798e-05	2.50753818e-04
5.26665295e+02	2.38109822e-06	5.59779674e-05	2.48189793e-04
5.28334413e+02	2.32911349e-06	5.53168182e-05	2.45717334e-04
5.30008821e+02	2.27826873e-06	5.46632109e-05	2.43267297e-04
5.31688536e+02	2.22726282e-06	5.40075323e-05	2.40809496e-04
5.33373574e+02	2.17609526e-06	5.33497756e-05	2.38343905e-04
5.35063952e+02	2.12476555e-06	5.26899344e-05	2.35870500e-04
5.36759687e+02	2.07819621e-06	5.20656770e-05	2.33507787e-04
5.38460797e+02	2.03174846e-06	5.14415012e-05	2.31144067e-04
5.40167298e+02	1.98515350e-06	5.08153472e-05	2.28772856e-04
5.41879207e+02	1.93841088e-06	5.01872088e-05	2.26394129e-04
5.43596541e+02	1.89214038e-06	4.95620033e-05	2.24023415e-04
5.45319318e+02	1.84991566e-06	4.89680958e-05	2.21750293e-04
5.47047555e+02	1.80755713e-06	4.83723060e-05	2.19469967e-04
5.48781269e+02	1.76506435e-06	4.77746281e-05	2.17182414e-04
5.50520478e+02	1.72243691e-06	4.71750560e-05	2.14887612e-04
5.52265199e+02	1.68104939e-06	4.65849609e-05	2.12621796e-04
5.54015449e+02	1.64259817e-06	4.60183762e-05	2.10429686e-04
5.55771246e+02	1.60402510e-06	4.54499960e-05	2.08230630e-04
5.57532607e+02	1.56532978e-06	4.48798144e-05	2.06024604e-04
5.59299550e+02	1.52651183e-06	4.43078258e-05	2.03811587e-04
5.61072094e+02	1.48958909e-06	4.37512642e-05	2.01647090e-04
5.62850255e+02	1.45464736e-06	4.32108602e-05	1.99533463e-04
5.64634051e+02	1.41959489e-06	4.26687436e-05	1.97413138e-04
5.66423501e+02	1.38443133e-06	4.21249088e-05	1.95286093e-04
5.68218621e+02	1.34915633e-06	4.15793505e-05	1.93152307e-04
5.70019431e+02	1.31632446e-06	4.10651355e-05	1.91120066e-04
5.71825948e+02	1.28464051e-06	4.05654971e-05	1.89134458e-04
5.73638191e+02	1.25285616e-06	4.00642752e-05	1.87142557e-04
5.75456176e+02	1.22097107e-06	3.95614648e-05	1.85144343e-04
5.77279924e+02	1.18898493e-06	3.90570610e-05	1.83139797e-04
5.79109451e+02	1.15988829e-06	3.85510585e-05	1.81128897e-04
5.80944776e+02	1.13121862e-06	3.80434524e-05	1.79111625e-04
5.82785918e+02	1.10245808e-06	3.75342376e-05	1.77087960e-04
5.84632895e+02	1.07360639e-06	3.70234090e-05	1.75057881e-04
5.86485725e+02	1.04477055e-06	3.65125465e-05	1.73026650e-04
5.88344428e+02	1.01897677e-06	3.60463595e-05	1.71143235e-04
5.90209021e+02	9.93101247e-07	3.55786949e-05	1.69253852e-04
5.92079523e+02	9.67143717e-07	3.51095483e-05	1.67358482e-04
5.93955953e+02	9.41103922e-07	3.46389148e-05	1.65457104e-04
5.95838330e+02	9.15617335e-07	3.41731178e-05	1.63571151e-04
5.97726673e+02	8.92389389e-07	3.37291310e-05	1.61758157e-04
5.99621000e+02	8.69087829e-07	3.32837372e-05	1.59939417e-04
6.01521331e+02	8.45712421e-07	3.28369318e-05	1.58114913e-04
6.03427685e+02	8.22262931e-07	3.23887104e-05	1.56284627e-04
6.05340080e+02	7.99814087e-07	3.19503665e-05	1.54486446e-04
6.07258536e+02	7.78944748e-07	3.15279820e-05	1.52740772e-04
6.09183072e+02	7.58009270e-07	3.11042589e-05	1.50989566e-04
6.11113707e+02	7.37007443e-07	3.06791929e-05	1.49232809e-04
6.13050461e+02	7.15939057e-07	3.02527798e-05	1.47470485e-04
6.14993353e+02	6.96240007e-07	2.98407505e-05	1.45756116e-04
6.16942402e+02	6.77539129e-07	2.94390363e-05	1.44075853e-04
6.18897628e+02	6.58778984e-07	2.90360490e-05	1.42390265e-04
6.20859051e+02	6.39959383e-07	2.86317845e-05	1.40699335e-04
6.22826690e+02	6.21080140e-07	2.82262388e-05	1.39003047e-04
6.24800565e+02	6.03867263e-07	2.78391381e-05	1.37369778e-04
6.26780696e+02	5.87156717e-07	2.74571756e-05	1.35753399e-04
6.28767102e+02	5.70393211e-07	2.70740026e-05	1.34131896e-04
6.30759803e+02	5.53576577e-07	2.66896153e-05	1.32505255e-04
6.32758820e+02	5.36706648e-07	2.63040097e-05	1.30873459e-04
6.34764172e+02	5.21735592e-07	2.59405589e-05	1.29318487e-04
6.36775879e+02	5.06848153e-07	2.55775255e-05	1.27764093e-04
6.38793962e+02	4.91913533e-07	2.52133416e-05	1.26204772e-04
6.40818441e+02	4.76931581e-07	2.48480036e-05	1.24640509e-04
6.42849335e+02	4.62125681e-07	2.44843240e-05	1.23085802e-04
6.44886666e+02	4.48945872e-07	2.41405706e-05	1.21634789e-04
6.46930454e+02	4.35724294e-07	2.37957277e-05	1.20179179e-04
6.48980719e+02	4.22460814e-07	2.34497920e-05	1.18718954e-04
6.51037482e+02	4.09155300e-07	2.31027599e-05	1.17254103e-04
6.53100763e+02	3.96320633e-07	2.27614597e-05	1.15784608e-04
6.55170583e+02	3.84650905e-07	2.24351325e-05	1.14310457e-04
6.57246963e+02	3.72944194e-07	2.21077712e-05	1.12831634e-04
6.59329923e+02	3.61200382e-07	2.17793723e-05	1.11348124e-04
6.61419485e+02	3.49419351e-07	2.14499327e-05	1.09859912e-04
6.63515669e+02	3.38347214e-07	2.11298637e-05	1.08424888e-04
6.65618496e+02	3.28050812e-07	2.08200966e-05	1.07048233e-04
6.67727987e+02	3.17721778e-07	2.05093478e-05	1.05667215e-04
6.69844164e+02	3.07360008e-07	2.01976142e-05	1.04281820e-04
6.71967048e+02	2.96965400e-07	1.98848926e-05	1.02892034e-04
6.74096659e+02	2.87467539e-07	1.95849924e-05	1.01547986e-04
6.76233020e+02	2.78418303e-07	1.92912543e-05	1.00225498e-04
6.78376151e+02	2.69340388e-07	1.89965853e-05	9.88988183e-05
6.80526075e+02	2.60233703e-07	1.87009824e-05	9.75679344e-05
6.82682812e+02	2.51098157e-07	1.84044427e-05	9.62328325e-05
6.84846384e+02	2.43000979e-07	1.81237257e-05	9.49550837e-05
6.87016813e+02	2.35079855e-07	1.78452869e-05	9.36849242e-05
6.89194120e+02	2.27133627e-07	1.75659657e-05	9.24107394e-05
6.91378328e+02	2.19162216e-07	1.72857593e-05	9.11325164e-05
6.93569458e+02	2.11201023e-07	1.70050806e-05	8.98517970e-05
6.95767532e+02	2.04788478e-07	1.67419513e-05	8.86359789e-05
6.97972573e+02	1.98355611e-07	1.64779881e-05	8.74163075e-05
7.00184601e+02	1.91902357e-07	1.62131884e-05	8.61927707e-05
7.02403641e+02	1.85428651e-07	1.59475494e-05	8.49653563e-05
7.04629712e+02	1.78934428e-07	1.56847396e-05	8.37478387e-05
7.06862839e+02	1.72419624e-07	1.54355424e-05	8.25807142e-05
7.09103043e+02	1.65884172e-07	1.51855554e-05	8.14098908e-05
7.11350347e+02	1.59328009e-07	1.49347762e-05	8.02353568e-05
7.13604772e+02	1.52751067e-07	1.46832022e-05	7.90571005e-05
7.15866343e+02	1.46855286e-07	1.44374384e-05	7.79003975e-05
7.18135081e+02	1.42070099e-07	1.42015251e-05	7.67807072e-05
7.20411009e+02	1.37269747e-07	1.39648642e-05	7.56574684e-05
7.22694150e+02	1.32454181e-07	1.37274532e-05	7.45306699e-05
7.24984527e+02	1.27623353e-07	1.34892898e-05	7.34003002e-05
7.27282163e+02	1.22777216e-07	1.32637961e-05	7.23185403e-05
7.29587080e+02	1.17915720e-07	1.30479599e-05	7.12736771e-05
7.31899302e+02	1.13038817e-07	1.28314397e-05	7.02255024e-05
7.34218852e+02	1.08146458e-07	1.26142334e-05	6.91740059e-05
7.36545753e+02	1.03238594e-07	1.23963386e-05	6.81191769e-05
7.38880029e+02	9.91739935e-08	1.21777533e-05	6.70610050e-05
7.41221702e+02	9.53904092e-08	1.19584752e-05	6.59994795e-05
7.43570797e+02	9.15948338e-08	1.17385022e-05	6.49345898e-05
7.45927336e+02	8.77872295e-08	1.15178320e-05	6.38663252e-05
7.48291344e+02	8.39675580e-08	1.12964625e-05	6.27946750e-05
7.50662844e+02	8.07183483e-08	1.10957264e-05	6.18032275e-05
7.53041860e+02	7.75053612e-08	1.08960578e-05	6.08153136e-05
7.55428415e+02	7.42821915e-08	1.06957564e-05	5.98242687e-05
7.57822534e+02	7.10488069e-08	1.04948202e-05	5.88300831e-05
7.60224241e+02	6.78642208e-08	1.02954401e-05	5.78387698e-05
7.62633559e+02	6.51631181e-08	1.01137592e-05	5.68946645e-05
7.65050512e+02	6.24534550e-08	9.93150254e-06	5.59475671e-05
7.67475126e+02	5.97352043e-08	9.74866825e-06	5.49974681e-05
7.69907423e+02	5.70083390e-08	9.56525452e-06	5.40443580e-05
7.72347429e+02	5.44656816e-08	9.38125951e-06	5.31110774e-05
7.74795168e+02	5.23929512e-08	9.19668138e-06	5.22314736e-05
7.77250665e+02	5.03136518e-08	9.01151828e-06	5.13490822e-05
7.79713943e+02	4.82277627e-08	8.82576836e-06	5.04638942e-05
7.82185028e+02	4.61352629e-08	8.63942975e-06	4.95759010e-05
7.84663945e+02	4.40361315e-08	8.46180347e-06	4.86850934e-05
7.87150718e+02	4.19303475e-08	8.29417975e-06	4.77914627e-05
7.89645371e+02	3.98178899e-08	8.12602478e-06	4.68949999e-05
7.92147931e+02	3.76987373e-08	7.95733690e-06	4.59956960e-05
7.94658423e+02	3.55728688e-08	7.78811441e-06	4.50935421e-05
7.97176870e+02	3.38220440e-08	7.62623136e-06	4.42388980e-05
7.99703299e+02	3.22720839e-08	7.46809335e-06	4.34087778e-05
8.02237735e+02	3.07172117e-08	7.30945418e-06	4.25760268e-05
8.04780203e+02	2.91574117e-08	7.15031224e-06	4.17406367e-05
8.07330728e+02	2.75926684e-08	6.99066594e-06	4.09025990e-05
8.09889337e+02	2.63749692e-08	6.84007809e-06	4.01021555e-05
8.12456055e+02	2.52254976e-08	6.69097169e-06	3.93074180e-05
8.15030907e+02	2.40723831e-08	6.54139274e-06	3.85101619e-05
8.17613919e+02	2.29156142e-08	6.39133974e-06	3.77103790e-05
8.20205118e+02	2.17551792e-08	6.24093204e-06	3.69085755e-05
8.22804528e+02	2.05910665e-08	6.10086466e-06	3.61502381e-05
8.25412177e+02	1.94232645e-08	5.96035337e-06	3.53894973e-05
8.28028090e+02	1.82517614e-08	5.81939678e-06	3.46263456e-05
8.30652293e+02	1.70765457e-08	5.67799346e-06	3.38607753e-05
8.33284813e+02	1.59674252e-08	5.53812428e-06	3.31013339e-05
8.35925676e+02	1.51493519e-08	5.40617482e-06	3.23755790e-05
8.38574908e+02	1.43286859e-08	5.27380718e-06	3.16475240e-05
8.41232537e+02	1.35054191e-08	5.14102003e-06	3.09171616e-05
8.43898588e+02	1.26795431e-08	5.00781206e-06	3.01844845e-05
8.46573088e+02	1.19193354e-08	4.87784386e-06	2.94655165e-05
8.49256065e+02	1.12718496e-08	4.75363788e-06	2.87712986e-05
8.51947544e+02	1.06223117e-08	4.62903827e-06	2.80748806e-05
8.54647553e+02	9.97071532e-09	4.50404378e-06	2.73762555e-05
8.57356119e+02	9.31705389e-09	4.37865314e-06	2.66754164e-05
8.60073270e+02	8.74513333e-09	4.25800759e-06	2.59950191e-05
8.62799031e+02	8.23912107e-09	4.14113482e-06	2.53307774e-05
8.65533431e+02	7.73150515e-09	4.02389166e-06	2.46644306e-05
8.68276497e+02	7.22228048e-09	3.90627693e-06	2.39959720e-05
8.71028257e+02	6.71144197e-09	3.78828945e-06	2.33253949e-05
8.73788737e+02	6.28973323e-09	3.67641068e-06	2.26817040e-05
8.76557966e+02	5.89957269e-09	3.56652647e-06	2.20464860e-05
8.79335971e+02	5.50817564e-09	3.45629401e-06	2.14092549e-05
8.82122780e+02	5.11553817e-09	3.34571220e-06	2.07700042e-05
8.84918421e+02	4.72165635e-09	3.23477993e-06	2.01287276e-05
8.87722923e+02	4.41779673e-09	3.13113207e-06	1.95203765e-05
8.90536312e+02	4.12145224e-09	3.02786502e-06	1.89133445e-05
8.93358617e+02	3.82416856e-09	2.92427071e-06	1.83043888e-05
8.96189868e+02	3.52594272e-09	2.82034808e-06	1.76935032e-05
8.99030090e+02	3.23439278e-09	2.71685151e-06	1.70841693e-05
9.01879315e+02	3.01384424e-09	2.62015640e-06	1.65058213e-05
9.04737569e+02	2.79259673e-09	2.52315484e-06	1.59256405e-05
9.07604881e+02	2.57064804e-09	2.42584586e-06	1.53436209e-05
9.10481281e+02	2.34799595e-09	2.32822849e-06	1.47597568e-05
9.13366796e+02	2.14187226e-09	2.23328846e-06	1.41837238e-05
9.16261457e+02	1.98020433e-09	2.14586509e-06	1.36312061e-05
9.19165291e+02	1.81802404e-09	2.05816466e-06	1.30769373e-05
9.22078328e+02	1.65532976e-09	1.97018628e-06	1.25209119e-05
9.25000597e+02	1.49211987e-09	1.88192908e-06	1.19631243e-05
9.27932128e+02	1.35037570e-09	1.79339218e-06	1.14188670e-05
9.30872949e+02	1.23428359e-09	1.70457468e-06	1.08910486e-05
9.33823090e+02	1.11782355e-09	1.61547570e-06	1.03615575e-05
9.36782581e+02	1.00099443e-09	1.52609434e-06	9.83038827e-06
9.39751451e+02	8.83795052e-10	1.43642972e-06	9.29753567e-06
9.42729731e+02	7.89471897e-10	1.35309430e-06	8.78348855e-06
9.45717449e+02	7.08038319e-10	1.27324656e-06	8.27943878e-06
9.48714635e+02	6.26346660e-10	1.19314577e-06	7.77379156e-06
9.51721321e+02	5.44396102e-10	1.11279112e-06	7.26654183e-06
9.54737535e+02	4.62185824e-10	1.03218181e-06	6.75768451e-06
9.57763309e+02	4.01852062e-10	9.56454482e-07	6.27262842e-06
9.60798671e+02	3.46220691e-10	8.81622836e-07	5.79165305e-06
9.63843654e+02	2.90413012e-10	8.06554033e-07	5.30915337e-06
9.66898287e+02	2.34428466e-10	7.31247319e-07	4.82512454e-06
9.69962600e+02	1.78266493e-10	6.55701942e-07	4.33956172e-06
