# W0 [GeV]	Sigma_LHeC [pb]	Sigma_muLHC [pb]	Sigma_FCCmuh [pb]
3.45000000e+02	4.62858298e-05	4.86596204e-04	1.83217482e-03
3.45715432e+02	4.62331148e-05	4.86312174e-04	1.83133144e-03
3.46432348e+02	4.61802904e-05	4.86027555e-04	1.83048631e-03
3.47150750e+02	4.61273565e-05	4.85742346e-04	1.82963942e-03
3.47870643e+02	4.60743129e-05	4.85456545e-04	1.82879078e-03
3.48592028e+02	4.60211592e-05	4.85170152e-04	1.82794038e-03
3.49314909e+02	4.59533098e-05	4.84802758e-04	1.82684770e-03
3.50039289e+02	4.58229889e-05	4.84090990e-04	1.82472497e-03
3.50765171e+02	4.56923977e-05	4.83377746e-04	1.82259783e-03
3.51492559e+02	4.55615357e-05	4.82663022e-04	1.82046628e-03
3.52221455e+02	4.54304023e-05	4.81946816e-04	1.81833031e-03
3.52951862e+02	4.52989971e-05	4.81229126e-04	1.81618992e-03
3.53683784e+02	4.51673193e-05	4.80509946e-04	1.81404508e-03
3.54417224e+02	4.50353684e-05	4.79789276e-04	1.81189580e-03
3.55152185e+02	4.48630950e-05	4.78874840e-04	1.80896866e-03
3.55888670e+02	4.46821784e-05	4.77918728e-04	1.80587543e-03
3.56626682e+02	4.45008867e-05	4.76960633e-04	1.80277580e-03
3.57366225e+02	4.43192191e-05	4.76000552e-04	1.79966973e-03
3.58107301e+02	4.41371747e-05	4.75038479e-04	1.79655723e-03
3.58849914e+02	4.39547528e-05	4.74074412e-04	1.79343827e-03
3.59594067e+02	4.37719526e-05	4.73108345e-04	1.79031284e-03
3.60339763e+02	4.35887733e-05	4.72063054e-04	1.78718093e-03
3.61087006e+02	4.34052142e-05	4.70927624e-04	1.78404253e-03
3.61835798e+02	4.32212744e-05	4.69789838e-04	1.78089762e-03
3.62586143e+02	4.30369532e-05	4.68649693e-04	1.77774619e-03
3.63338044e+02	4.28522497e-05	4.67507184e-04	1.77458822e-03
3.64091504e+02	4.26671633e-05	4.66362305e-04	1.77142370e-03
3.64846526e+02	4.24816930e-05	4.65215053e-04	1.76825262e-03
3.65603114e+02	4.22924742e-05	4.64052069e-04	1.76499965e-03
3.66361272e+02	4.20746754e-05	4.62774794e-04	1.76110887e-03
3.67121001e+02	4.18564249e-05	4.61494869e-04	1.75721002e-03
3.67882306e+02	4.16377219e-05	4.60212291e-04	1.75330309e-03
3.68645190e+02	4.14185653e-05	4.58927053e-04	1.74938805e-03
3.69409655e+02	4.11989543e-05	4.57639149e-04	1.74546489e-03
3.70175706e+02	4.09788879e-05	4.56348575e-04	1.74153360e-03
3.70943346e+02	4.07583651e-05	4.55055324e-04	1.73759415e-03
3.71712577e+02	4.05296986e-05	4.53688936e-04	1.73340715e-03
3.72483403e+02	4.02979323e-05	4.52295647e-04	1.72912969e-03
3.73255828e+02	4.00656854e-05	4.50899468e-04	1.72484337e-03
3.74029855e+02	3.98329570e-05	4.49500395e-04	1.72054815e-03
3.74805487e+02	3.95997459e-05	4.48098420e-04	1.71624403e-03
3.75582727e+02	3.93660512e-05	4.46693538e-04	1.71193098e-03
3.76361580e+02	3.91318718e-05	4.45285742e-04	1.70760899e-03
3.77142047e+02	3.88950345e-05	4.43847963e-04	1.70314969e-03
3.77924132e+02	3.86542262e-05	4.42363850e-04	1.69847554e-03
3.78707840e+02	3.84129184e-05	4.40876658e-04	1.69379170e-03
3.79493173e+02	3.81711103e-05	4.39386383e-04	1.68909815e-03
3.80280134e+02	3.79288008e-05	4.37893017e-04	1.68439486e-03
3.81068727e+02	3.76859887e-05	4.36396555e-04	1.67968182e-03
3.81858956e+02	3.74426731e-05	4.34896989e-04	1.67495901e-03
3.82650823e+02	3.71988102e-05	4.33393119e-04	1.67022641e-03
3.83444332e+02	3.69526694e-05	4.31836675e-04	1.66548399e-03
3.84239487e+02	3.67060182e-05	4.30277003e-04	1.66073173e-03
3.85036291e+02	3.64588556e-05	4.28714097e-04	1.65596962e-03
3.85834747e+02	3.62111803e-05	4.27147950e-04	1.65119764e-03
3.86634859e+02	3.59629915e-05	4.25578556e-04	1.64641576e-03
3.87436630e+02	3.57142880e-05	4.24005907e-04	1.64162396e-03
3.88240064e+02	3.54650688e-05	4.22429996e-04	1.63682223e-03
3.89045163e+02	3.52178753e-05	4.20828387e-04	1.63184046e-03
3.89851933e+02	3.49714658e-05	4.19212017e-04	1.62676164e-03
3.90660375e+02	3.47245454e-05	4.17592296e-04	1.62167228e-03
3.91470494e+02	3.44771128e-05	4.15969215e-04	1.61657236e-03
3.92282293e+02	3.42291672e-05	4.14342769e-04	1.61146187e-03
3.93095775e+02	3.39807075e-05	4.12712950e-04	1.60634079e-03
3.93910944e+02	3.37317324e-05	4.11079752e-04	1.60120908e-03
3.94727804e+02	3.34822411e-05	4.09437182e-04	1.59603660e-03
3.95546358e+02	3.32322324e-05	4.07777325e-04	1.59078348e-03
3.96366609e+02	3.29817053e-05	4.06114026e-04	1.58551948e-03
3.97188561e+02	3.27306586e-05	4.04447278e-04	1.58024455e-03
3.98012217e+02	3.24790914e-05	4.02777073e-04	1.57495869e-03
3.98837582e+02	3.22270024e-05	4.01103405e-04	1.56966187e-03
3.99664658e+02	3.19743907e-05	3.99426266e-04	1.56435406e-03
4.00493449e+02	3.17212552e-05	3.97745649e-04	1.55903524e-03
4.01323959e+02	3.14828642e-05	3.96060470e-04	1.55364680e-03
4.02156191e+02	3.12449477e-05	3.94371727e-04	1.54824347e-03
4.02990149e+02	3.10065378e-05	3.92679483e-04	1.54282892e-03
4.03825836e+02	3.07676335e-05	3.90983729e-04	1.53740316e-03
4.04663256e+02	3.05282338e-05	3.89284459e-04	1.53196614e-03
4.05502413e+02	3.02883376e-05	3.87581665e-04	1.52651784e-03
4.06343310e+02	3.00479439e-05	3.85875339e-04	1.52105825e-03
4.07185951e+02	2.98070518e-05	3.84165476e-04	1.51557134e-03
4.08030339e+02	2.95656601e-05	3.82452066e-04	1.51006144e-03
4.08876479e+02	2.93237678e-05	3.80735104e-04	1.50454011e-03
4.09724373e+02	2.90813739e-05	3.79014581e-04	1.49900733e-03
4.10574025e+02	2.88384774e-05	3.77290490e-04	1.49346308e-03
4.11425439e+02	2.85950771e-05	3.75562824e-04	1.48790732e-03
4.12278619e+02	2.83511721e-05	3.73831575e-04	1.48234005e-03
4.13133568e+02	2.81067613e-05	3.72099930e-04	1.47676185e-03
4.13990290e+02	2.78618437e-05	3.70376134e-04	1.47117426e-03
4.14848788e+02	2.76164182e-05	3.68648764e-04	1.46557508e-03
4.15709067e+02	2.73704838e-05	3.66917812e-04	1.45996429e-03
4.16571130e+02	2.71240393e-05	3.65183271e-04	1.45434187e-03
4.17434980e+02	2.68770838e-05	3.63445132e-04	1.44870779e-03
4.18300622e+02	2.66296162e-05	3.61703390e-04	1.44306202e-03
4.19168059e+02	2.63816354e-05	3.59958035e-04	1.43740455e-03
4.20037294e+02	2.61485880e-05	3.58229022e-04	1.43176062e-03
4.20908333e+02	2.59176315e-05	3.56499750e-04	1.42610920e-03
4.21781177e+02	2.56861961e-05	3.54766893e-04	1.42044606e-03
4.22655832e+02	2.54542807e-05	3.53030441e-04	1.41477118e-03
4.23532300e+02	2.52218845e-05	3.51290389e-04	1.40908453e-03
4.24410586e+02	2.49890063e-05	3.49546729e-04	1.40338609e-03
4.25290693e+02	2.47556452e-05	3.47799453e-04	1.39767583e-03
4.26172626e+02	2.45272138e-05	3.46063811e-04	1.39198033e-03
4.27056387e+02	2.43038088e-05	3.44340072e-04	1.38630003e-03
4.27941981e+02	2.40799406e-05	3.42612759e-04	1.38060796e-03
4.28829411e+02	2.38556082e-05	3.40881863e-04	1.37490408e-03
4.29718682e+02	2.36308105e-05	3.39147379e-04	1.36918838e-03
4.30609797e+02	2.34055467e-05	3.37409297e-04	1.36346082e-03
4.31502759e+02	2.31798157e-05	3.35667611e-04	1.35772138e-03
4.32397574e+02	2.29551869e-05	3.33927250e-04	1.35198003e-03
4.33294244e+02	2.27401476e-05	3.32214893e-04	1.34629071e-03
4.34192773e+02	2.25246624e-05	3.30498984e-04	1.34058959e-03
4.35093166e+02	2.23087303e-05	3.28779517e-04	1.33487665e-03
4.35995426e+02	2.20923505e-05	3.27056485e-04	1.32915186e-03
4.36899557e+02	2.18755220e-05	3.25329879e-04	1.32341520e-03
4.37805562e+02	2.16582438e-05	3.23599693e-04	1.31766665e-03
4.38713447e+02	2.14405150e-05	3.21865919e-04	1.31190617e-03
4.39623214e+02	2.12316390e-05	3.20199944e-04	1.30620537e-03
4.40534868e+02	2.10250460e-05	3.18551356e-04	1.30051367e-03
4.41448413e+02	2.08180247e-05	3.16899351e-04	1.29481016e-03
4.42363852e+02	2.06105740e-05	3.15243919e-04	1.28909482e-03
4.43281189e+02	2.04026932e-05	3.13585054e-04	1.28336763e-03
4.44200428e+02	2.01943813e-05	3.11922749e-04	1.27762856e-03
4.45121574e+02	1.99856374e-05	3.10256998e-04	1.27187759e-03
4.46044630e+02	1.97814936e-05	3.08587791e-04	1.26616017e-03
4.46969600e+02	1.95840817e-05	3.06915124e-04	1.26049552e-03
4.47896488e+02	1.93862605e-05	3.05238988e-04	1.25481913e-03
4.48825299e+02	1.91880290e-05	3.03559376e-04	1.24913097e-03
4.49756035e+02	1.89893864e-05	3.01876281e-04	1.24343101e-03
4.50688702e+02	1.87903319e-05	3.00189695e-04	1.23771923e-03
4.51623302e+02	1.85908647e-05	2.98499612e-04	1.23199560e-03
4.52559841e+02	1.83916243e-05	2.96806025e-04	1.22626655e-03
4.53498322e+02	1.82036372e-05	2.95108925e-04	1.22064295e-03
4.54438749e+02	1.80152603e-05	2.93408306e-04	1.21500768e-03
4.55381126e+02	1.78264927e-05	2.91704161e-04	1.20936073e-03
4.56325457e+02	1.76373337e-05	2.89996481e-04	1.20370207e-03
4.57271747e+02	1.74477824e-05	2.88285261e-04	1.19803167e-03
4.58219999e+02	1.72578380e-05	2.86570491e-04	1.19234952e-03
4.59170217e+02	1.70674998e-05	2.84852166e-04	1.18665558e-03
4.60122406e+02	1.68853071e-05	2.83201625e-04	1.18104270e-03
4.61076570e+02	1.67065591e-05	2.81579594e-04	1.17545976e-03
4.62032712e+02	1.65274403e-05	2.79954199e-04	1.16986523e-03
4.62990836e+02	1.63479501e-05	2.78325434e-04	1.16425910e-03
4.63950948e+02	1.61680877e-05	2.76693291e-04	1.15864135e-03
4.64913051e+02	1.59878523e-05	2.75057763e-04	1.15301195e-03
4.65877149e+02	1.58072431e-05	2.73418844e-04	1.14737087e-03
4.66843246e+02	1.56303058e-05	2.71795323e-04	1.14179239e-03
4.67811347e+02	1.54612249e-05	2.70206635e-04	1.13635332e-03
4.68781455e+02	1.52917934e-05	2.68614652e-04	1.13090297e-03
4.69753574e+02	1.51220106e-05	2.67019368e-04	1.12544132e-03
4.70727710e+02	1.49518756e-05	2.65420776e-04	1.11996834e-03
4.71703866e+02	1.47813879e-05	2.63818869e-04	1.11448401e-03
4.72682046e+02	1.46105466e-05	2.62213640e-04	1.10898831e-03
4.73662255e+02	1.44393510e-05	2.60605082e-04	1.10348121e-03
4.74644496e+02	1.42795443e-05	2.59050365e-04	1.09796269e-03
4.75628774e+02	1.41197826e-05	2.57494258e-04	1.09243273e-03
4.76615093e+02	1.39596896e-05	2.55934923e-04	1.08689130e-03
4.77603458e+02	1.37992647e-05	2.54372354e-04	1.08133838e-03
4.78593872e+02	1.36385070e-05	2.52806545e-04	1.07577394e-03
4.79586340e+02	1.34774160e-05	2.51237489e-04	1.07019797e-03
4.80580866e+02	1.33159909e-05	2.49665180e-04	1.06461043e-03
4.81577455e+02	1.31647889e-05	2.48126447e-04	1.05915851e-03
4.82576110e+02	1.30200880e-05	2.46608300e-04	1.05379031e-03
4.83576836e+02	1.28750870e-05	2.45087005e-04	1.04841097e-03
4.84579637e+02	1.27297853e-05	2.43562555e-04	1.04302047e-03
4.85584518e+02	1.25841823e-05	2.42034944e-04	1.03761880e-03
4.86591483e+02	1.24382773e-05	2.40504165e-04	1.03220592e-03
4.87600535e+02	1.22920698e-05	2.38970211e-04	1.02678183e-03
4.88611681e+02	1.21455591e-05	2.37448310e-04	1.02138830e-03
4.89624923e+02	1.19987445e-05	2.35969754e-04	1.01611125e-03
4.90640266e+02	1.18516255e-05	2.34488133e-04	1.01082327e-03
4.91657715e+02	1.17042015e-05	2.33003439e-04	1.00552431e-03
4.92677274e+02	1.15564717e-05	2.31515666e-04	1.00021437e-03
4.93698947e+02	1.14084356e-05	2.30024808e-04	9.94893416e-04
4.94722738e+02	1.12600924e-05	2.28530859e-04	9.89561428e-04
4.95748653e+02	1.11114417e-05	2.27033811e-04	9.84218384e-04
4.96776695e+02	1.09776581e-05	2.25589314e-04	9.79017995e-04
4.97806869e+02	1.08455547e-05	2.24149001e-04	9.73826654e-04
4.98839180e+02	1.07131774e-05	2.22705701e-04	9.68624548e-04
4.99873631e+02	1.05805255e-05	2.21259409e-04	9.63411653e-04
5.00910227e+02	1.04475985e-05	2.19810117e-04	9.58187949e-04
5.01948973e+02	1.03143959e-05	2.18357819e-04	9.52953413e-04
5.02989872e+02	1.01809171e-05	2.16902510e-04	9.47708021e-04
5.04032931e+02	1.00528127e-05	2.15477518e-04	9.42591768e-04
5.05078152e+02	9.92956587e-06	2.14079790e-04	9.37591838e-04
5.06125541e+02	9.80606342e-06	2.12679163e-04	9.32581539e-04
5.07175102e+02	9.68230486e-06	2.11275632e-04	9.27560851e-04
5.08226839e+02	9.55828967e-06	2.09869190e-04	9.22529751e-04
5.09280758e+02	9.43401730e-06	2.08459832e-04	9.17488217e-04
5.10336862e+02	9.30948722e-06	2.07047551e-04	9.12436230e-04
5.11395156e+02	9.18638266e-06	2.05642687e-04	9.07373765e-04
5.12455644e+02	9.07162981e-06	2.04287789e-04	9.02300803e-04
5.13518332e+02	8.95663900e-06	2.02930082e-04	8.97217320e-04
5.14583223e+02	8.84140973e-06	2.01569560e-04	8.92123296e-04
5.15650323e+02	8.72594150e-06	2.00206216e-04	8.87018709e-04
5.16719636e+02	8.61023383e-06	1.98840045e-04	8.81903536e-04
5.17791166e+02	8.49428622e-06	1.97471042e-04	8.76777755e-04
5.18864918e+02	8.37809816e-06	1.96099199e-04	8.71641346e-04
5.19940897e+02	8.26960820e-06	1.94774992e-04	8.66716895e-04
5.21019107e+02	8.16284631e-06	1.93460459e-04	8.61836997e-04
5.22099553e+02	8.05586302e-06	1.92143199e-04	8.56946978e-04
5.23182239e+02	7.94865788e-06	1.90823208e-04	8.52046819e-04
5.24267171e+02	7.84123042e-06	1.89500480e-04	8.47136499e-04
5.25354352e+02	7.73358019e-06	1.88175008e-04	8.42215996e-04
5.26443788e+02	7.62570673e-06	1.86846788e-04	8.37285289e-04
5.27535483e+02	7.52178835e-06	1.85543550e-04	8.32426957e-04
5.28629442e+02	7.42294180e-06	1.84272705e-04	8.27663062e-04
5.29725670e+02	7.32389027e-06	1.82999225e-04	8.22889288e-04
5.30824171e+02	7.22463334e-06	1.81723104e-04	8.18105614e-04
5.31924950e+02	7.12517057e-06	1.80444336e-04	8.13312021e-04
5.33028011e+02	7.02550155e-06	1.79162917e-04	8.08508486e-04
5.34133360e+02	6.92562584e-06	1.77878840e-04	8.03694991e-04
5.35241002e+02	6.82626630e-06	1.76597109e-04	7.98886488e-04
5.36350940e+02	6.73495553e-06	1.75369886e-04	7.94238912e-04
5.37463179e+02	6.64345542e-06	1.74140117e-04	7.89581698e-04
5.38577726e+02	6.55176556e-06	1.72907799e-04	7.84914827e-04
5.39694583e+02	6.45988557e-06	1.71672925e-04	7.80238278e-04
5.40813757e+02	6.36781504e-06	1.70435490e-04	7.75552031e-04
5.41935251e+02	6.27555358e-06	1.69195489e-04	7.70856066e-04
5.43059071e+02	6.18310080e-06	1.67952917e-04	7.66150363e-04
5.44185222e+02	6.09657378e-06	1.66752000e-04	7.61567945e-04
5.45313708e+02	6.01225345e-06	1.65565846e-04	7.57027918e-04
5.46444534e+02	5.92775827e-06	1.64377232e-04	7.52478476e-04
5.47577705e+02	5.84308786e-06	1.63186153e-04	7.47919600e-04
5.48713226e+02	5.75824188e-06	1.61992604e-04	7.43351270e-04
5.49851101e+02	5.67321995e-06	1.60796580e-04	7.38773466e-04
5.50991337e+02	5.58802170e-06	1.59598076e-04	7.34186170e-04
5.52133937e+02	5.50551509e-06	1.58418841e-04	7.29655613e-04
5.53278906e+02	5.42797443e-06	1.57276122e-04	7.25234318e-04
5.54426249e+02	5.35027297e-06	1.56131033e-04	7.20803854e-04
5.55575972e+02	5.27241038e-06	1.54983570e-04	7.16364202e-04
5.56728079e+02	5.19438632e-06	1.53833727e-04	7.11915344e-04
5.57882576e+02	5.11620046e-06	1.52681500e-04	7.07457260e-04
5.59039466e+02	5.03785247e-06	1.51526883e-04	7.02989931e-04
5.60198755e+02	4.95934201e-06	1.50369872e-04	6.98513339e-04
5.61360449e+02	4.88820859e-06	1.49269733e-04	6.94210479e-04
5.62524551e+02	4.81694620e-06	1.48167459e-04	6.89899146e-04
5.63691068e+02	4.74553604e-06	1.47062899e-04	6.85578873e-04
5.64860003e+02	4.67397779e-06	1.45956048e-04	6.81249641e-04
5.66031363e+02	4.60227115e-06	1.44846902e-04	6.76911431e-04
5.67205151e+02	4.53041581e-06	1.43735456e-04	6.72564225e-04
5.68381374e+02	4.45841147e-06	1.42621705e-04	6.68208004e-04
5.69560036e+02	4.39078309e-06	1.41560313e-04	6.64015124e-04
5.70741142e+02	4.32560211e-06	1.40527981e-04	6.59912118e-04
5.71924697e+02	4.26028596e-06	1.39493509e-04	6.55800602e-04
5.73110707e+02	4.19483437e-06	1.38456891e-04	6.51680561e-04
5.74299176e+02	4.12924705e-06	1.37418124e-04	6.47551976e-04
5.75490110e+02	4.06352372e-06	1.36377202e-04	6.43414829e-04
5.76683513e+02	3.99766410e-06	1.35334122e-04	6.39269103e-04
5.77879391e+02	3.93350204e-06	1.34288879e-04	6.35114780e-04
5.79077749e+02	3.87403770e-06	1.33241469e-04	6.30951842e-04
5.80278592e+02	3.81445005e-06	1.32191886e-04	6.26780271e-04
5.81481925e+02	3.75473884e-06	1.31140127e-04	6.22600050e-04
5.82687754e+02	3.69490379e-06	1.30086186e-04	6.18411160e-04
5.83896083e+02	3.63494467e-06	1.29030061e-04	6.14213584e-04
5.85106918e+02	3.57486121e-06	1.27971745e-04	6.10007303e-04
5.86320264e+02	3.51465315e-06	1.26911234e-04	6.05792299e-04
5.87536126e+02	3.46003340e-06	1.25926318e-04	6.01819073e-04
5.88754510e+02	3.40583551e-06	1.24946646e-04	5.97861072e-04
5.89975420e+02	3.35152524e-06	1.23964942e-04	5.93894864e-04
5.91198861e+02	3.29710234e-06	1.22981203e-04	5.89920432e-04
5.92424840e+02	3.24256658e-06	1.21995423e-04	5.85937757e-04
5.93653361e+02	3.18791773e-06	1.21007599e-04	5.81946824e-04
5.94884430e+02	3.13315555e-06	1.20017727e-04	5.77947614e-04
5.96118052e+02	3.08149732e-06	1.19055691e-04	5.74038323e-04
5.97354232e+02	3.03233163e-06	1.18115810e-04	5.70200278e-04
5.98592975e+02	2.98306399e-06	1.17173979e-04	5.66354274e-04
5.99834287e+02	2.93369419e-06	1.16230195e-04	5.62500294e-04
6.01078173e+02	2.88422200e-06	1.15284455e-04	5.58638323e-04
6.02324639e+02	2.83464722e-06	1.14336753e-04	5.54768342e-04
6.03573690e+02	2.78496964e-06	1.13387085e-04	5.50890337e-04
6.04825330e+02	2.73622671e-06	1.12445671e-04	5.47037476e-04
6.06079567e+02	2.69174478e-06	1.11545274e-04	5.43316130e-04
6.07336404e+02	2.64717060e-06	1.10643011e-04	5.39587067e-04
6.08595847e+02	2.60250398e-06	1.09738876e-04	5.35850271e-04
6.09857903e+02	2.55774475e-06	1.08832866e-04	5.32105726e-04
6.11122575e+02	2.51289269e-06	1.07924978e-04	5.28353416e-04
6.12389870e+02	2.46794762e-06	1.07015207e-04	5.24593325e-04
6.13659793e+02	2.42290935e-06	1.06103549e-04	5.20825436e-04
6.14932349e+02	2.38194044e-06	1.05232836e-04	5.17191069e-04
6.16207545e+02	2.34173228e-06	1.04369020e-04	5.13577880e-04
6.17485385e+02	2.30144073e-06	1.03503413e-04	5.09957197e-04
6.18765874e+02	2.26106563e-06	1.02636011e-04	5.06329006e-04
6.20049019e+02	2.22060680e-06	1.01766810e-04	5.02693292e-04
6.21334825e+02	2.18006408e-06	1.00895806e-04	4.99050038e-04
6.22623297e+02	2.13943728e-06	1.00022997e-04	4.95399229e-04
6.23914442e+02	2.10090412e-06	9.91717967e-05	4.91819776e-04
6.25208263e+02	2.06474746e-06	9.83452460e-05	4.88321920e-04
6.26504768e+02	2.02851582e-06	9.75169813e-05	4.84816810e-04
6.27803961e+02	1.99220904e-06	9.66869990e-05	4.81304432e-04
6.29105849e+02	1.95582698e-06	9.58552955e-05	4.77784770e-04
6.30410436e+02	1.91936947e-06	9.50218674e-05	4.74257809e-04
6.31717728e+02	1.88283635e-06	9.41867109e-05	4.70723534e-04
6.33027732e+02	1.84669388e-06	9.33550858e-05	4.67199904e-04
6.34340452e+02	1.81428663e-06	9.25647331e-05	4.63815792e-04
6.35655894e+02	1.78181217e-06	9.17727414e-05	4.60424663e-04
6.36974064e+02	1.74927037e-06	9.09791074e-05	4.57026502e-04
6.38294968e+02	1.71666109e-06	9.01838277e-05	4.53621293e-04
6.39618611e+02	1.68398419e-06	8.93868987e-05	4.50209024e-04
6.40944999e+02	1.65123952e-06	8.85883171e-05	4.46789678e-04
6.42274137e+02	1.61842695e-06	8.77880795e-05	4.43363241e-04
6.43606031e+02	1.58848920e-06	8.70211953e-05	4.40106399e-04
6.44940688e+02	1.55948100e-06	8.62645188e-05	4.36902343e-04
6.46278112e+02	1.53041264e-06	8.55062731e-05	4.33691642e-04
6.47618309e+02	1.50128400e-06	8.47464550e-05	4.30474284e-04
6.48961286e+02	1.47209496e-06	8.39850613e-05	4.27250253e-04
6.50307048e+02	1.44284539e-06	8.32220886e-05	4.24019537e-04
6.51655600e+02	1.41353516e-06	8.24575338e-05	4.20782122e-04
6.53006949e+02	1.38555729e-06	8.17089437e-05	4.17537993e-04
6.54361101e+02	1.35972940e-06	8.09866166e-05	4.14287136e-04
6.55718060e+02	1.33384795e-06	8.02627916e-05	4.11029538e-04
6.57077833e+02	1.30791283e-06	7.95374656e-05	4.07765185e-04
6.58440427e+02	1.28192393e-06	7.88106355e-05	4.04494063e-04
6.59805845e+02	1.25588114e-06	7.80822982e-05	4.01216157e-04
6.61174096e+02	1.22978434e-06	7.73524504e-05	3.97931453e-04
6.62545183e+02	1.20371922e-06	7.66222227e-05	3.94646050e-04
6.63919114e+02	1.18080844e-06	7.59328675e-05	3.91582383e-04
6.65295894e+02	1.15785015e-06	7.52420827e-05	3.88512362e-04
6.66675529e+02	1.13484425e-06	7.45498654e-05	3.85435975e-04
6.68058025e+02	1.11179064e-06	7.38562127e-05	3.82353209e-04
6.69443388e+02	1.08868922e-06	7.31611215e-05	3.79264050e-04
6.70831624e+02	1.06553990e-06	7.24645889e-05	3.76168484e-04
6.72222739e+02	1.04234258e-06	7.17666119e-05	3.73066500e-04
6.73616738e+02	1.02109644e-06	7.10953616e-05	3.70057890e-04
6.75013628e+02	1.00081442e-06	7.04369265e-05	3.67093371e-04
6.76413415e+02	9.80490349e-07	6.97771261e-05	3.64122705e-04
6.77816105e+02	9.60124129e-07	6.91159574e-05	3.61145879e-04
6.79221703e+02	9.39715676e-07	6.84534177e-05	3.58162880e-04
6.80630217e+02	9.19264901e-07	6.77895040e-05	3.55173694e-04
6.82041651e+02	8.98771717e-07	6.71242136e-05	3.52178310e-04
6.83456012e+02	8.79066439e-07	6.64699221e-05	3.49221131e-04
6.84873306e+02	8.61223861e-07	6.58426497e-05	3.46359635e-04
6.86293539e+02	8.43344281e-07	6.52140765e-05	3.43492207e-04
6.87716717e+02	8.25427625e-07	6.45841999e-05	3.40618831e-04
6.89142847e+02	8.07473815e-07	6.39530170e-05	3.37739498e-04
6.90571934e+02	7.89482773e-07	6.33205253e-05	3.34854193e-04
6.92003984e+02	7.71454423e-07	6.26867219e-05	3.31962905e-04
6.93439004e+02	7.53388688e-07	6.20516043e-05	3.29065621e-04
6.94877000e+02	7.38594562e-07	6.14518343e-05	3.26296397e-04
6.96317978e+02	7.23970269e-07	6.08530422e-05	3.23529555e-04
6.97761944e+02	7.09315650e-07	6.02530084e-05	3.20756975e-04
6.99208904e+02	6.94630641e-07	5.96517303e-05	3.17978645e-04
7.00658866e+02	6.79915179e-07	5.90492053e-05	3.15194554e-04
7.02111833e+02	6.65169202e-07	5.84454309e-05	3.12404689e-04
7.03567814e+02	6.50392645e-07	5.78404044e-05	3.09609039e-04
7.05026814e+02	6.35585447e-07	5.72560654e-05	3.06888153e-04
7.06488840e+02	6.20747542e-07	5.66862987e-05	3.04219575e-04
7.07953898e+02	6.05878868e-07	5.61153504e-05	3.01545463e-04
7.09421993e+02	5.90979360e-07	5.55432182e-05	2.98865807e-04
7.10893134e+02	5.76048955e-07	5.49698995e-05	2.96180593e-04
7.12367324e+02	5.61087588e-07	5.43953920e-05	2.93489811e-04
7.13844572e+02	5.46095196e-07	5.38196930e-05	2.90793448e-04
7.15324884e+02	5.31963047e-07	5.32507873e-05	2.88121415e-04
7.16808265e+02	5.20949524e-07	5.27089099e-05	2.85549511e-04
7.18294722e+02	5.09913163e-07	5.21659088e-05	2.82972274e-04
7.19784261e+02	4.98853915e-07	5.16217816e-05	2.80389692e-04
7.21276890e+02	4.87771733e-07	5.10765261e-05	2.77801754e-04
7.22772614e+02	4.76666571e-07	5.05301399e-05	2.75208450e-04
7.24271439e+02	4.65538379e-07	4.99826206e-05	2.72609768e-04
7.25773373e+02	4.54387110e-07	4.94339659e-05	2.70005697e-04
7.27278421e+02	4.43212717e-07	4.89276336e-05	2.67561671e-04
7.28786590e+02	4.32015151e-07	4.84273456e-05	2.65139584e-04
7.30297887e+02	4.20794365e-07	4.79260202e-05	2.62712474e-04
7.31812318e+02	4.09550310e-07	4.74236551e-05	2.60280331e-04
7.33329889e+02	3.98282938e-07	4.69202483e-05	2.57843145e-04
7.34850608e+02	3.86992201e-07	4.64157976e-05	2.55400904e-04
7.36374479e+02	3.75678050e-07	4.59103007e-05	2.52953599e-04
7.37901511e+02	3.65623338e-07	4.54037557e-05	2.50501218e-04
7.39431710e+02	3.56838415e-07	4.48961601e-05	2.48043753e-04
7.40965082e+02	3.48035275e-07	4.43875120e-05	2.45581191e-04
7.42501633e+02	3.39213879e-07	4.38778091e-05	2.43113522e-04
7.44041371e+02	3.30374190e-07	4.33670492e-05	2.40640737e-04
7.45584302e+02	3.21516171e-07	4.28552301e-05	2.38162823e-04
7.47130432e+02	3.12639782e-07	4.23423497e-05	2.35679771e-04
7.48679769e+02	3.03940471e-07	4.18351934e-05	2.33217611e-04
7.50232319e+02	2.96448314e-07	4.13695275e-05	2.30913558e-04
7.51788088e+02	2.88940620e-07	4.09028960e-05	2.28604727e-04
7.53347083e+02	2.81417358e-07	4.04352967e-05	2.26291109e-04
7.54909311e+02	2.73878494e-07	3.99667279e-05	2.23972692e-04
7.56474779e+02	2.66323997e-07	3.94971873e-05	2.21649468e-04
7.58043494e+02	2.58753834e-07	3.90266730e-05	2.19321426e-04
7.59615461e+02	2.51167973e-07	3.85551830e-05	2.16988556e-04
7.61190688e+02	2.44542497e-07	3.81173438e-05	2.14743695e-04
7.62769182e+02	2.38184177e-07	3.76885616e-05	2.12520895e-04
7.64350949e+02	2.31812673e-07	3.72588903e-05	2.10293487e-04
7.65935996e+02	2.25427955e-07	3.68283279e-05	2.08061459e-04
7.67524330e+02	2.19029997e-07	3.63968726e-05	2.05824803e-04
7.69115958e+02	2.12618772e-07	3.59645227e-05	2.03583508e-04
7.70710886e+02	2.06194252e-07	3.55312762e-05	2.01337566e-04
7.72309122e+02	2.00396615e-07	3.50971312e-05	1.99157766e-04
7.73910673e+02	1.95487903e-07	3.46620859e-05	1.97073082e-04
7.75515544e+02	1.90569013e-07	3.42261385e-05	1.94984074e-04
7.77123743e+02	1.85639921e-07	3.37892871e-05	1.92890734e-04
7.78735278e+02	1.80700609e-07	3.33515297e-05	1.90793053e-04
7.80350154e+02	1.75751053e-07	3.29128646e-05	1.88691022e-04
7.81968379e+02	1.70791234e-07	3.24732898e-05	1.86584632e-04
7.83589960e+02	1.65821129e-07	3.20351762e-05	1.84473874e-04
7.85214903e+02	1.60840717e-07	3.16372648e-05	1.82358739e-04
7.86843216e+02	1.55849978e-07	3.12385282e-05	1.80239218e-04
7.88474906e+02	1.50848889e-07	3.08389647e-05	1.78115301e-04
7.90109979e+02	1.45837430e-07	3.04385726e-05	1.75986980e-04
7.91748443e+02	1.40815578e-07	3.00373502e-05	1.73854246e-04
7.93390305e+02	1.35783312e-07	2.96352959e-05	1.71717089e-04
7.95035572e+02	1.30740611e-07	2.92324077e-05	1.69575500e-04
7.96684250e+02	1.26630733e-07	2.88472844e-05	1.67545639e-04
7.98336348e+02	1.22929505e-07	2.84695885e-05	1.65562946e-04
7.99991871e+02	1.19220601e-07	2.80911094e-05	1.63576142e-04
8.01650827e+02	1.15504006e-07	2.77118454e-05	1.61585217e-04
8.03313224e+02	1.11779704e-07	2.73317950e-05	1.59590164e-04
8.04979068e+02	1.08047679e-07	2.69509564e-05	1.57590974e-04
8.06648366e+02	1.04307915e-07	2.65693281e-05	1.55587637e-04
8.08321126e+02	1.00890679e-07	2.61954303e-05	1.53615304e-04
8.09997355e+02	9.81300106e-08	2.58378805e-05	1.51709523e-04
8.11677060e+02	9.53636168e-08	2.54795893e-05	1.49799790e-04
8.13360248e+02	9.25914863e-08	2.51205551e-05	1.47886097e-04
8.15046926e+02	8.98136073e-08	2.47607764e-05	1.45968436e-04
8.16737103e+02	8.70299676e-08	2.44002516e-05	1.44046797e-04
8.18430784e+02	8.42405555e-08	2.40389792e-05	1.42121174e-04
8.20127977e+02	8.14453590e-08	2.36769575e-05	1.40191558e-04
8.21828690e+02	7.86443660e-08	2.33379846e-05	1.38357159e-04
8.23532930e+02	7.58375645e-08	2.29990076e-05	1.36521869e-04
8.25240704e+02	7.30249426e-08	2.26593276e-05	1.34682774e-04
8.26952019e+02	7.02064880e-08	2.23189433e-05	1.32839865e-04
8.28666883e+02	6.73821888e-08	2.19778531e-05	1.30993135e-04
8.30385303e+02	6.45520328e-08	2.16360555e-05	1.29142575e-04
8.32107287e+02	6.17160078e-08	2.12935492e-05	1.27288177e-04
8.33832842e+02	5.93985758e-08	2.09645577e-05	1.25490117e-04
8.35561975e+02	5.74114098e-08	2.06439719e-05	1.23726778e-04
8.37294693e+02	5.54201231e-08	2.03227214e-05	1.21959783e-04
8.39031005e+02	5.34247069e-08	2.00008046e-05	1.20189123e-04
8.40770918e+02	5.14251528e-08	1.96782203e-05	1.18414792e-04
8.42514438e+02	4.94214522e-08	1.93549671e-05	1.16636781e-04
8.44261574e+02	4.74135965e-08	1.90310435e-05	1.14855083e-04
8.46012333e+02	4.55104820e-08	1.87120065e-05	1.13093548e-04
8.47766723e+02	4.39315685e-08	1.84090559e-05	1.11400247e-04
8.49524751e+02	4.23493809e-08	1.81054772e-05	1.09703435e-04
8.51286425e+02	4.07639122e-08	1.78012689e-05	1.08003105e-04
8.53051751e+02	3.91751558e-08	1.74964297e-05	1.06299248e-04
8.54820739e+02	3.75831047e-08	1.71909584e-05	1.04591859e-04
8.56593395e+02	3.59877521e-08	1.68848537e-05	1.02880928e-04
8.58369727e+02	3.43890912e-08	1.65781141e-05	1.01166450e-04
8.60149742e+02	3.31098689e-08	1.62895782e-05	9.95297611e-05
8.61933449e+02	3.18686044e-08	1.60028145e-05	9.78999139e-05
8.63720854e+02	3.06247658e-08	1.57154561e-05	9.62666868e-05
8.65511967e+02	2.93783479e-08	1.54275018e-05	9.46300729e-05
8.67306793e+02	2.81293452e-08	1.51389503e-05	9.29900651e-05
8.69105341e+02	2.68777525e-08	1.48498005e-05	9.13466564e-05
8.70907620e+02	2.56235643e-08	1.45600511e-05	8.96998397e-05
8.72713635e+02	2.45240069e-08	1.42803858e-05	8.80964680e-05
8.74523396e+02	2.35632484e-08	1.40097279e-05	8.65318175e-05
8.76336909e+02	2.26004975e-08	1.37385088e-05	8.49639223e-05
8.78154184e+02	2.16357502e-08	1.34667272e-05	8.33927758e-05
8.79975227e+02	2.06690023e-08	1.31943820e-05	8.18183711e-05
8.81800046e+02	1.97002496e-08	1.29214721e-05	8.02407016e-05
8.83628649e+02	1.87294880e-08	1.26479962e-05	7.86597604e-05
8.85461044e+02	1.77969462e-08	1.23771540e-05	7.70899104e-05
8.87297240e+02	1.70644131e-08	1.21218160e-05	7.55889307e-05
8.89137242e+02	1.63303609e-08	1.18659485e-05	7.40848385e-05
8.90981061e+02	1.55947865e-08	1.16095504e-05	7.25776272e-05
8.92828703e+02	1.48576868e-08	1.13526206e-05	7.10672903e-05
8.94680177e+02	1.41190585e-08	1.10951580e-05	6.95538215e-05
8.96535490e+02	1.33788985e-08	1.08371615e-05	6.80372141e-05
8.98394650e+02	1.26372036e-08	1.05786300e-05	6.65174618e-05
9.00257666e+02	1.20504143e-08	1.03343020e-05	6.50612532e-05
9.02124545e+02	1.15002872e-08	1.00930362e-05	6.36181735e-05
9.03995296e+02	1.09490192e-08	9.85127008e-06	6.21721013e-05
9.05869926e+02	1.03966081e-08	9.60900259e-06	6.07230303e-05
9.07748443e+02	9.84305148e-09	9.36623271e-06	5.92709544e-05
9.09630856e+02	9.28834692e-09	9.12295939e-06	5.78158673e-05
9.11517173e+02	8.73249205e-09	8.87918159e-06	5.63577627e-05
9.13407401e+02	8.24350766e-09	8.64613030e-06	5.49322268e-05
9.15301549e+02	7.83871461e-09	8.42666488e-06	5.35483176e-05
9.17199625e+02	7.43308214e-09	8.20674435e-06	5.21615385e-05
9.19101637e+02	7.02660850e-09	7.98636776e-06	5.07718836e-05
9.21007593e+02	6.61929195e-09	7.76553418e-06	4.93793470e-05
9.22917502e+02	6.21113074e-09	7.54424266e-06	4.79839227e-05
9.24831371e+02	5.80212312e-09	7.32249223e-06	4.65856046e-05
9.26749209e+02	5.40214408e-09	7.10028196e-06	4.51907833e-05
9.28671024e+02	5.11036186e-09	6.87761089e-06	4.38636783e-05
9.30596825e+02	4.81797456e-09	6.65447807e-06	4.25338212e-05
9.32526619e+02	4.52498094e-09	6.43088252e-06	4.12012064e-05
9.34460415e+02	4.23137972e-09	6.20682331e-06	3.98658282e-05
9.36398221e+02	3.93716967e-09	5.98229946e-06	3.85276807e-05
9.38340045e+02	3.64234950e-09	5.75731001e-06	3.71867583e-05
9.40285896e+02	3.34691796e-09	5.53185399e-06	3.58430553e-05
9.42235783e+02	3.11631439e-09	5.32355391e-06	3.45502365e-05
9.44189713e+02	2.91043934e-09	5.12161017e-06	3.32754099e-05
9.46147694e+02	2.70413736e-09	4.91924765e-06	3.19979396e-05
9.48109737e+02	2.49740757e-09	4.71646549e-06	3.07178203e-05
9.50075847e+02	2.29024909e-09	4.51326281e-06	2.94350464e-05
9.52046035e+02	2.08266101e-09	4.30963876e-06	2.81496123e-05
9.54020309e+02	1.87464246e-09	4.10559244e-06	2.68615127e-05
9.55998677e+02	1.69060363e-09	3.90649948e-06	2.55968187e-05
9.57981147e+02	1.54942688e-09	3.71651798e-06	2.43756967e-05
9.59967728e+02	1.40795737e-09	3.52614252e-06	2.31520425e-05
9.61958429e+02	1.26619449e-09	3.33537227e-06	2.19258508e-05
9.63953258e+02	1.12413763e-09	3.14420642e-06	2.06971162e-05
9.65952224e+02	9.81786194e-10	2.95264414e-06	1.94658337e-05
9.67955335e+02	8.39139557e-10	2.76068462e-06	1.82319978e-05
9.69962600e+02	6.96197111e-10	2.56832703e-06	1.69956033e-05
