 -0.00008972711510068  0.00198397520323834  0.00421751917552332  0.00659573729610537
  0.00922312367203799  0.01109013433418032  0.01288990875769770  0.01502561085506338
  0.01693479192644576  0.01876860357404534  0.02064767163211945  0.02251320076248241
  0.02417432565192711  0.02552204814449515  0.02673705888353667  0.02765619650101137
  0.02853849770487578  0.02964893767103429  0.03081156272013072  0.03193292267538694
  0.03303527937422596  0.03432804685637221  0.03574670475076454  0.03699441939904462
  0.03819512383683374  0.03954709323085285  0.04107713763289814  0.04271784524677175
  0.04431510686830822  0.04601725416785080  0.04696711486056434  0.04809410056790893
  0.04928455554864510  0.05049588975202209  0.05171142427049719  0.05295831916049612
  0.05424138664836405  0.05558281332965521  0.05700106957336668  0.05837018248912613
  0.05982110510276829  0.06132044107522219  0.06269431601140615  0.06397436733323636
  0.06515706989142762  0.06628482923838731  0.06768351638140449  0.06929862514563720
  0.07054173854682948  0.07166359716048655  0.07376761511410601  0.07601014936374266
  0.07849394254159206  0.08129400262706618  0.08386399113486902  0.08638289628168805
  0.08883169936662720  0.09120853579265840  0.09366303890592778  0.09616958301571034
  0.09869602109541711  0.10115460296444684  0.10342599660738352  0.10603159718315842
  0.10913782833195415  0.11250360437496970  0.11591584443698920  0.12003818799610078
  0.12437402665927523  0.12908881732097191  0.13273971744837090  0.13583661153672985
  0.13836412672091966  0.13873840966806597  0.13953581019113190  0.14201803287521406
  0.14646888146188125  0.15221363029865986  0.15716818121991136  0.16191242553602267
  0.16628958073021624  0.17059107206193122  0.17502613511103388  0.17939241184955329
  0.18368421102757762  0.18787631076347577  0.19194906907711801  0.19546293410319909
  0.21722554253136686  0.26988812916992644  0.32155824015853618  0.37147257621339191
  0.41853550198590866  0.45536904359046976  0.49220258519503124  1.00000000000000000
 -0.00000095253053005  0.00003332940234399  0.00006150167194785  0.00008791663411856
  0.00010920903802655  0.00012715129577526  0.00014332428541361  0.00016077088101754
  0.00018125362442756  0.00020217361003179  0.00022237763663810  0.00024282408165978
  0.00026314759225416  0.00028245026854225  0.00030136699225081  0.00031864276458332
  0.00033556556512538  0.00035435556420420  0.00037372485286265  0.00039379489553569
  0.00041711046095366  0.00044240282471480  0.00047004560085399  0.00049395291566211
  0.00051348910103452  0.00053290645606032  0.00055358976967136  0.00057703524660602
  0.00060226296344488  0.00062437587735775  0.00065338257483564  0.00069027471656629
  0.00072162021597463  0.00075592073022347  0.00078503554748395  0.00081580374713157
  0.00084374906430268  0.00087481443623102  0.00091308724750440  0.00095734855114105
  0.00100266324536900  0.00104074960088658  0.00108124837445982  0.00113084322036524
  0.00118234309751009  0.00123503210286341  0.00130626541241726  0.00138364987175654
  0.00146238083188658  0.00153051441426762  0.00160606031376078  0.00168670433529003
  0.00177070409536058  0.00185604310506085  0.00194867799526596  0.00204096788733547
  0.00212976245181649  0.00221331154351539  0.00229513406713660  0.00237208398546016
  0.00244183938156499  0.00253061290589833  0.00264979925056036  0.00278451094133742
  0.00291679301522824  0.00304439652024307  0.00315039779900830  0.00324985863947217
  0.00336026673591149  0.00352877160606868  0.00378447495754376  0.00404623628266176
  0.00430397306963378  0.00461964808159831  0.00494866136999200  0.00525903319507264
  0.00557815736256317  0.00600063804062165  0.00653443266709488  0.00715439305956831
  0.00783754411124662  0.00862445407799238  0.00969699100629584  0.01086995475593380
  0.01189059988520915  0.01310132798275698  0.01439026829651253  0.01573132626436462
  0.01722160143743520  0.01961009755673714  0.02437074394075976  0.03005024840591659
  0.04606519933140023  0.10796032886782037  0.25344587235237526  1.00000000000000000
  0.00018247672774140  0.00036157572645777  0.00052526594519465  0.00069635828689972
  0.00087617482033646  0.00101767147673873  0.00112503741551403  0.00120007069044095
  0.00128875856498288  0.00138077789073774  0.00153707799107832  0.00176738484629520
  0.00201768850877483  0.00228009526047194  0.00255711753574462  0.00285931278710070
  0.00314453505266739  0.00353027574758830  0.00387395780225994  0.00421964644503833
  0.00474208810037026  0.00528951059946482  0.00575221735262398  0.00610126651758844
  0.00650750427683872  0.00697563459216235  0.00740410978872142  0.00780708564834772
  0.00828372746623566  0.00871603731670977  0.00909540463573214  0.00943669558397667
  0.00977635691810482  0.01018119854464683  0.01059322492119734  0.01109843828166127
  0.01172308199749834  0.01247979325052730  0.01323528817912256  0.01376304274433751
  0.01421930320176236  0.01464433054743516  0.01512095024723973  0.01557081225045760
  0.01609299004313676  0.01681960170594092  0.01763779481580516  0.01839357548149856
  0.01935896662677979  0.02035224477401628  0.02131615366147712  0.02233633187292186
  0.02345040470612612  0.02468068484024964  0.02609884226081061  0.02786941720499334
  0.02979865461709589  0.03128757104085204  0.03257035122094268  0.03382925543208608
  0.03524466748177000  0.03690074911577775  0.03858559645819060  0.04020925757620485
  0.04171741576574870  0.04320556646270967  0.04408476188359590  0.04513766319776244
  0.04630699805228624  0.04779772774977627  0.04952070184987593  0.05107926975154704
  0.05258768409957756  0.05536606316779107  0.05931530615295333  0.06298296507147952
  0.06648527019745636  0.06993257818692422  0.07309447825939724  0.07579057907693987
  0.07823629415585996  0.08125858271566903  0.08476874318838833  0.08741230294716051
  0.09008667756931868  0.09346072398100085  0.09860372055932226  0.10494146585835779
  0.11337284482313585  0.12361630596486886  0.12741964165294509  0.12813768373231171
  0.14768993508576730  0.16940509820392521  0.19586829493680435  1.00000000000000000
 -0.00541464637782402  0.01343546730795712  0.03111523597345482  0.04731300093497041
  0.05952999420092327  0.07135533598129676  0.08284915124991851  0.09391274566469621
  0.10531838450407900  0.11470185645750516  0.12433465387923662  0.13487558846729072
  0.14460312162000705  0.15549187815206233  0.16610067224576905  0.17430409101499375
  0.18266293050519372  0.19095909628599558  0.20106693860166941  0.21366866612729057
  0.22709547685113113  0.24012430527266018  0.25251003132443495  0.26463070755839130
  0.27592043941950428  0.28738592766542281  0.29823825582306440  0.31003843111443802
  0.32276992269031601  0.33632016608403070  0.35006473900229984  0.36185584525272829
  0.37302789993425456  0.38304670306261601  0.39362940761360204  0.40535115229215130
  0.41483406230877412  0.42135166810879188  0.42644694634525832  0.43339280292058480
  0.43982963139262238  0.44513625473275031  0.45194358317243061  0.45805961858044925
  0.46301866253207524  0.46776333191405756  0.47368725561812647  0.48096564279726628
  0.49438641499409530  0.51176381021401718  0.52573284198834225  0.53639245701518012
  0.54657044462745497  0.55786346063975489  0.56919111876121486  0.57899922954200478
  0.59063875434963187  0.60542888152329699  0.61774444415907848  0.62913593771452148
  0.64037719666550286  0.65121061312515227  0.66162314598769256  0.67288147374926022
  0.68462174516983421  0.69632020965399666  0.70796654960812733  0.71836317970230079
  0.72871828049774556  0.74046866612693008  0.75083668679481363  0.75886726646818825
  0.76690137656292412  0.77564880608964304  0.78499756516832364  0.79268172204781606
  0.79939180291650314  0.80627049829519060  0.81456598530901481  0.82623127000433427
  0.83890907682630411  0.84860573496955793  0.85730652067188906  0.86567608713228672
  0.87369030492312172  0.88669037868641010  0.89992412910228492  0.91179424527007313
  0.92275337056351114  0.93288780859710496  0.94184489380321068  0.95026934350616943
  0.96014978285635855  0.97367130839739691  0.98688011534780062  1.00000000000000000
  0.00018592764548097  0.03820426830277800  0.05379775453868006  0.06319850094112435
  0.07071996379825821  0.07745062555295401  0.08366389587251737  0.09004370615805619
  0.09654298842465785  0.10419040008420817  0.11149687245787530  0.11812293437950951
  0.12333574738780220  0.12761674417778199  0.13140494640452463  0.13483644858757171
  0.13906995592315560  0.14330389418630063  0.14717050426793715  0.15080752987300083
  0.15438390904729510  0.15769783097891099  0.16069061379696911  0.16366946773788693
  0.16668804204903329  0.16958440157435792  0.17272792983025143  0.17598055850171390
  0.17986117428750684  0.18382145028592042  0.18715419697856911  0.19045504512291037
  0.19422155266868421  0.19832830694547918  0.20265801539066092  0.20681620734803327
  0.21057219721250894  0.21389017651285902  0.21738549977494670  0.22051421027758650
  0.22325641049408576  0.22634596179420211  0.22921111593669655  0.23204123328804258
  0.23449587447610892  0.23734850967278914  0.24065363565210918  0.24344761661592729
  0.24595202819019538  0.24809800283074812  0.24994645824019907  0.25160490633548593
  0.25352513953871769  0.25601586716344188  0.25794054070713562  0.25964823035690132
  0.26147211028689776  0.26372550600636191  0.26607491758481588  0.26939805281955870
  0.27279864204062687  0.27627656297382686  0.27957234767956074  0.28259048120386498
  0.28515477056642546  0.28752914248790679  0.29067131126121881  0.29469360033397812
  0.29863327217946833  0.30183256385684715  0.30528463706923359  0.30904504874372857
  0.31294224218416705  0.31683900815454707  0.32309666227949901  0.32877288248688702
  0.33388284283341424  0.34101798128569133  0.35103063989622163  0.35869189465484341
  0.36557466051134735  0.37158117640496274  0.37692239979908676  0.38293974977955947
  0.38752235263268509  0.39356270018731387  0.40159405599596415  0.41160123998305975
  0.42228847897693594  0.43775561331550689  0.45704218013903003  0.50073266863253874
  0.56039084513119486  0.63974764430702780  0.78995400418967576  1.00000000000000000
 -0.00400744604351185  0.01172202863561592  0.02663723515928685  0.04058408042038117
  0.05172384803295710  0.06107477723312246  0.07071086849907288  0.08111671287294023
  0.09123661786801636  0.10087633973878643  0.11055252054091452  0.12010813776187963
  0.12867074284614666  0.13758340561557544  0.14801865065775180  0.15585515753417059
  0.16346831775897017  0.17207562320812023  0.18286166217064412  0.19582859129040858
  0.21058698998650338  0.22853953165185106  0.24402101082523830  0.25161440277503638
  0.25846693196641951  0.26468976375718656  0.27068906636929757  0.27839780186087165
  0.28539495972128182  0.29312182804730241  0.30197590688503206  0.31217222803555483
  0.32216084066351863  0.33199864905114579  0.34271408475710058  0.35615033460747347
  0.36781333265022281  0.37840250729266300  0.38883341554722400  0.39974125855995674
  0.41336133413489567  0.42605992431819067  0.43804947899488267  0.44973752176620563
  0.46150181111955441  0.47320090009878540  0.48462942992838920  0.49720112343172002
  0.51079487664921952  0.52314203433386719  0.53230251121951655  0.54230742782432351
  0.55178665358465773  0.56005762253745384  0.56730049831843965  0.57490823408462410
  0.58167926002232417  0.59144698744760393  0.60178376938913625  0.61042273669146352
  0.62192255468304924  0.63444812584790833  0.64641649238825705  0.65826236032603369
  0.67039995025584509  0.68317242512272636  0.69482041984862508  0.70495856869016449
  0.71330591215488337  0.72302648329448238  0.73221715914544949  0.74253268867576550
  0.75344914547587316  0.76732573734768261  0.78227331763659680  0.79667266441642570
  0.80927925546084878  0.81905587337721097  0.82684646972165055  0.83499510829519186
  0.84230096950355104  0.84928371072952968  0.85509158914132866  0.86101235695011669
  0.86755345890016133  0.87540675288061187  0.88489966050974234  0.89504415532042858
  0.90449451621850818  0.91476700624005691  0.92566978692680746  0.94086648276628826
  0.95464175095948600  0.96860790008229181  0.98368868594206471  1.00000000000000000
  0.00534624498966715  0.01014904702471397  0.01551651143942991  0.01938732637072232
  0.02240201233657205  0.02484456790277599  0.02719532963837365  0.02958087790747535
  0.03201536693006858  0.03437783117389347  0.03676643337982942  0.03922771538338264
  0.04187993040667957  0.04422397245547942  0.04622144786310881  0.04782957529994567
  0.04905433770870208  0.05030326564580111  0.05164269412790437  0.05295542777828565
  0.05423700713445313  0.05588018280466578  0.05766558846695502  0.05936676703440717
  0.06094857681494831  0.06245376531372857  0.06383747622531238  0.06523706653162947
  0.06671970365469430  0.06791739471019886  0.06909144140564573  0.07034758322915761
  0.07165268610749455  0.07318469092586558  0.07472786042699549  0.07603299996227836
  0.07737968159632862  0.07864158050930922  0.07980341152493028  0.08101834307272626
  0.08238393315213126  0.08375199255557485  0.08489343252925104  0.08584369605226436
  0.08665055880527608  0.08762996682450168  0.08887840066657894  0.09024061239958915
  0.09190521415125433  0.09348933909503460  0.09481751946424653  0.09605673937425621
  0.09731980074989820  0.09875501379905773  0.10052448019772700  0.10267955698352860
  0.10474126316577044  0.10677457789438145  0.10836437116433792  0.10984829367997800
  0.11105025906588574  0.11214249132284748  0.11306805217754161  0.11429061831381927
  0.11622366096260986  0.11839189685433696  0.12026768450059386  0.12193661083709877
  0.12352127489075573  0.12534990793115147  0.12701471225294247  0.13047435804310187
  0.13455910035202573  0.13870563870225344  0.14240603303090388  0.14617931770108333
  0.15047620899509476  0.15429411454464126  0.15760646723148661  0.16059240867772495
  0.16372862085188958  0.16816260398259644  0.17414225966777944  0.18057965714197868
  0.18598890645311647  0.19022292269194099  0.19486054555266499  0.20140046553867763
  0.20522377002352307  0.20896038774668754  0.21482763905994204  0.22107993989969096
  0.24027190844380014  0.29102981089964686  0.54386662554303322  1.00000000000000000
 -0.00426291473242084  0.01381558283317995  0.02658840300053630  0.03675545454730474
  0.04590715132789603  0.05469129233219655  0.06304469363453342  0.07084613128819599
  0.07822010226152176  0.08613104158327642  0.09394371159428902  0.10172279143981254
  0.10986941263068845  0.11822886365192270  0.12679754991405204  0.13562696967017346
  0.14678500011373474  0.15896619303082779  0.17072523561062924  0.18253562666463116
  0.19543560088412565  0.20739844531454055  0.21789549669426078  0.22730409236674448
  0.23703201973661758  0.24676462961350099  0.25598115441560554  0.26560843624588093
  0.27800125836795375  0.28988025756357111  0.29703389263597035  0.30179249960424742
  0.30703890974449721  0.31561738881833340  0.32339062487030962  0.32892249573148807
  0.33591805296140348  0.34443762342081380  0.35060967600585863  0.36002181718862480
  0.37481423356143706  0.39107672144714462  0.40619085251389669  0.41959205608052719
  0.43748501393685130  0.45790695800903924  0.47929985091790572  0.49793248194612111
  0.50869448398642148  0.51757523473647771  0.52962521286809050  0.54487014257251931
  0.55431309369783988  0.56523850464104675  0.57735744900075137  0.58900903850023156
  0.60290035508229767  0.61880354037036689  0.63466650526449386  0.65033691204419775
  0.66779047971271976  0.68578940770494312  0.70327780441643484  0.72140153023746190
  0.73667549940019239  0.74617911606859222  0.75514956957823098  0.76327169560898589
  0.77091723617565910  0.77978800752107824  0.78766518059204882  0.79489029261252453
  0.80125526626430210  0.80799497527261477  0.81527729888433487  0.82333095284217395
  0.83076193937995069  0.83941534044763488  0.85056305186527892  0.86377589679408817
  0.87736564524748228  0.89083068649564856  0.90419732937191266  0.91663465346695250
  0.92603626077440837  0.93244529971360135  0.93701197414746418  0.94102916230840827
  0.94508480625043356  0.95076830217980612  0.95786216243248024  0.96516408814875221
  0.97186528393671123  0.97849658055082511  0.98722261708034242  1.00000000000000000
 -0.10324049659961650  0.78133141171494125  0.85977000701221873  0.89006288550910462
  0.90396672399619549  0.91375386279608128  0.92200049017394026  0.92944700352279741
  0.93515814763633875  0.94016723978893812  0.94453178563949480  0.94831441785143789
  0.95152037541245715  0.95441098840362193  0.95700022844646471  0.95907033313672596
  0.96067401870659563  0.96224096038404594  0.96343918732882761  0.96442322625360510
  0.96533179484522058  0.96612711858665268  0.96703201762564450  0.96795106830569355
  0.96885443844499275  0.96977788137007082  0.97059362925147596  0.97140801572921409
  0.97231984545932482  0.97326231007802588  0.97422073976549561  0.97514355482138870
  0.97589245910917544  0.97653985898444373  0.97710566902078355  0.97763246073544052
  0.97814807327859155  0.97860054609184599  0.97897565438307155  0.97932211616448772
  0.97964495065018076  0.97996594224299505  0.98030683705113797  0.98063284699456810
  0.98094434142025955  0.98128561902513700  0.98163560651821291  0.98201948068153400
  0.98241975249406055  0.98281356602895131  0.98320640760981060  0.98358629460580616
  0.98395938964539820  0.98431152764127672  0.98462444835041973  0.98490491470739439
  0.98517265424875367  0.98543888088365683  0.98571585613759916  0.98602467660681981
  0.98634480528469159  0.98665804146043223  0.98698350508835497  0.98734383771701528
  0.98772101835960802  0.98811838893907811  0.98850123975930437  0.98885168101481979
  0.98918701641279105  0.98947633346655861  0.98973435092729756  0.98997650406522963
  0.99022722716425104  0.99046708160036800  0.99068194780772034  0.99090571132819960
  0.99113073460099588  0.99135903935419378  0.99159817306199816  0.99185139138654022
  0.99209889324845335  0.99238481076324103  0.99271932101942040  0.99308657513005050
  0.99345724170946170  0.99387353437182469  0.99426234854356965  0.99460604169353417
  0.99492405376787385  0.99520652679068355  0.99550020700600228  0.99583376062753104
  0.99618942956350909  0.99670635263341756  0.99779180256077848  1.00000000000000000
   4.0937730216065629E-011  -1.0000000000000000     
 F F F F F F F F F F F F F F F F F F F F F F F F F F F F F F F F
  <DiscreteSampler_grid>
  grouped_processes
  1 # 1 for a reference and 2 for a running grid.
  10 # Attribute 'min_bin_probing_points' of the grid.
  1 # Attribute 'grid_mode' of the grid. 1=='default',2=='initialization'
  0.0000000000000000 # Attribute 'small_contrib_threshold' of the grid.
  0.5000000000000000 # Attribute 'damping_power' of the grid.
 # binID   n_entries weight   weight_sqr   abs_weight
    10   10   2.970186101780437E-006   7.585448565979250E-011   2.970186101780437E-006
  </DiscreteSampler_grid>
