  0.00171863268980992  0.00648169029521831  0.00971355110044367  0.01253261081368101
  0.01523258310249235  0.01787029810503563  0.02108081099316548  0.02337344348471939
  0.02504598194976803  0.02654659847365344  0.02843430399350970  0.03104745206689891
  0.03378248949995726  0.03643743407815925  0.03871686376745154  0.04083315783450510
  0.04296932054910382  0.04414996481717736  0.04566045308935794  0.04725512552020616
  0.04879536803804595  0.05042974568912699  0.05240505587134554  0.05457299921869398
  0.05672164249096583  0.05787697207634680  0.05915570020896285  0.06038484932842496
  0.06150251845008488  0.06266482850182253  0.06375308847464962  0.06481873402634698
  0.06594558907429997  0.06725390080905493  0.06854406518309453  0.06960429738134366
  0.07046292303631409  0.07158550981240872  0.07314066326357581  0.07496830966116012
  0.07666135316310020  0.07842605071826200  0.08021289889852737  0.08196104642133560
  0.08357188146604290  0.08528592404453066  0.08713581079321019  0.08922972288746478
  0.09163870386905894  0.09369232613004855  0.09616070943582189  0.09879552633108130
  0.10146581689108583  0.10407127164746170  0.10646281549931050  0.10876922918904952
  0.11080615219965446  0.11304242522716357  0.11546325535969923  0.11777464687658963
  0.12029160736432810  0.12313695450307391  0.12629494277967074  0.12827239862804565
  0.13004623848490046  0.13184633998179437  0.13397397742373771  0.13710423209659162
  0.14100902568347581  0.14524967088864779  0.14984131418361160  0.15439015173871706
  0.15865160280895341  0.16252691914134856  0.16633738757305966  0.17029597644400557
  0.17433238740308843  0.17807917098217813  0.18100087088764627  0.18405094724184226
  0.18656189580352653  0.18968861851357569  0.19846420697057654  0.21158515750196932
  0.22432562191903810  0.23925242544064210  0.25616848499381145  0.27911235692439573
  0.30258457861622762  0.32747608047261001  0.35776306005182335  0.39595205152162116
  0.42828188771318543  0.49404980981048019  0.69562589598544267  1.00000000000000000
  0.00000196064564114  0.00002148629013798  0.00004822641609958  0.00007267577985857
  0.00009290795960351  0.00011621896329303  0.00014092775588696  0.00015842827882982
  0.00017699672148278  0.00019683605102103  0.00021796395793700  0.00023767146450502
  0.00025363811462804  0.00027275852062070  0.00029535051700041  0.00032193439911105
  0.00035402332416661  0.00038743907552997  0.00041812388501981  0.00044027084060037
  0.00046354165177926  0.00048580227332562  0.00051043376271897  0.00053483711308961
  0.00055848742853468  0.00058054680307508  0.00060482272931192  0.00063729299539957
  0.00067435701970524  0.00075004966728840  0.00081632861434286  0.00087303555136122
  0.00092114500014302  0.00097497066753787  0.00104239985724595  0.00110571950089153
  0.00116137177950675  0.00121948936262310  0.00127525623344059  0.00133288498699195
  0.00140264636507965  0.00146886222326488  0.00153386650137053  0.00160835836417295
  0.00169323920434611  0.00179175517187723  0.00189994575840650  0.00199931428771085
  0.00212561972244659  0.00226172082774803  0.00240845672411952  0.00256341370186930
  0.00271252452453097  0.00284537327139203  0.00296141115756170  0.00306842873224033
  0.00317373867737800  0.00328138454246269  0.00340063763421240  0.00356666939152443
  0.00382057873657793  0.00409694831898614  0.00434214791652743  0.00459656377142383
  0.00488057599415766  0.00518970931574479  0.00548875254839783  0.00575635650039495
  0.00593816031074013  0.00608406832851395  0.00624863564988483  0.00643682175829402
  0.00682983561571933  0.00723100485995761  0.00765371698895972  0.00810176321259696
  0.00859089327004279  0.00915858917229027  0.00977553719314924  0.01059578639148692
  0.01147698443405263  0.01233936181531523  0.01316024649260461  0.01446985027687353
  0.01582799585031430  0.01693032065662070  0.01833055898809253  0.02054563594790429
  0.02340511609531924  0.03004563237791673  0.03783492885423036  0.04895806326086986
  0.06794482670789971  0.09607376814624079  0.15227415413963843  1.00000000000000000
  0.00030019194536017  0.00058203242138850  0.00084468722470129  0.00112158328654011
  0.00145878284665248  0.00185219145524252  0.00242725069331404  0.00303772980396623
  0.00352612780319412  0.00395177386191079  0.00445626016545634  0.00505233167793988
  0.00558680946073125  0.00614477792291412  0.00678261235422891  0.00747893563698171
  0.00802734771258999  0.00862410554000360  0.00925272331333088  0.00988229317173876
  0.01059472264009319  0.01122604841212118  0.01204086585675979  0.01285828038975606
  0.01392307914671387  0.01524352854330286  0.01634083498643810  0.01735256465272367
  0.01837738942489857  0.01948277042046637  0.02049965467541590  0.02186572895671102
  0.02364463614238256  0.02519079035765671  0.02647825375249400  0.02799117848408878
  0.02924771496748141  0.03038193821233287  0.03155057023157663  0.03298290610860871
  0.03465040559949709  0.03628984811660871  0.03767971044982592  0.03914975321157289
  0.04051762147194687  0.04207822791147250  0.04382010098607769  0.04519930776715963
  0.05007968554351306  0.05496522681525469  0.05976426030584057  0.06459057321758514
  0.06716126225107186  0.06938892457684359  0.07205405760770528  0.07531494123560847
  0.07949393491284831  0.08631100406365219  0.08812695594315741  0.08951950459630807
  0.09129838257221820  0.09314556838540811  0.09494106496414186  0.09647534649823843
  0.09820969236737288  0.10005717067823927  0.10141635836433549  0.10284595604727971
  0.10462177379879473  0.10680611064129156  0.11051667560021926  0.11757203101868845
  0.12401563150339882  0.13033840601844154  0.13626232791961063  0.14117960277972200
  0.14561261512639123  0.15079533289265942  0.15596844365569154  0.16046218861025974
  0.16533256737021951  0.17244162084510645  0.17981299177329912  0.18617656356278448
  0.19194167199519235  0.19703268991811862  0.20197055244970324  0.20701605960180461
  0.21353458658946142  0.22973670146373076  0.24450075497990884  0.25675238879474943
  0.26708171965033450  0.27300173272765416  0.27815999229942928  1.00000000000000000
 -0.00212437459450943  0.00281704209741087  0.00872987458086565  0.01545720853499312
  0.02246842806169813  0.02931984427880785  0.03577727542745117  0.04193179514492681
  0.04790311560462596  0.05464954112772295  0.06209353805911498  0.07028000096503505
  0.07955090208964245  0.08892209963412252  0.09739458557662306  0.10483764849847649
  0.11209256007086761  0.11908407650951741  0.12547325571157164  0.13173382204743467
  0.13772557475590591  0.14249363460862963  0.14714193753146962  0.15179617397742604
  0.15671492725059089  0.16294882388730997  0.16814218070793394  0.17443770312116108
  0.18054639125990740  0.18645799269507576  0.19209859592150808  0.19802116584235485
  0.20396031906750259  0.21109435115421329  0.21672196127846621  0.22265814633056177
  0.22863036805460288  0.23535724660232754  0.24244415964627455  0.24989048246200521
  0.26028161446455395  0.27247093228905644  0.28564696228969605  0.29723399190793881
  0.30606728252357318  0.31462090558329053  0.32306562381526377  0.33206755650202141
  0.34150330978026894  0.35015350503494647  0.35900022091538047  0.36857100489622491
  0.38071154998391832  0.39505299846857683  0.40894784788655725  0.42037868728288186
  0.42855671261901940  0.43568847903430497  0.44316750066228811  0.45356811673456643
  0.46240344141694556  0.46840637125065560  0.47421050168880285  0.48129517838403596
  0.48868205641642448  0.49466007779708215  0.50104105855947867  0.50814962242792128
  0.51441053442149154  0.52173454662223639  0.53269890275809428  0.54489297802220371
  0.55619454384761990  0.56601968495927990  0.57635918836529798  0.58861096452450135
  0.60317335667296412  0.61845782635037017  0.63282623357576639  0.64287232793672566
  0.65603180748063483  0.67056041654762777  0.68516376338541030  0.70359531123133223
  0.72084253653672115  0.73748428411164002  0.75391646359490339  0.77010504457506590
  0.78673546626283575  0.80626852155452344  0.82807913107293774  0.85041786873170611
  0.87587617971891907  0.90549028208643434  0.94781194803433311  1.00000000000000000
 -0.00484830875656970  0.01490722390490365  0.02745746092321463  0.03703609505299026
  0.04681768246954562  0.05661174382812185  0.06631001338235024  0.07473875288819701
  0.08279366165031540  0.09191772842184878  0.10222403626351156  0.11346618851054552
  0.12652490248741993  0.14204626667082854  0.15762512849924296  0.17184003538710704
  0.18340820172664563  0.19223292775870104  0.19881485796761739  0.20589436413257373
  0.21439149342108785  0.22257779361236329  0.23011188151695885  0.23716926276562383
  0.24419054105340932  0.25184189437093457  0.26019873031215884  0.26881040405001544
  0.27802878610384374  0.29151352692503252  0.31298515806702426  0.33217921857679650
  0.34561321360884600  0.35602431044978894  0.36562762886662470  0.37723811623382902
  0.38924984536624546  0.40276557006774399  0.42192958301273875  0.44241778281727484
  0.46064570407538713  0.47681028415035176  0.49155019199112215  0.50539390448433164
  0.51728289278456263  0.52894980071843489  0.54141741373462893  0.55278043305179181
  0.56287226700073756  0.57362070711968027  0.58772890493736074  0.60498957868350545
  0.62373925956421938  0.64002163887257357  0.65355108403581719  0.66560878041253690
  0.67758696685428899  0.68737961120881230  0.69632408558489911  0.70666495241117744
  0.71729469765205667  0.72751782673421972  0.73786889052371540  0.74619299677918594
  0.75303781661474711  0.76055493215834735  0.76854085825865548  0.77968873617791679
  0.79181594931648736  0.80076047867684230  0.80997364844004327  0.82121799951386609
  0.83638003039157149  0.85340176838273929  0.85950206816736519  0.86576490265388273
  0.87143511129167395  0.87707426248683862  0.88317870595182546  0.88694482629790550
  0.89047804124727337  0.89520882453868356  0.90176954102533080  0.90885107102239204
  0.91526689644434367  0.92587098931692946  0.93650733312463419  0.94441804580137223
  0.95120382929548464  0.95753468763935845  0.96403080794554308  0.97095646040221339
  0.97815823259255918  0.98439728371965796  0.99143810491743245  1.00000000000000000
 -0.00207270207623014  0.01015673930559848  0.02219041468420468  0.03552292607648222
  0.04835481261291530  0.06057089657643898  0.07545201069556093  0.09186123488626199
  0.10541254615037367  0.11540428627852771  0.12479046852794658  0.13583378750879793
  0.14659984195322623  0.15376301198494616  0.15906907043152996  0.16577857013610692
  0.17220909668970319  0.17939779012309853  0.18727370310051253  0.19696286649740552
  0.20735347146801961  0.21755460510260763  0.22751206605006025  0.23821557833541249
  0.24976507737467143  0.26038007923503054  0.27098210375205234  0.28097011974771818
  0.29071178478036613  0.30133605230484983  0.31300417679079723  0.32412234626623782
  0.33644003470179334  0.34981562424758389  0.36387490426687652  0.38127063970771075
  0.39398201874603828  0.40225046743556087  0.40847348015898027  0.41518278898940547
  0.42138026580766458  0.42696062474973662  0.43272718092149770  0.43982925279487900
  0.44626290033129512  0.45186758767476487  0.45842779171449055  0.46754841691890936
  0.47692277770432479  0.48411361133984249  0.48968010538952028  0.49505499711881173
  0.50462790157228976  0.51562287890548031  0.52842062588913696  0.54406588059227945
  0.55957058964414441  0.57390125372404388  0.58701656893788889  0.59915436663870580
  0.60994152283557312  0.61963777236889428  0.62897450246625308  0.63848762806829973
  0.65001593682127923  0.66210339812364383  0.67333990649491049  0.68483147462352623
  0.69724188316957303  0.71140864587711039  0.72720719224511521  0.74028941269141180
  0.74897496971112609  0.75665686507656682  0.76471557564814752  0.77448835842208208
  0.78675921583721609  0.79928076723049346  0.80886156897044215  0.81940101637185381
  0.82958513144404566  0.83962007791980542  0.84920798127329311  0.86094747286751994
  0.87501816066198357  0.89644235508246117  0.91354076290158281  0.92703228042086649
  0.93798241983382624  0.94675010868712484  0.95517019218199417  0.96297584246271273
  0.97097484409632817  0.97999936056044745  0.98988471710405446  1.00000000000000000
 -0.00134001887863971  0.04490771375108111  0.06672818616004146  0.08253964921862855
  0.09304489327968175  0.10086237961446355  0.10835404934291580  0.11581209856071110
  0.12208075602816354  0.12673728426194902  0.13048537143516772  0.13450977297122910
  0.13881926727635877  0.14345315014234553  0.14815611723703967  0.15268779100122812
  0.15628593451484951  0.15955226004820586  0.16261275841902428  0.16594597808756775
  0.16959959380922907  0.17356267758596983  0.17756922336755021  0.18138852484493401
  0.18489597477150957  0.18911510986716998  0.19419841631469636  0.19958091923985005
  0.20455384573209748  0.20921992783347704  0.21340576105509573  0.21752172788271995
  0.22161214294430137  0.22537500468596541  0.22915378016590623  0.23295229479410384
  0.23688764385417074  0.24038897008678073  0.24317876564155858  0.24590618230421282
  0.24873966755690288  0.25197986535510020  0.25629942091924024  0.26162154341542060
  0.26718142828363972  0.27239189893545779  0.27632936199255076  0.27984600279077160
  0.28280772344465360  0.28475347573665810  0.28639783558202625  0.28802425733178999
  0.28976802437523869  0.29167970992714642  0.29371797740544953  0.29724164748848447
  0.29960781190542557  0.30181444569430860  0.30408196140784904  0.30607345551353460
  0.30800220587791488  0.31056631811676638  0.31654769980681841  0.32244411267018358
  0.32769882553712082  0.33178648462043364  0.33613709098618660  0.34174658264056007
  0.34685980810833933  0.35126797940320698  0.35487651307102752  0.35852925712013400
  0.36221831863834059  0.36710201093002320  0.37376573431302040  0.38089774946378824
  0.38788744384415519  0.39437895923949867  0.40280605053532004  0.41088839664438592
  0.41727157469609810  0.42159578628772681  0.42568528762419283  0.43057296207354162
  0.43556710898408518  0.44125458567514270  0.44778830213241388  0.45471356608691876
  0.46480944959851239  0.47112770213211941  0.47786147175653482  0.48723177144983265
  0.51293478657822678  0.58335690815478380  0.92878032898491425  1.00000000000000000
 -0.00508738995748249  0.01827800374585176  0.03598421749032657  0.05375646165526267
  0.07214560017822327  0.08803611215112853  0.10275720051969373  0.11559826053453778
  0.12691199374977330  0.13994478392924820  0.15701847200680935  0.17965227450366336
  0.19808073110965932  0.21247015964993665  0.22699465020956594  0.23979485993792421
  0.25237632557473383  0.26732081033164112  0.28305163817696621  0.29583095100199169
  0.30465996523030681  0.31208282725560216  0.31980448109548371  0.32880338633525530
  0.33950834520931922  0.35014655772853570  0.35951479117448926  0.36811926600401951
  0.37644238703918187  0.38528878761277963  0.39431494202095668  0.40349391744851321
  0.41289594858556256  0.42060024277520347  0.42842762830019276  0.43562820087468868
  0.44214661086270418  0.44879167124154073  0.45553399704318032  0.46289093762192657
  0.47148141850521963  0.48087819083801431  0.49137331164884551  0.50339013803929711
  0.51513006290352759  0.52454313852736001  0.53231893592035540  0.53910904102544510
  0.54510397495544216  0.55075808088108602  0.55643581425959898  0.56154867624243732
  0.56676480558071141  0.57196076132115981  0.57834941827101560  0.58329019597050091
  0.58807111261355871  0.59582336188095331  0.60254999746093874  0.60961113714819504
  0.61681816294962444  0.62438495346360889  0.63306671730396058  0.64297118337169235
  0.64925077532738873  0.65475509463516346  0.66076730385214844  0.66599834265912561
  0.67104616358085278  0.67712027356705662  0.68454432691148082  0.69178747460404955
  0.69806572802146394  0.70441174618517721  0.71170380955106327  0.72090450790126281
  0.72852736165544996  0.73522637307328875  0.74237609839501117  0.75067805718395997
  0.76124335157588219  0.77311355703274576  0.78360735645726942  0.79377756188083204
  0.80543109023021486  0.81937185025859482  0.82815348584216919  0.83842716083486124
  0.85078238159498110  0.86464314517230700  0.88621000778818471  0.91021363823366530
  0.93635147624459558  0.96164300349693876  0.98278763605345398  1.00000000000000000
 -0.03787408785241295  0.67691191229911341  0.79529611078298068  0.84891924100811356
  0.88195700301863289  0.90446187985111215  0.91887393018075891  0.92739963089849708
  0.93494595936125757  0.94097094255965641  0.94516918921656168  0.94850709386872012
  0.95155511964407946  0.95475077436182076  0.95738776367542844  0.95904943465724812
  0.96010681898099914  0.96113324817932444  0.96222645508082671  0.96327418084937544
  0.96419232046262848  0.96511254533295721  0.96600120638086229  0.96695943724907230
  0.96810671428942874  0.96923052888150285  0.97022832295356987  0.97113372640683138
  0.97197927038167009  0.97282533350035560  0.97366366918088942  0.97446947065675471
  0.97519144067839725  0.97588690800854061  0.97659922228730356  0.97728767516089066
  0.97793752676758106  0.97858425874610766  0.97920022340345803  0.97974561288544626
  0.98017543071136837  0.98060315953614297  0.98102329800183241  0.98146375510503225
  0.98192608790366320  0.98240093780395721  0.98288579110014762  0.98337394787972021
  0.98385148885048124  0.98436523620990524  0.98484932407161130  0.98529496813327921
  0.98568827793999181  0.98604097093044174  0.98637198857443842  0.98669738165009691
  0.98699977290699692  0.98727193012368963  0.98752970723085043  0.98776231149711813
  0.98800836477468801  0.98828158177575276  0.98856296751186290  0.98883162823618109
  0.98910303503647878  0.98938035144879077  0.98960908095529221  0.98983445740727938
  0.99005767654911059  0.99029856035207398  0.99055104506650571  0.99087041546096899
  0.99122663146656609  0.99160400088686196  0.99192636339814810  0.99226016507096482
  0.99260427947602092  0.99291472138045000  0.99320772630215914  0.99347491942640664
  0.99372894249591881  0.99397500066351108  0.99422520832655303  0.99447117083907743
  0.99471517233679330  0.99496108928819960  0.99521971391668973  0.99554439003969819
  0.99591991810906366  0.99626076801916286  0.99662135973980359  0.99700937768986575
  0.99743437017578140  0.99797821333434700  0.99874235523511057  1.00000000000000000
   7.2943308879204243E-011  -1.0000000000000000     
 F F F F F F F F F F F F F F F F F F F F F F F F F F F F F F F F
  <DiscreteSampler_grid>
  grouped_processes
  1 # 1 for a reference and 2 for a running grid.
  10 # Attribute 'min_bin_probing_points' of the grid.
  1 # Attribute 'grid_mode' of the grid. 1=='default',2=='initialization'
  0.0000000000000000 # Attribute 'small_contrib_threshold' of the grid.
  0.5000000000000000 # Attribute 'damping_power' of the grid.
 # binID   n_entries weight   weight_sqr   abs_weight
    10   10   1.345030695712818E-006   5.092617388183470E-012   1.345030695712818E-006
  </DiscreteSampler_grid>
