  0.00107369065976094  0.00148870365814672  0.00184470445163546  0.00222714883471586
  0.00252287095856912  0.00273919502258355  0.00292930607641940  0.00311082697004941
  0.00328899685196184  0.00346127738673748  0.00359844811680250  0.00374484102553891
  0.00389084842782528  0.00401093050276298  0.00412910850018630  0.00426882962061007
  0.00440682012238741  0.00453201107074983  0.00471287028579336  0.00488897776392946
  0.00506281261556423  0.00523980601208032  0.00541720296431621  0.00560614542526330
  0.00581188894091894  0.00601706714247171  0.00623040598983849  0.00645379828273506
  0.00668545111194522  0.00692970133606250  0.00718531640841835  0.00744754000423738
  0.00772273779382079  0.00801648675458850  0.00830715120315480  0.00859097986643244
  0.00884065846084520  0.00907475443006300  0.00931715209393606  0.00957262594531259
  0.00980913327348459  0.01011258226255765  0.01042124004267586  0.01070736664437134
  0.01099686474545484  0.01130890088077295  0.01164899808484400  0.01199480982620923
  0.01230918186708778  0.01261184601534553  0.01292400510723367  0.01325626555400205
  0.01364065432277011  0.01404996162327751  0.01446247861790222  0.01490734346177394
  0.01541408978143166  0.01599453520187301  0.01662455999668471  0.01725401588991239
  0.01789039069530093  0.01855994061590157  0.01922704421107105  0.01985559130402972
  0.02046943154291499  0.02115119576813008  0.02187636583878512  0.02256889715397725
  0.02334081275375824  0.02427835503132677  0.02517939138119690  0.02606831968351126
  0.02703171756431974  0.02809496398160077  0.02925909714037019  0.03051852600655762
  0.03204408028585876  0.03393094292568118  0.03607066806104791  0.03843014121160329
  0.04104612365787794  0.04369615316948372  0.04659251680479453  0.05009203444351384
  0.05397405070462316  0.05854588055574829  0.06405408216456705  0.06997620480433758
  0.07525196419466122  0.08100450072579216  0.09123421355987779  0.11062780398761332
  0.13376121342244893  0.17491376330433120  0.39366565372833329  1.00000000000000000
  0.00000292541864455  0.00000341692933950  0.00000368228481545  0.00000388267783998
  0.00000404991152461  0.00000419309055868  0.00000433746174371  0.00000449087439095
  0.00000466122235756  0.00000485211627880  0.00000515764487255  0.00000546729450567
  0.00000576048140676  0.00000603512903156  0.00000634780784905  0.00000675917331724
  0.00000737150845608  0.00000817104052862  0.00000907706553202  0.00001002956331334
  0.00001095060752859  0.00001177614888869  0.00001268822886534  0.00001374929848551
  0.00001498020192193  0.00001635948152980  0.00001781382614310  0.00001936474269665
  0.00002117118020688  0.00002316218213605  0.00002550190050162  0.00002829194167924
  0.00003146128435943  0.00003489715995421  0.00003860503677374  0.00004281309846136
  0.00004739742893974  0.00005205628110931  0.00005689514520280  0.00006205528894164
  0.00006767934628874  0.00007384728695069  0.00008038127755065  0.00008733786576013
  0.00009478325324520  0.00010256058401780  0.00011102623589887  0.00012060626925556
  0.00013080129066653  0.00014064167132695  0.00015047989143213  0.00016122442741027
  0.00017266301069046  0.00018492747410462  0.00019864632019418  0.00021552881858766
  0.00023729707920924  0.00026390754439834  0.00029348784703812  0.00032500851335499
  0.00035809374321611  0.00039279384547534  0.00042927267033574  0.00046782046065183
  0.00050839845068994  0.00054991540702022  0.00059789698500786  0.00065240332671336
  0.00072026812777556  0.00080215601543280  0.00089015445887169  0.00098780836896761
  0.00108573067670523  0.00120383327732621  0.00134346780011909  0.00147689242577951
  0.00163417649523791  0.00182918127008699  0.00207883767088307  0.00237764685473874
  0.00275633376593426  0.00324330771645908  0.00387593071215935  0.00473067621205998
  0.00577167245032756  0.00688166549948802  0.00808718922707004  0.00966309079885935
  0.01192697766794031  0.01475875754803952  0.01892003387393416  0.02691997992765576
  0.03987473331131534  0.10169153515903233  0.23394626184982817  1.00000000000000000
  0.00009733091427473  0.00094463072774545  0.00148361733614471  0.00202189495981775
  0.00256716282891657  0.00313838457673298  0.00376954861254722  0.00435655156602449
  0.00490805504992597  0.00558599619619050  0.00628471018176761  0.00696060888526727
  0.00762499646919180  0.00819138298796689  0.00876024010291299  0.00947246478662247
  0.01026450930630981  0.01109290649505555  0.01190177190088723  0.01271536196984817
  0.01346396955781932  0.01421767019881047  0.01496832075610855  0.01580245872652286
  0.01669125016477560  0.01763632835440692  0.01858112677242507  0.01957571338016959
  0.02062742107732052  0.02167995418578744  0.02260024181234016  0.02354666915134154
  0.02461863325379401  0.02575962991238233  0.02684459954016001  0.02797242871290147
  0.02913854164476547  0.03035528950225584  0.03157100829391007  0.03285992728715908
  0.03423838432557848  0.03564912006475809  0.03718951339601534  0.03866315487899686
  0.04010797084482016  0.04158574131134033  0.04297074455916578  0.04466225409279594
  0.04647889458030254  0.04879284885380484  0.05097678866650270  0.05323251145143849
  0.05573637330320558  0.05846603666765769  0.06126220318429303  0.06407251376504410
  0.06658674969979961  0.06891428454911377  0.07125233159540088  0.07381014091718600
  0.07638606399376820  0.07887195878184156  0.08131740988743813  0.08360155905776195
  0.08558858929955840  0.08718836149579372  0.08877005219009684  0.09059368460124133
  0.09272887168658335  0.09501735610355931  0.09808163159548265  0.10185477721277555
  0.10581837141783071  0.10985727596819023  0.11381038525537759  0.11908538913754249
  0.12631107749235262  0.13414710831480020  0.14136637814099901  0.14756644081764386
  0.15058046416076165  0.15399020882481027  0.15896111463396873  0.16543193972358253
  0.17223090337041783  0.17965719734551791  0.18778484044175722  0.19587083741181810
  0.20427460233714109  0.21278197753129763  0.22113013730336120  0.22963830050026424
  0.24021838615450070  0.25551877065863360  0.31203829630798890  1.00000000000000000
 -0.00358491044169375  0.01714313816392852  0.03557175945598653  0.04888499996079693
  0.06062436771311960  0.07412308990851395  0.08755102521071126  0.10346670480728055
  0.12092858899473863  0.13974639479703985  0.15711134402861321  0.17059688741500931
  0.18164715898552214  0.19325780446095117  0.20548868778983484  0.21663036215907958
  0.22764868304080838  0.23967991481678941  0.25361964854829316  0.26655842222895443
  0.27868316922443409  0.29153750856241784  0.30553311959083385  0.32013421568027223
  0.33206332055349763  0.34349723918192571  0.35533895212889904  0.36651277258786708
  0.37767410531596129  0.38808976514646226  0.40010572888788026  0.41254432345437886
  0.42631706457326368  0.43872158459943478  0.45114054502518564  0.46316023779596799
  0.47629247003099834  0.48960309448397082  0.50072452313931926  0.51072917185540567
  0.52056532046023818  0.53016388904888789  0.53926784165236441  0.54891175089889455
  0.55932163457563688  0.56986170240858902  0.58114606341916908  0.59251447689415671
  0.60273981635333862  0.61195711520255103  0.62163899829572500  0.63250638979330598
  0.64367996389290871  0.65464393561486245  0.66460793680143648  0.67400737245723219
  0.68372175520587197  0.69277950268069211  0.70347754690932818  0.71225084496279412
  0.72061876230356381  0.72906528637434498  0.73824587777546102  0.74844514798997630
  0.75689024948369721  0.76477720541050731  0.77347231364935831  0.78321899909143378
  0.79318899693439515  0.80289865758522116  0.81248521751289460  0.82202183349941116
  0.83147983965008132  0.84039170835598165  0.84811315125978948  0.85615664763676269
  0.86376676423391818  0.87093062021016188  0.87836503580752734  0.88574022549044484
  0.89326271050640493  0.90027284459430279  0.90695927005248567  0.91383167033703250
  0.92073038564005893  0.92745523496533855  0.93425709998062412  0.94189715197478874
  0.94974808981614778  0.95734790509144274  0.96491336424844942  0.97245325662291360
  0.97973061632068492  0.98663436643183056  0.99329947430082610  1.00000000000000000
 -0.00316219617969152  0.01159577944874671  0.02408364387975889  0.03631390411251881
  0.04891260724558318  0.06178943934035726  0.07387562840260785  0.08408672498184097
  0.09373133191003505  0.10323211512818370  0.11400869766858128  0.12467628132080442
  0.13545859149618447  0.14561188577718062  0.15549605575820136  0.16539516420696906
  0.17511277370332265  0.18503662064942722  0.19543621972824404  0.20547099084633694
  0.21572536301101308  0.22662297563470354  0.23822310850237960  0.25033704102614773
  0.26193760705363561  0.27211250648710145  0.28217438544840373  0.29280511208231985
  0.30448100288117597  0.31584660897003980  0.32657534716448949  0.33700807429131519
  0.34748129514957121  0.35800570573708157  0.36820782281151432  0.37836420967620416
  0.38898607617425618  0.40137365336005926  0.41389572989516044  0.42582184804989970
  0.43725526469875847  0.44771651486925568  0.45663272512917913  0.46508598415313745
  0.47406918864503772  0.48306857053851099  0.49185233990746080  0.50085042364770405
  0.50963753228794295  0.51879182003486801  0.52828023713611993  0.53853113402531116
  0.54917570936850679  0.55726484899748541  0.56522566631847893  0.57267847416447171
  0.57977623254885446  0.58958153806536862  0.59949749327080393  0.61059587210385813
  0.62265871453842647  0.63503413491348404  0.64602977661031513  0.65768598819477819
  0.66959029761975064  0.68185628223043904  0.69343689838911371  0.70468034078227815
  0.71550268680076334  0.72642091248350360  0.73718183590286868  0.74687716672097437
  0.75675937699859674  0.76686769505484842  0.77883436603885325  0.79123075004242949
  0.80292330827978542  0.81381188331351584  0.82395678080195534  0.83359887416582112
  0.84310567068372111  0.85298086705223730  0.86338986370327819  0.87400840438895566
  0.88386294697816337  0.89415232416117307  0.90388242380506489  0.91557312122820000
  0.92669149315286858  0.93755813425035983  0.94835618087375573  0.95928819058692072
  0.97040019407764389  0.98043049987473185  0.99047033562593234  1.00000000000000000
 -0.00210226047396232  0.00820752132301969  0.01773906096097295  0.02782150632604913
  0.03845544746504068  0.04982429619050751  0.06170002545199431  0.07255272149979099
  0.08393002246061410  0.09521541499462169  0.10457738040299817  0.11271089778961429
  0.12043405589922505  0.12839488378337086  0.13818419962472550  0.14992280069507877
  0.16269957605147309  0.17550091888135763  0.18762827638173254  0.19999544099826932
  0.21125759877025607  0.22064936926835541  0.22985983029520554  0.23917323730741136
  0.24868373797820562  0.25889482404780084  0.26924156146951100  0.27990759102041002
  0.29037500345235789  0.30187182891310538  0.31400172491163791  0.32781952642821299
  0.34156014797484419  0.35327380438836020  0.36444063723289749  0.37510392373821483
  0.38599811099797038  0.39717408345647337  0.40798065835613262  0.41867772504096246
  0.42887386053868742  0.43823191255761679  0.44842645926085278  0.45886493892351576
  0.46784130879037428  0.47931036404098543  0.49166891220172515  0.50410008045340327
  0.51558567677239020  0.52685864899931201  0.53825457005821253  0.54858481780674306
  0.55974423494900627  0.57065188929978417  0.58094452744743230  0.59018329266403946
  0.59923044573145667  0.60945518378833607  0.61999281575343024  0.63021193909711815
  0.64082115964737796  0.65200233574632216  0.66311120664740275  0.67287299377728549
  0.68166474828102674  0.69174498007003837  0.70332766060919061  0.71121664701226883
  0.71877474672071939  0.72586910723081033  0.73408097135723760  0.74368280009921561
  0.75336606539563467  0.76292891914154559  0.77281566262249124  0.78310881837711144
  0.79336719752930029  0.80348988365072183  0.81407346905441147  0.82541437790447503
  0.83652597046865274  0.84689199780074986  0.85669330416226308  0.86687218773788466
  0.87748173880023983  0.88928300016253259  0.90234106829653227  0.91496030149207641
  0.92586446341743744  0.93641308429563797  0.94717804863640720  0.95766203819380979
  0.96774979293461127  0.97753401283462615  0.98781156639340562  1.00000000000000000
  0.00546606271594046  0.01196672078991354  0.01756153206313546  0.02199125587109217
  0.02618274383934795  0.03080665038956187  0.03539754186403107  0.03950893337480824
  0.04334462118371687  0.04705077243280298  0.05077919707342374  0.05429394595254830
  0.05741523520822332  0.06044946427827633  0.06338783873276026  0.06633415983449539
  0.06938640550513830  0.07243683180294444  0.07541886786841329  0.07816060207589234
  0.08063168668774746  0.08289196239062545  0.08509666485672276  0.08729272461017745
  0.08966766715506708  0.09221573292084231  0.09482821584990545  0.09751264419166329
  0.10020464878070059  0.10282513130079138  0.10544979049561719  0.10818931539719190
  0.11111208475365791  0.11425831575302310  0.11750966351574649  0.12063029986162149
  0.12352759667449360  0.12660456294403527  0.12985939251776812  0.13327684710306961
  0.13693626336862566  0.14059591385415668  0.14482647198994181  0.14973421967027517
  0.15479170402571352  0.15969166116645747  0.16420534348728794  0.16801433733958707
  0.17163248117070709  0.17564931187533842  0.17951231014215432  0.18377664531856644
  0.18800001020166504  0.19200013304932312  0.19568993385846539  0.19949110838526640
  0.20331012492069525  0.20619249429152159  0.20903541068589876  0.21234847308214702
  0.21568214353870205  0.21912326427944356  0.22338155114082806  0.22820907263375367
  0.23207665032971744  0.23609036394672603  0.24086082566282604  0.24500095682778295
  0.24901002847841713  0.25186862627067469  0.25506144589387753  0.25859673460147642
  0.26230885222305111  0.26874554354998836  0.28025489675386900  0.28957836012019261
  0.29404857536953805  0.29640720492151951  0.29901790585601185  0.30226355854484688
  0.30609995828776004  0.30980996672582706  0.31425297624188803  0.31900505555198400
  0.32329316957590959  0.32743782988334574  0.33371012447939363  0.34197311158575866
  0.34910577533099252  0.35449920228100185  0.36010443245842971  0.37121119821691906
  0.38858574002252955  0.46123594396548234  0.72690240442546927  1.00000000000000000
 -0.00319544454572702  0.01141676014115830  0.02221172814867502  0.03270688867373860
  0.04281442832997830  0.05425152173980600  0.06533187607652720  0.07662253670196077
  0.08737834537918687  0.09866653841968369  0.11082975729653105  0.12264919482871668
  0.13384084431798823  0.14547100250462516  0.15810773678799417  0.16995730713693380
  0.18094420832603458  0.19229528254907152  0.20303753272674505  0.21342920403573235
  0.22359659841956767  0.23455259871887083  0.24642657790689249  0.25902717465292047
  0.27151990015871441  0.28328482490069207  0.29489188312419745  0.30704708633546213
  0.31817027827513134  0.32855410848769978  0.33850238596410009  0.34786493082656805
  0.35552942478915533  0.36313345629305605  0.37125410492514149  0.38034551289760643
  0.39137003779885809  0.40317233282158571  0.41565751111737587  0.42838181218327781
  0.43959230799408205  0.45051630711892698  0.46170687127772203  0.47291919003444799
  0.48346207332878566  0.49348468378235255  0.50374214809965823  0.51422202214193613
  0.52519191954873845  0.53557371438014234  0.54554416283749252  0.55548056571166726
  0.56625426543978152  0.57806300537261257  0.59004535226425059  0.60237114557154470
  0.61490436402035042  0.62751785425634310  0.64050427489700534  0.65385787208382096
  0.66720381381290783  0.67939488470492748  0.69184739603079881  0.70419652508979136
  0.71533300789973331  0.72563777514645855  0.73610819311728792  0.74607732282041450
  0.75562583891961888  0.76439019936186003  0.77123741728508710  0.77904078343316119
  0.78678115435697427  0.79428611559298268  0.80186260080239702  0.80932668542217512
  0.81604839678670205  0.82353882380065124  0.83291692504345261  0.84423045245864314
  0.85331982977343990  0.86171004524796058  0.87050352115979823  0.87834460563521333
  0.88855976668983039  0.89909545787953560  0.90912951649233520  0.91869643669147749
  0.92826527058007502  0.93750505642936288  0.94865126260183408  0.95874820819734952
  0.96966554578456932  0.98013762795516368  0.99038153414553332  1.00000000000000000
 -0.02720580341881927  0.41976409175618340  0.51688433811903678  0.57837791747242329
  0.61923076895712625  0.65071355348707405  0.67598517127329827  0.69717040633281346
  0.71492772924787862  0.73147519433936814  0.74570594473992502  0.75761125492103576
  0.76845546213719873  0.77831570856553312  0.78737325818606563  0.79575139476111878
  0.80353806926846771  0.81126308016049142  0.81864644610192205  0.82542516096077267
  0.83157541351716957  0.83745271758561490  0.84310333924556835  0.84860418569921203
  0.85389504758851964  0.85878143451823319  0.86336741743448753  0.86784472203894536
  0.87226738460403253  0.87684452891830245  0.88059003449703488  0.88371968963973269
  0.88691664347420707  0.89015602832682594  0.89327850287081512  0.89647803170696416
  0.89949180862528999  0.90248671422947491  0.90559877292763846  0.90876847804094774
  0.91159139941615042  0.91415718515038025  0.91662030377548531  0.91910085314680290
  0.92170526519821350  0.92422636627018151  0.92605975614294678  0.92787517667036679
  0.92959317802017105  0.93120695255457664  0.93284744793468011  0.93485904223426941
  0.93695840901822924  0.93899635828530037  0.94097196475040634  0.94289843692744080
  0.94464758322433895  0.94627971332516925  0.94790215596918648  0.94944434462779648
  0.95089500390140302  0.95229158092496691  0.95379026790864596  0.95532970360490610
  0.95678632753453574  0.95828097397067091  0.95978038704701607  0.96129574093584014
  0.96279418887694712  0.96423970936675274  0.96564958498583187  0.96696383301370359
  0.96820943092676037  0.96942690132610931  0.97064651614245356  0.97190547522226944
  0.97310268265094690  0.97422361253472600  0.97531092420902399  0.97639709487521542
  0.97744670645250176  0.97842460189056224  0.97935129483221262  0.98026033243652488
  0.98122871764972941  0.98222902903056009  0.98323233186743886  0.98425787056127589
  0.98533078801859908  0.98648351022207525  0.98760578020909084  0.98882158556918209
  0.99021397457205884  0.99193613886062382  0.99439713306921140  1.00000000000000000
   3.2819124616168619E-021  -1.0000000000000000     
 F F F F F F F F F F F F F F F F F F F F F F F F F F F F F F F F
  <DiscreteSampler_grid>
  grouped_processes
  1 # 1 for a reference and 2 for a running grid.
  10 # Attribute 'min_bin_probing_points' of the grid.
  1 # Attribute 'grid_mode' of the grid. 1=='default',2=='initialization'
  0.0000000000000000 # Attribute 'small_contrib_threshold' of the grid.
  0.5000000000000000 # Attribute 'damping_power' of the grid.
 # binID   n_entries weight   weight_sqr   abs_weight
    10   10   1.255593772427055E-014   5.754798002647770E-028   1.255593772427055E-014
  </DiscreteSampler_grid>
