  0.00019519935051857  0.00022344802942263  0.00023909564813599  0.00025551085984788
  0.00027361854455579  0.00029202131677492  0.00030966242380119  0.00032797596495212
  0.00035412399724390  0.00037748141478456  0.00040083884846466  0.00042564460179968
  0.00045000411816226  0.00047045422696186  0.00048663283857482  0.00051007581737399
  0.00053783497564891  0.00056676891589143  0.00059467038186033  0.00062363584586584
  0.00065327148732913  0.00068418631350558  0.00072670991458496  0.00077685100361395
  0.00082660634439027  0.00088191181332422  0.00094677425974805  0.00101692426448340
  0.00108930557380693  0.00116458546652964  0.00124608917681722  0.00133492360540634
  0.00142303620041601  0.00150824999801950  0.00160123513980996  0.00171041458668917
  0.00183110773746764  0.00199017924603658  0.00215764161283123  0.00233102480640786
  0.00250720566871401  0.00268522439096800  0.00288981944550849  0.00312585281146280
  0.00340697792801265  0.00371821798266692  0.00402389285478397  0.00433829428072364
  0.00466308991466374  0.00501054830634072  0.00536761098177536  0.00575702623274202
  0.00617453285553132  0.00661879472230251  0.00704946399744287  0.00756143601122127
  0.00813456768285314  0.00879113803497545  0.00946623945380377  0.01021498808418634
  0.01099489218339107  0.01179417500815646  0.01255025715505285  0.01327557863782693
  0.01405301169493757  0.01486288711252628  0.01578013869805315  0.01689041066265956
  0.01805177630031046  0.01930699196468346  0.02054448794382112  0.02203440918503641
  0.02366946883294706  0.02538894285726909  0.02712292488668397  0.02900832036489830
  0.03128349614296283  0.03371959481706591  0.03631355439766944  0.03891897537657964
  0.04193244332926816  0.04565900814513182  0.05033359307026294  0.05534636270250879
  0.06159444420247048  0.06993761628098889  0.07793157642931077  0.08330754282666024
  0.08872274116092588  0.09890308565582928  0.12073305436146431  0.14106064667582865
  0.15683504570896550  0.17295611702797450  0.22759164768990667  1.00000000000000000
  0.00000216981172423  0.00001175247323084  0.00003129998624024  0.00006356030452424
  0.00010304228287902  0.00014875087281922  0.00020001188152832  0.00026302845056813
  0.00033337651199765  0.00041172845859700  0.00049604179564909  0.00058670767045812
  0.00068556378737055  0.00079260356161878  0.00090698654078743  0.00102376996228510
  0.00113857187545408  0.00126371675998096  0.00140619477090158  0.00156215747952756
  0.00172560606091268  0.00189733668952054  0.00208322729414116  0.00226588177357519
  0.00244948020833107  0.00264062990022274  0.00283772816012987  0.00305370217287413
  0.00328177577158621  0.00348597006083352  0.00368642181826422  0.00389199149337931
  0.00410626862273940  0.00435696233802736  0.00462725809735292  0.00491936053055356
  0.00522466491235514  0.00551075857400936  0.00579014363327759  0.00606750641248483
  0.00635109653511151  0.00667898444758222  0.00699554208980560  0.00735886970757409
  0.00777920038281066  0.00824125665302808  0.00871901346658576  0.00925701073031537
  0.00979380526056240  0.01032561381353681  0.01085056961169677  0.01139245242785782
  0.01202394183154994  0.01274521020505174  0.01347859973187772  0.01423661921698436
  0.01491925044173480  0.01562848211700798  0.01637890375244030  0.01719066439607845
  0.01793686110172179  0.01871784853320349  0.01943755423272494  0.02006298235419034
  0.02072488771489774  0.02145973921554807  0.02218694046223543  0.02311190173385694
  0.02412388105233482  0.02521520890690373  0.02618872882661603  0.02710816848194806
  0.02804278330016188  0.02897511428189342  0.02998274815636314  0.03094939805171828
  0.03191986361669003  0.03285959165674952  0.03385519886717051  0.03529287362796087
  0.03692809516215974  0.03898321959482204  0.04115452192228902  0.04331439662187976
  0.04609387641340400  0.04964880696169651  0.05294040171711416  0.05634776869968494
  0.05961676949458364  0.06297222261186861  0.06668763569365907  0.07794900451009489
  0.09118301167212652  0.10650143275512253  0.13528294506244204  1.00000000000000000
  0.00020951314924629  0.00026960674017752  0.00033481811350395  0.00041755388078400
  0.00050789710290729  0.00058735577895362  0.00065650814684417  0.00073630781919666
  0.00080917433945009  0.00087335048779740  0.00093790502737749  0.00100772484955794
  0.00107824177878858  0.00115222582288648  0.00124250523237397  0.00133025327918671
  0.00141843763038869  0.00150797732694845  0.00159942786040492  0.00169763816917706
  0.00180816551366768  0.00193830612589052  0.00210205423889561  0.00229435111567038
  0.00249408711314618  0.00269816494045049  0.00292095316463281  0.00316778429523529
  0.00342343256515008  0.00367213763082324  0.00389926175244458  0.00416132074232484
  0.00443657013873217  0.00475186023407230  0.00507005014665060  0.00535507150337962
  0.00563075941167660  0.00592499784267815  0.00626928677941336  0.00667266590321598
  0.00705476391661174  0.00741730061905649  0.00779795149936481  0.00820635092333117
  0.00858417258055307  0.00901971386302770  0.00949623056392373  0.01001504517209560
  0.01059001507638475  0.01115801057317807  0.01174089250057425  0.01242452476884901
  0.01316457818260359  0.01387877497599590  0.01454965097778198  0.01531494686212105
  0.01604415447806721  0.01696345649287288  0.01802806588960988  0.01911446481891864
  0.02030713459470029  0.02156592912676257  0.02286552865949993  0.02422877153723260
  0.02550345349916067  0.02675904968626059  0.02786757298993463  0.02915841569422478
  0.03061487665692261  0.03221793167655160  0.03397969508600052  0.03599337240444742
  0.03814688283000698  0.04036320817535638  0.04272414967337116  0.04513233073431310
  0.04738032644957122  0.04956119418998334  0.05197338831001197  0.05532357532943555
  0.06038870448119957  0.06589667906748609  0.07164781605223158  0.07890986714893092
  0.08629171149859473  0.09020457192376453  0.09335149093327456  0.09790956507327522
  0.10095769578156262  0.10377598604948791  0.10645069605387632  0.11037410178214055
  0.13125722735643189  0.13950559287637396  0.15587557516396350  1.00000000000000000
 -0.00211891955499085  0.00949261269639181  0.02038400535034780  0.03251292599067410
  0.04414052952431259  0.05528641836984098  0.06509648989183602  0.07440677717574837
  0.08402737291842656  0.09402703089773388  0.10434834373872914  0.11475685397483668
  0.12509203143309899  0.13586071210194664  0.14697012107257496  0.15704316651122560
  0.16648224688146696  0.17608009104528796  0.18628021615151411  0.19725874303417557
  0.20867892711390723  0.22028568623027125  0.23214961538524564  0.24382075140654055
  0.25471311851088146  0.26482876852408649  0.27520461220825726  0.28530874700473774
  0.29507761182668124  0.30498383900652143  0.31500721733339110  0.32564867869315606
  0.33602195203037888  0.34462914577020332  0.35216925827612244  0.36009705839929096
  0.36879180395739208  0.37898279896038417  0.39031227834267496  0.40085349102062590
  0.41034633187499731  0.42001834023497614  0.43072247919068563  0.44286469529493994
  0.45399646082819833  0.46487032617103646  0.47596517573288277  0.48637212661358137
  0.49620341792908007  0.50658484222226541  0.51726066213579580  0.52869674942572531
  0.54168046818346116  0.55432194812977709  0.56770776514712051  0.58004956043299161
  0.59108161081985244  0.60159021147397973  0.61268057226199502  0.62292135897609591
  0.63192922799648155  0.64076558086227620  0.65096419438684072  0.66115437419173773
  0.66990070853895067  0.67733968926214272  0.68652533900961188  0.69514837446231736
  0.70475314513641596  0.71496949623098227  0.72423685027977069  0.73240029378658400
  0.74046900553108785  0.75027485924762416  0.76110694747612051  0.77235341225441867
  0.78310435460837524  0.79369154749879423  0.80344887927113462  0.81328979931334588
  0.82413151003653617  0.83621826367080931  0.85072417827856983  0.86349170563543010
  0.87589462702726995  0.88791994663885676  0.89990771388453605  0.91099437362714364
  0.92144888785199675  0.93082428573593756  0.94044318162300744  0.95022241873617375
  0.96278327811079734  0.97591200618659180  0.98831226017207385  1.00000000000000000
  0.00122318847139978  0.00705885685145061  0.01285200948051244  0.01768102853462034
  0.02186602584973189  0.02578870255340949  0.02955692420901529  0.03308436524097031
  0.03635314347385910  0.03950504822784116  0.04252781251691868  0.04529275527376793
  0.04820512974003582  0.05074234506625052  0.05321031364002143  0.05566749377998625
  0.05800851987128376  0.06027166542338421  0.06266857118707578  0.06537293659131493
  0.06777720396934937  0.07014705646111763  0.07283083320700941  0.07559839089088047
  0.07788916384301363  0.08025504966577689  0.08277776905254573  0.08490165873015362
  0.08733882424811759  0.08990190907025787  0.09252620272170076  0.09534078206673929
  0.09820884678768249  0.10130169663141619  0.10480628787127710  0.10773463454542591
  0.11001089233875966  0.11216465859712646  0.11423601756509529  0.11593434768645981
  0.11734233465772061  0.11877535274397799  0.12035526453512886  0.12202358038822995
  0.12408840760580080  0.12635981087419096  0.12879094195641100  0.13120679286213066
  0.13372653227211334  0.13601284079788134  0.13826458286458770  0.14037586167061447
  0.14260691036266607  0.14482910494747811  0.14696119117698930  0.14906125188480412
  0.15140703057922819  0.15427745909111212  0.15702646446760510  0.15916668505340170
  0.16112941682973347  0.16336499166656282  0.16614152345924718  0.16907654801287947
  0.17227887245093962  0.17547291191058639  0.17874337612018815  0.18238676552206001
  0.18655502187057077  0.19143046436109620  0.19581908995022909  0.20088596115556512
  0.20606600644838619  0.21462217658425814  0.22433428090819346  0.23511605897487645
  0.24593545957855514  0.25256463857556927  0.26194473507263877  0.26985389023948192
  0.27596414167689809  0.28096901271868635  0.28446881400348384  0.28826590142497094
  0.29348442857522272  0.29908127551523861  0.30582690004489999  0.31408537872717052
  0.32176916587854548  0.32641884135017901  0.34033917945993997  0.36361835390887393
  0.41252756897386644  0.46960385602952853  0.69525706783383556  1.00000000000000000
 -0.00262851569628749  0.00842946637446393  0.01887083531948014  0.02986702482020141
  0.04202969467494828  0.05343223782320341  0.06380312547347267  0.07362638463987636
  0.08363140443962261  0.09510807705966025  0.10755999818281574  0.12127461555583452
  0.13423637970249749  0.14526824277290823  0.15504719738825415  0.16278901287932177
  0.17049894526082968  0.17819229771539774  0.18601837691516471  0.19666444882711104
  0.20678174987322784  0.21738701249678766  0.22828248789199626  0.24184696934746217
  0.25619474624506267  0.27092019667909761  0.28220827790921987  0.29234367267602390
  0.30167406883841758  0.31110782287871275  0.32157398281591115  0.33301882394389348
  0.34326520718765624  0.35138190190456120  0.35937402765475768  0.36765564788406857
  0.37717838400619674  0.38752523123939214  0.39703511930727947  0.40617779197477039
  0.41548404214626122  0.42429808215185816  0.43372669826640659  0.44348577658888394
  0.45275141642403416  0.46109829198465019  0.47001015254025458  0.47936650561368777
  0.48794722350257913  0.49618899222501600  0.50543512330056461  0.51442200662757898
  0.52292843220435403  0.53119625908074719  0.53850330152061754  0.54848795839960374
  0.55989464424143054  0.57210373758788569  0.58410612136624696  0.59646852275228956
  0.60849325956718525  0.61951273985037758  0.63035047832161240  0.64104992684849038
  0.65263191648751240  0.66572650048543480  0.67947004773315378  0.69050188695831982
  0.69922313271638536  0.70865233755144352  0.72135653229982188  0.73238329516482326
  0.74198745538744526  0.75165439887632102  0.76298095012945732  0.77578653931941799
  0.78857660430013043  0.80087564342964956  0.81246210496841320  0.82499575396446190
  0.83580419438391773  0.84539341278169966  0.85449154850022679  0.86338118217833804
  0.87311511136878817  0.88356268204261834  0.89401065312665140  0.90411241253453534
  0.91424109872583847  0.92582109151608016  0.93781565266549205  0.95080276426172639
  0.96352617616362546  0.97604213829407727  0.98798467986423444  1.00000000000000000
  0.00193839094008268  0.00246034299703964  0.00328042038107088  0.00406433095442056
  0.00478941958343236  0.00549038592873131  0.00618433841629666  0.00687583241281785
  0.00756743592614804  0.00826466707322087  0.00892138133661495  0.00958363092540875
  0.01024372047550816  0.01090162903438257  0.01157873029046747  0.01229386349326621
  0.01306260802021325  0.01386301869081581  0.01463096723051791  0.01535019652945840
  0.01613864009760650  0.01688669296677812  0.01766759605285770  0.01850974457323405
  0.01938804067996340  0.02026959109745315  0.02117135622212144  0.02212048753040232
  0.02313951072171467  0.02422369002431429  0.02528124567445270  0.02628980052741501
  0.02720856023659121  0.02813333426770372  0.02900931609685119  0.02996419983342184
  0.03099114788333019  0.03219009832248295  0.03330967346186205  0.03435193575111541
  0.03541767629352869  0.03640515684656332  0.03740119025802069  0.03849773850632438
  0.03972321754284105  0.04099079547723458  0.04215521912939570  0.04328205092367580
  0.04446805040957465  0.04556602354048416  0.04656332323922101  0.04758267121324834
  0.04869941030729708  0.04995889193822498  0.05124894284707825  0.05273527322702493
  0.05460667576066586  0.05626304701841325  0.05754847834576787  0.05870979923644910
  0.06003979467564752  0.06121363897684782  0.06245721919085340  0.06400823634472383
  0.06578640848531810  0.06804003613387069  0.07001906883481733  0.07238755043124427
  0.07466398018878374  0.07687794569889071  0.07891672100183132  0.08135414558408745
  0.08390411611974040  0.08767736862846265  0.09222858775659974  0.09636159064128659
  0.10027108602596067  0.10643580583340496  0.11634811676570068  0.12332748078029328
  0.12821616693662563  0.13295382458519192  0.13738867401417620  0.14153997246636907
  0.14535009681133482  0.14862754620781995  0.15167910070738794  0.15749762981709253
  0.16999882670482971  0.17682032419264224  0.18202103734454730  0.18991732633386715
  0.20380506273429946  0.21057596740887916  0.21464237922009766  1.00000000000000000
 -0.00366021739400633  0.01537425810354370  0.03031288389784319  0.04371830696173731
  0.05551584034173133  0.06680459485975830  0.07772570925298283  0.08781658318263030
  0.09731911337147840  0.10753547642259149  0.11783797862424905  0.12798031953951972
  0.13746252190740013  0.14749401324687267  0.15783118627492493  0.16872003442795946
  0.18161727467618285  0.19522274938961887  0.20862805756433120  0.21964705119550035
  0.22945811379405032  0.23914832053492022  0.24921747358829746  0.25870389601788440
  0.26827443272415097  0.27775976951445297  0.28780343906350703  0.29749015516198096
  0.30659416942746076  0.31633904620772735  0.32779660604923011  0.34004906260476447
  0.35230347556560371  0.36397843474722263  0.37504180490001032  0.38593881832011684
  0.39646511387600453  0.40686097374146518  0.41750909383466467  0.42796479389777209
  0.43906699657863230  0.44890758563803113  0.45677397029033767  0.46442231299445286
  0.47220471971857431  0.47960361797590978  0.48802359346830460  0.49659039148599382
  0.50562589745905329  0.51479851204674398  0.52459810609484292  0.53592362628438905
  0.54640040719244876  0.55559857271336255  0.56488543033840954  0.57462651532162912
  0.58495594313301402  0.59560612248833378  0.60590625346555127  0.61684552032241591
  0.62830030733866282  0.63992660209074415  0.65258368713285930  0.66358040244882099
  0.67413936658865548  0.68466789709762232  0.69553936047213016  0.70675737496729496
  0.71756827112284838  0.72816039455450177  0.73810145836928553  0.74825985071496492
  0.75900535712039208  0.77034783134006701  0.78048410659823786  0.79012203140719683
  0.79970723924103970  0.80941056410278722  0.81926811550452761  0.82865437572249911
  0.83811917900177624  0.84867134641864272  0.85928614704701212  0.86983134585854160
  0.88005530874368343  0.89066714563486760  0.90131969268445056  0.91110563983265258
  0.92276424266915058  0.93750362471401327  0.94942963337725050  0.95840482940630545
  0.96763267712176149  0.97727533980395864  0.98756839279355701  1.00000000000000000
  0.04158667929053655  0.17009862740262408  0.26874860191074168  0.33499483944283154
  0.38452080935015165  0.42494278831856869  0.45913480729422967  0.48976285368149691
  0.51666378662620038  0.53959679468493438  0.56036275225989485  0.58127888961336771
  0.60107282943572737  0.61884747101667370  0.63482295126650945  0.64950919656514094
  0.66387624537238421  0.67731502428688795  0.69032357794275079  0.70262481577076508
  0.71403647850875585  0.72480015102484507  0.73507156775262450  0.74502208703765560
  0.75447389173112123  0.76335813786582807  0.77170223854882392  0.77982368789219003
  0.78776262199144620  0.79491725623810050  0.80150363612624753  0.80796142754492395
  0.81400409381739891  0.81956627568369522  0.82509327622820683  0.83085547916770508
  0.83632890379054259  0.84124213597271902  0.84595846145721043  0.85059554770634405
  0.85522781935215619  0.85992887006262175  0.86432992687155319  0.86888761535689307
  0.87314133841564534  0.87707032304513288  0.88103433674616904  0.88497732205779123
  0.88905656106538100  0.89300699635546732  0.89669088843833489  0.90013567021617147
  0.90343314359757965  0.90662500953068337  0.90972797504463276  0.91285611307739756
  0.91579360456850212  0.91853433033619403  0.92120686741696622  0.92370008140518767
  0.92600271600914019  0.92821361484213627  0.93051174305813700  0.93321396636842902
  0.93607560984076688  0.93887158843552754  0.94148988683706980  0.94376833703662821
  0.94602577464079451  0.94811865230537640  0.95012013690899155  0.95216319117318227
  0.95426306093284297  0.95641905216859480  0.95837108008068950  0.96011123882034211
  0.96172902396765592  0.96338686236108007  0.96500986663064836  0.96650785233703440
  0.96782170521456767  0.96920972120710547  0.97063234924024511  0.97209446243254172
  0.97378745096088681  0.97556610213238093  0.97734447586701467  0.97908572396641647
  0.98067107160792455  0.98226318784565658  0.98394010285715261  0.98582128179008477
  0.98789938384424014  0.99033921898899913  0.99399407678124463  1.00000000000000000
   1.6734797107044704E-017  -1.0000000000000000     
 F F F F F F F F F F F F F F F F F F F F F F F F F F F F F F F F
  <DiscreteSampler_grid>
  grouped_processes
  1 # 1 for a reference and 2 for a running grid.
  10 # Attribute 'min_bin_probing_points' of the grid.
  1 # Attribute 'grid_mode' of the grid. 1=='default',2=='initialization'
  0.0000000000000000 # Attribute 'small_contrib_threshold' of the grid.
  0.5000000000000000 # Attribute 'damping_power' of the grid.
 # binID   n_entries weight   weight_sqr   abs_weight
    10   10   4.099126632555049E-009   3.768560402194952E-017   4.099126632555049E-009
  </DiscreteSampler_grid>
