  0.00000244588983707  0.00000297317437264  0.00000359807089472  0.00000429322714166
  0.00000512064891451  0.00000613319537395  0.00000739158218321  0.00000895030717762
  0.00001086496894222  0.00001321781945262  0.00001606709237896  0.00001957653696002
  0.00002389823207078  0.00002928321877913  0.00003613461163487  0.00004436062572655
  0.00005397346227589  0.00006555439294488  0.00007990740500620  0.00009811506090893
  0.00011992257788523  0.00014480942667866  0.00017389070529250  0.00020660236259501
  0.00024495818303081  0.00028863240930862  0.00033877729229020  0.00039483981275839
  0.00045641989722990  0.00052637242017084  0.00060867034582472  0.00070423982174561
  0.00080875672279438  0.00092059202737812  0.00104290943852343  0.00117649160578308
  0.00132848991401339  0.00148687496763515  0.00165227104231025  0.00182082413159965
  0.00201553379294700  0.00223178099759281  0.00247894305758294  0.00276287146191692
  0.00306752870800539  0.00338304162166224  0.00370768824548798  0.00404611473343242
  0.00440427222079596  0.00478693433493915  0.00521043801353336  0.00568603736933183
  0.00622156797246462  0.00683333273934421  0.00746709835652303  0.00808175788954923
  0.00873383198229565  0.00937875103643511  0.01004490596225061  0.01073651857592074
  0.01149750853433150  0.01235934171849920  0.01330093695733362  0.01430434473971198
  0.01537306805108634  0.01655069273382398  0.01777523526885802  0.01913793767647104
  0.02049365822979497  0.02210646232316098  0.02392395921750835  0.02576754964779501
  0.02846376619735137  0.03275729773558158  0.03721654977351197  0.04128761939388362
  0.04521839598778679  0.04879484508448165  0.05254648543578251  0.05648726259240035
  0.06046304972226398  0.06435853297502071  0.06786579877802058  0.07605720039654751
  0.08549336972978548  0.09184482614048044  0.09822302067201014  0.10594289114514600
  0.11322288118159984  0.12130482358575079  0.12669306315153414  0.13732064150985196
  0.18493866611503096  0.22818076800527959  0.34972920493418697  1.00000000000000000
 -0.00211650407257963  0.00967365758324389  0.01962086707053296  0.03029533588503873
  0.04144285163956583  0.05204050496870664  0.06300617955234247  0.07616910853175082
  0.08827518509075649  0.09956552256359388  0.10996529448517271  0.12088000001069421
  0.13127209661510794  0.14196821084473971  0.15195247815695162  0.16235841524005831
  0.17259814064359355  0.18342324039197938  0.19425855162945077  0.20531293985556717
  0.21579619738179279  0.22603030357299386  0.23588780859559230  0.24581557301787674
  0.25564372159955201  0.26539230069369785  0.27507931397296342  0.28471192695729258
  0.29465486689384174  0.30515382196049756  0.31574900599094424  0.32592799666361516
  0.33555537317797873  0.34454153838687801  0.35405874489847866  0.36376257008794483
  0.37365332509510746  0.38332051563213559  0.39261877111060539  0.40241737630212276
  0.41268888615818783  0.42308006210521348  0.43350569974141939  0.44405464286745600
  0.45506357645217860  0.46637864658932049  0.47788722020607838  0.48950603715517782
  0.50097309582624894  0.51212358835732974  0.52258644387109343  0.53285491123100970
  0.54342835550542656  0.55417322271610425  0.56505684193976624  0.57560279473577514
  0.58607378641757135  0.59674812773753938  0.60754202547003344  0.61876158821926541
  0.62971934740577562  0.64052308542167313  0.65138609083300814  0.66245125231460322
  0.67340190834758984  0.68395907888170460  0.69427892346459918  0.70449618642600564
  0.71481869915733887  0.72511402491757471  0.73532446862415612  0.74631480292783514
  0.75735062150978605  0.76926804631462709  0.78058892203268837  0.79224110598394337
  0.80416690717138495  0.81673703704188272  0.82864126137646466  0.83918970851047614
  0.84913475734070598  0.85943799321030856  0.87003563772807369  0.88006554822848293
  0.88970677652493446  0.89950371113775762  0.90928526490993156  0.91855119348658376
  0.92763037168082241  0.93641792123769629  0.94623038495454148  0.95629049020975188
  0.96671582051134886  0.97824026751614712  0.98925497988907130  1.00000000000000000
 -0.00061394166183814  0.04424120097739236  0.08536641687748191  0.12367481086521130
  0.16035680003758698  0.19560579203227302  0.22949737667336181  0.26186509523357360
  0.29267016317986816  0.32220534852510141  0.35046942401612474  0.37742892787223753
  0.40327686464722934  0.42808004723026993  0.45183244653442711  0.47472849789802574
  0.49697939913941203  0.51826513411574637  0.53855597579593961  0.55810046628742238
  0.57711023020588936  0.59517442396440834  0.61229630874087748  0.62856774224293899
  0.64438753348005018  0.65983834994691903  0.67463201428540231  0.68896705562759553
  0.70255811836003879  0.71560715491869931  0.72794107353368265  0.73990224319688203
  0.75139157992179573  0.76249593311741126  0.77330088439809130  0.78389134087819412
  0.79397695799136281  0.80352941932277366  0.81271883043007820  0.82151702832232032
  0.83020130360300837  0.83831395975776513  0.84606344258239885  0.85354726186369922
  0.86070005159707330  0.86761466527046549  0.87417844532824318  0.88032145786884508
  0.88617642247558392  0.89191061873012312  0.89741106641976309  0.90270349547183293
  0.90783227774167674  0.91275402210281975  0.91737195596009513  0.92166400571883067
  0.92574143267611841  0.92971375058203931  0.93360185716325594  0.93721985168343525
  0.94063837976813591  0.94386342114926758  0.94696648933688743  0.94992964027370630
  0.95275890280843178  0.95555318087287622  0.95828579703289785  0.96044612230604065
  0.96256675312700868  0.96465935718672768  0.96669666529895526  0.96867893177466513
  0.97059741508706876  0.97244029723748793  0.97419867089103940  0.97588662607141741
  0.97751296990466285  0.97905298134557928  0.98044752060551310  0.98177533711690723
  0.98306694341707768  0.98431254973744775  0.98547937058186541  0.98661613969529394
  0.98774279529724551  0.98883058403108315  0.98991287885674484  0.99098013576217003
  0.99196529194980743  0.99293548016010769  0.99391295944202451  0.99495372229476964
  0.99603865614513043  0.99720037074462320  0.99851979970325011  1.00000000000000000
   9.5580098648930065E-007  -1.0000000000000000     
 F F F F F F F F F F F F F F F F
  <DiscreteSampler_grid>
  grouped_processes
  1 # 1 for a reference and 2 for a running grid.
  10 # Attribute 'min_bin_probing_points' of the grid.
  1 # Attribute 'grid_mode' of the grid. 1=='default',2=='initialization'
  0.0000000000000000 # Attribute 'small_contrib_threshold' of the grid.
  0.5000000000000000 # Attribute 'damping_power' of the grid.
 # binID   n_entries weight   weight_sqr   abs_weight
    10   10   4.607296960358785E+007   2.110502487829495E+016   4.607296960358785E+007
  </DiscreteSampler_grid>
