  0.00184962069041501  0.00496851614059030  0.00713579809842614  0.00901421063243038
  0.01044811509176159  0.01169827345627596  0.01295561655635267  0.01419597003611171
  0.01538890737313359  0.01657890622935859  0.01786318575173274  0.01920450224074763
  0.02045256708525758  0.02163239193744783  0.02274561458257559  0.02391846132388506
  0.02515374873322347  0.02650005814532055  0.02793250185693032  0.02933174625525688
  0.03076402626600529  0.03230605974200679  0.03398908291222796  0.03536936031828321
  0.03668715946216442  0.03802147447024265  0.03923206235371300  0.04038860546914434
  0.04156395406953988  0.04264057577522452  0.04419927536912135  0.04609175257424648
  0.04807058224496302  0.05045776666617347  0.05294462036760162  0.05447382186076350
  0.05598540611296382  0.05757404481354840  0.05905049567201474  0.06053663538554288
  0.06201821200049421  0.06345810474858840  0.06478735427641603  0.06627213808334377
  0.06838099016137700  0.07080975616943141  0.07323092964486390  0.07555172734725488
  0.07761985260662249  0.07935459545051082  0.08113781740051824  0.08305067650004763
  0.08495500947829968  0.08702585659832425  0.08926732606026602  0.09153427376945433
  0.09379109017292232  0.09621158932256975  0.09876997387278644  0.10139476052543807
  0.10430215740232256  0.10746834381213871  0.11050897433548182  0.11343628000514980
  0.11605863941766947  0.11882430257157167  0.12203634960915004  0.12546671198829260
  0.12870399326225365  0.13183510336945883  0.13524126465055689  0.13890932097216341
  0.14244918554551492  0.14576290850330387  0.14911114536023437  0.15302580555334100
  0.15989953070249055  0.16731959596514850  0.17498074715081099  0.18165171994166962
  0.18638456332363904  0.19063359735214566  0.19478559001377388  0.19818268483281859
  0.20181949342265587  0.20564377271097908  0.20992101389883630  0.21503230057475978
  0.22211173588195057  0.23254704646727800  0.24508964051518223  0.26350602983309013
  0.29396515486680186  0.33874638450622296  0.67112098334955905  1.00000000000000000
  0.00017739667182854  0.00028307509944606  0.00033759925627024  0.00039134819279900
  0.00048483890062586  0.00059470119412059  0.00071159722978097  0.00084093619409798
  0.00099934295098389  0.00116939152806699  0.00137010605495905  0.00159037627289342
  0.00187948945098061  0.00223000466446603  0.00264828283199297  0.00308033127307593
  0.00349528655218999  0.00391239064068715  0.00433711733137797  0.00483780602695012
  0.00542133499216750  0.00603885494000543  0.00669030719231741  0.00737119094254791
  0.00806065704506383  0.00880104652955668  0.00957566663883997  0.01029972250458672
  0.01097667996074772  0.01170593040655108  0.01246919520568694  0.01325803885824054
  0.01408374588745329  0.01497335179596993  0.01595504133989265  0.01696185635395419
  0.01793602054321440  0.01884127795859404  0.01968647629508505  0.02065195213105848
  0.02171328790049461  0.02284190858313214  0.02395523936344364  0.02500805750256336
  0.02600781574945695  0.02701779459642014  0.02800926746834709  0.02900420696632559
  0.03001689069282432  0.03111543584601369  0.03222594839892139  0.03346664506978608
  0.03475580724371308  0.03608312041136479  0.03734410532019632  0.03848097907214759
  0.03962387112494414  0.04089458967336152  0.04232233927900124  0.04407521860352923
  0.04592185208747705  0.04740616328121055  0.04880591949015609  0.05014785122580763
  0.05144171221204381  0.05270955110792988  0.05414701257649629  0.05589346962298629
  0.05790580210561429  0.05988565951385940  0.06191768591462159  0.06421629705132659
  0.06656766396783496  0.06868403368242056  0.07067146536667228  0.07245556558619802
  0.07548450098957406  0.07845446616319798  0.08155608517761476  0.08456719517773251
  0.08746587883732307  0.09050388386337124  0.09376872890188227  0.09877844206953719
  0.10601761781492261  0.11405022549041838  0.11994926283738468  0.12577149626951634
  0.13276745815302643  0.14196882919821152  0.15397901846861414  0.17012870827548837
  0.18371941824198612  0.21575190221203439  0.27799868241308257  1.00000000000000000
  0.00019253015479215  0.00034975916548602  0.00052697221361307  0.00065425719114620
  0.00074217258465369  0.00080018439983158  0.00085109277479369  0.00090416475338629
  0.00099106526749545  0.00114090866772786  0.00130693580128875  0.00148474893033738
  0.00174712609845315  0.00225717970538187  0.00286604065680327  0.00341616158604935
  0.00398025405550550  0.00461194576074911  0.00545918844519276  0.00629579018658198
  0.00722034659302364  0.00797620542653816  0.00870059049042003  0.00947247232963705
  0.01026172448582473  0.01111295558100830  0.01216483240094267  0.01348047748566919
  0.01464501988534162  0.01575678287643533  0.01685073550220225  0.01784882807942629
  0.01886469501998293  0.02001727983689116  0.02137222472403378  0.02309445024136850
  0.02490564051360288  0.02623258633980158  0.02736570294200387  0.02848974519775260
  0.02970169466337515  0.03093338675186061  0.03227572198559529  0.03357560007544139
  0.03484837276883661  0.03614269761275671  0.03752226939336872  0.03892551549713124
  0.04022208328470079  0.04157380152566766  0.04303794218503538  0.04472806643026853
  0.04629992976097177  0.04777875888480485  0.04936517660258584  0.05092066221790529
  0.05242711541908500  0.05389857726039260  0.05547733247565536  0.05709457631784166
  0.05884215220558531  0.06091035513959590  0.06291530105035716  0.06489296900706343
  0.06684928653709368  0.06891528465256382  0.07103095694312513  0.07324414121094737
  0.07549233507842926  0.07808676028500385  0.08231337911225058  0.08778609765401182
  0.09268128626900858  0.09712153527234085  0.10076173409892980  0.10465301825336817
  0.11091339064527518  0.11713346529920285  0.12298640414924632  0.12871584468438937
  0.13467177293034538  0.14026945596782933  0.14840655136344780  0.15332857660842250
  0.15662786515113358  0.16035165008958691  0.16396150038031546  0.16796534000984387
  0.17269898048641058  0.17773276475461239  0.18206916340290780  0.18674382996149558
  0.20311203063173072  0.22451197599809850  0.25209211653764418  1.00000000000000000
 -0.00149464793348696  0.00507019861944177  0.01126331702363760  0.01667018127073201
  0.02238517932413506  0.02874945936831863  0.03553448451922584  0.04287291919751460
  0.05044222930600511  0.05748985627610901  0.06385019778754815  0.06982378307064049
  0.07579420973662497  0.08232399056647205  0.08858753431525254  0.09477029847112364
  0.10082094894259459  0.10691635929402826  0.11328862789980976  0.11928915303744793
  0.12565675433429882  0.13321269088484911  0.14054926490307507  0.14790097879428293
  0.15571115931439727  0.16405862971922730  0.17212576240653063  0.18025094875258635
  0.18897070039120045  0.19830545389013074  0.20853042796248003  0.21937586047261198
  0.23013052731313799  0.23873081495922005  0.24732342912738789  0.25565788311975224
  0.26367378279418435  0.27129285836554046  0.27865719486185758  0.28608403839990765
  0.29388137170887813  0.30186582995302386  0.30955893861480799  0.31685478355594193
  0.32410552081580613  0.33275173922118473  0.34148187605454583  0.34986742835560691
  0.35804338416817116  0.36557799877119990  0.37279373498412066  0.38107116183822998
  0.38931754202137697  0.39796008475086414  0.40644680560410024  0.41531403969971042
  0.42520798955035044  0.43560458483144870  0.44629929164075693  0.45690184429424402
  0.46840921258675494  0.47933973767919513  0.48774864846695970  0.49597106779616684
  0.50503012671285175  0.51532336166222548  0.52614079698671545  0.53650904360914298
  0.54633231095469137  0.55686726561972477  0.56800139530735927  0.57932502001177466
  0.58913025450612666  0.59892378901840015  0.60963660137980680  0.62096064521428995
  0.63282090614605835  0.64560248611439486  0.66081363331729692  0.67684337041033960
  0.69290344458674047  0.70972849395487092  0.72651154030992937  0.74430297291331482
  0.76330239011904144  0.77931060756947079  0.79545184098634170  0.81339856937585342
  0.83480994603007885  0.85209283370283484  0.87052754798652510  0.88942605256420681
  0.91132587083068295  0.93293862360839253  0.95978034580757376  1.00000000000000000
 -0.00245675168057709  0.01236340871361308  0.02606182172447807  0.04048587411243647
  0.05223952838696244  0.06292610627861696  0.07282665148022699  0.08364259429637858
  0.09482950500754100  0.10614411378201162  0.11709057187007249  0.12845703090738644
  0.14003982086724578  0.15202511504548569  0.16290335140151638  0.17214475268086046
  0.18122735354325439  0.19109288281762102  0.20216547120319311  0.21156840460023330
  0.22001902370677082  0.22822698276217826  0.23819654273560870  0.24901879803615151
  0.25997210006769672  0.27052270396341777  0.28182210953608705  0.29298757933449010
  0.30402310195152371  0.31462292896421862  0.32550272219419107  0.33656757427376821
  0.34683180845696399  0.35564854243684119  0.36334443609584105  0.37052086043534460
  0.37821768822108537  0.38718466299392873  0.39735258515371508  0.40787340239723685
  0.41853944502941631  0.42951425229963081  0.44058134412271605  0.45199867388944381
  0.46414560910630598  0.47722928935368886  0.48912526660877026  0.49895305891569869
  0.50823133358219363  0.51757114483095423  0.52770877658114013  0.53756090482254482
  0.54746049230943694  0.55761867176362578  0.56766707246931791  0.57788700589824382
  0.58738834826746500  0.59682450682277943  0.60634865811436367  0.61648159431850769
  0.62753945016595825  0.63830930027917510  0.64839934617531947  0.65798495338224794
  0.66771547781649732  0.67791836181703158  0.68877924269810731  0.69984805105159276
  0.71137900000030485  0.72388777211386524  0.73405024352221115  0.74243207785087639
  0.75113411194369772  0.76050237710712787  0.77057328158552008  0.78075518157503343
  0.79246203570319973  0.80721781173597440  0.82219355197182853  0.83417662408904303
  0.84489424158413506  0.85599018216247080  0.86781661819418110  0.88080440999624821
  0.89359941992464531  0.90421910223477309  0.91276620524469110  0.92045808111240146
  0.92824208344768233  0.93594639697811766  0.94467999283588200  0.95374065040726530
  0.96365471908400124  0.97499781439460509  0.98729047439579332  1.00000000000000000
 -0.00316667752109343  0.01050474453196129  0.02277263677796290  0.03577872176833881
  0.04911745926609176  0.06140994928319118  0.07390146137325834  0.08616162699238909
  0.09808422123937326  0.10901701290616264  0.11855570989070424  0.12815626723522139
  0.13818748064869485  0.14948669704841772  0.16157448646194497  0.17245895331052880
  0.18228778210039168  0.19043878821160568  0.19850656090233842  0.20631450267686674
  0.21427522707509170  0.22278323704344649  0.23248947143834020  0.24163745624897298
  0.25120153701887099  0.25991185058087829  0.26878623728907769  0.27892093256581152
  0.29121388035281126  0.30626209177730729  0.32348065191318065  0.34023621680724536
  0.35633473217229961  0.37135155380907864  0.38430777309734365  0.39650415232983627
  0.40822871150562040  0.41877457647901012  0.42829786946955789  0.43810028300881165
  0.44657733243711495  0.45467818941584648  0.46272919293004072  0.47112373670690283
  0.47931298539013678  0.48846483639713334  0.49735689865421739  0.50840667716864107
  0.51912083864177982  0.52773664334682213  0.53492168627521253  0.54225053903067066
  0.55077011911093043  0.56025063090890892  0.57040972459372374  0.58067340453670913
  0.59177129701297060  0.60358391137986078  0.61347564476852001  0.62348891056630118
  0.63309330709149669  0.64277719646617271  0.65261440729352349  0.66314940584269111
  0.67345097307063917  0.68235117580567650  0.69131907400078674  0.70116916984025723
  0.71156487185659223  0.72152503494122300  0.73127389672568144  0.74151962699423424
  0.75187105665232545  0.76080509832243148  0.76854516976440912  0.77595414991586076
  0.78329672236051773  0.79188966160721130  0.80078737810202738  0.80952651836874334
  0.81999981513624987  0.83241876078556432  0.84687480842422524  0.86069365600746373
  0.87224793001982737  0.88204884239647663  0.89157255033927996  0.90127643505437594
  0.91184693800809313  0.92353527374307431  0.93408052351655690  0.94557912569244340
  0.95838531361593893  0.97178656829897747  0.98608364713634955  1.00000000000000000
 -0.00103885352742230  0.02174667166731516  0.03533842613850557  0.04494436544698584
  0.05273901364898734  0.05992799630085020  0.06640967386844834  0.07220843623886369
  0.07754022243572996  0.08228511789869192  0.08638347740198130  0.09019500741088729
  0.09396503676444236  0.09761834783472936  0.10095582882139970  0.10402656707818562
  0.10676720291197546  0.10938057755981564  0.11186645682757555  0.11454601947437587
  0.11740428131154579  0.12061649978416605  0.12368395174827307  0.12640734757805652
  0.12870439716461846  0.13114137927050845  0.13368541483723195  0.13634196285735595
  0.13893823887109766  0.14133868701634475  0.14348134382787131  0.14569650236140580
  0.14805620538907938  0.15071618674848111  0.15354253708081472  0.15611600366157044
  0.15856009053431697  0.16103623999835792  0.16352148624542448  0.16604183554041119
  0.16868607050369219  0.17133068281639519  0.17391003507966218  0.17643106207958828
  0.17886687708706528  0.18129818569652917  0.18354164299706355  0.18567557613459479
  0.18768479221295420  0.19018946971124337  0.19292198198860530  0.19563764903722677
  0.19827510212691138  0.20088631349299385  0.20347482717693782  0.20657047197636685
  0.21029606653257393  0.21437847182967842  0.21854770257078304  0.22254605085792534
  0.22650113998979995  0.23232135586782474  0.23880767241320480  0.24552772617553814
  0.25231608178008363  0.25806189270935903  0.26416302229780475  0.27035015979194177
  0.27690602392873814  0.28324295853545478  0.28917381133685388  0.29505040418851380
  0.30073803993653286  0.30774658329083038  0.31351985003741673  0.31737254979919954
  0.32279568555108418  0.32777291721804053  0.33096319541769248  0.33383719512258708
  0.33662336216692845  0.33926985298975076  0.34375062482977653  0.34920733306613222
  0.35726499220325331  0.36927454236312862  0.38009463450776115  0.39305310273110439
  0.40404598436094624  0.41628395555934689  0.43216584629263405  0.44926148510769692
  0.47938492678080413  0.52894985468783673  0.79524430091127563  1.00000000000000000
 -0.00439307394098534  0.02133232361183281  0.04522281719076466  0.06727689829245857
  0.08469203904565611  0.09991068678397658  0.11273238802725022  0.12427895201671162
  0.13515922146513037  0.14633677874592715  0.15796100528131979  0.17127849476963766
  0.18517092140220104  0.19652861976229696  0.20615043603227531  0.21600843123947311
  0.22569227582577386  0.23510988629798002  0.24432560727406580  0.25421366115560479
  0.26509365748532310  0.27505927259207696  0.28298710643030528  0.28957769875496553
  0.29568627715647622  0.30306831526122002  0.31117341659142583  0.31987553240854844
  0.32751469935995059  0.33440308424198201  0.34082632757798442  0.34737062759015536
  0.35422177622253859  0.36246352828521211  0.37146480621843558  0.38090791756113251
  0.39114130675727743  0.40089974646341336  0.40988964142672113  0.41913025926267156
  0.42742915184519636  0.43672499301963247  0.44590005275312017  0.45450587651814511
  0.46245683716533109  0.47052233846813296  0.47822020029837620  0.48625230384549334
  0.49478587881243258  0.50387333287538727  0.51404926749126056  0.52614291736730545
  0.53538317702114524  0.54329069907236238  0.55066349755490240  0.55822927281806844
  0.56674747634822742  0.57660998090566173  0.58654617142274790  0.59576196061874820
  0.60435264957650059  0.61278055994487568  0.62146198951262344  0.63078006277016152
  0.64051081548409639  0.65011898046306349  0.65893839572428436  0.66654461739275417
  0.67334508372938018  0.68040895271074686  0.68804833124178888  0.69623147712661526
  0.70612940002146218  0.71611382804176460  0.72609119809530986  0.73690634312148684
  0.74816143333256624  0.75952726062153308  0.77066403799132555  0.78117202429931565
  0.79199418979276104  0.80393592491970822  0.81576333200190354  0.82737469838639144
  0.84023790413675403  0.85638580787039387  0.87340533489985694  0.89205279705985063
  0.90715972603667505  0.91964878489931634  0.93200838836874722  0.94561665396102779
  0.95889884121086377  0.97356182273204361  0.98728037405479108  1.00000000000000000
 -0.03947952460907619  0.57279446836504833  0.68867655377368642  0.74782821198534688
  0.78615066611301765  0.81401919788559773  0.83220733985243422  0.84494776371863156
  0.85691914204873920  0.86795444119510179  0.87750094725158989  0.88496737644336076
  0.89180649033972070  0.89754163715096880  0.90202421384084830  0.90641494201878559
  0.91080509222603800  0.91480718554761165  0.91810042090001942  0.92112204819520949
  0.92425626666238103  0.92721944002862322  0.92990644895623564  0.93245913983382167
  0.93497812357564480  0.93740668169359442  0.93939663856415667  0.94108145955979272
  0.94259100168118859  0.94404871038693483  0.94547554043828574  0.94694912222344552
  0.94841550940429187  0.94974710321819689  0.95105420859357159  0.95231967349698998
  0.95360616833936440  0.95485664316296648  0.95605233931714784  0.95719393305237921
  0.95824179293811729  0.95919105298770857  0.96009421778820070  0.96103889393180497
  0.96187275884380774  0.96267881700263547  0.96348662848406319  0.96430144830652076
  0.96511488996292683  0.96592342637009410  0.96673466674922903  0.96769049573855881
  0.96848276945199008  0.96922458572113257  0.96996538069368632  0.97064267561661710
  0.97129744901222326  0.97193479901935576  0.97256249892467417  0.97319121599935343
  0.97383602122239676  0.97449266493083775  0.97518821981188397  0.97590328487023803
  0.97660352631260783  0.97728253868956882  0.97791994699760565  0.97855748197192371
  0.97918530199726417  0.97978740752388105  0.98036843471862545  0.98101389564922337
  0.98169191872455874  0.98229768847419485  0.98287847006206186  0.98344578790177117
  0.98400705331613303  0.98457293425399939  0.98514282643162898  0.98571733501771830
  0.98632274807716691  0.98695205293818722  0.98759382687952835  0.98821045363913118
  0.98884548456202492  0.98942376886217265  0.98996225574569674  0.99048984514137683
  0.99101019988891537  0.99158319171370302  0.99227395364342164  0.99300459420074183
  0.99393474611733412  0.99510793095135386  0.99680264252648609  1.00000000000000000
   9.7906437483400132E-019  -1.0000000000000000     
 F F F F F F F F F F F F F F F F F F F F F F F F F F F F F F F F
  <DiscreteSampler_grid>
  grouped_processes
  1 # 1 for a reference and 2 for a running grid.
  10 # Attribute 'min_bin_probing_points' of the grid.
  1 # Attribute 'grid_mode' of the grid. 1=='default',2=='initialization'
  0.0000000000000000 # Attribute 'small_contrib_threshold' of the grid.
  0.5000000000000000 # Attribute 'damping_power' of the grid.
 # binID   n_entries weight   weight_sqr   abs_weight
    10   10   7.278696912215033E-011   4.768449331010573E-020   7.278696912215033E-011
  </DiscreteSampler_grid>
