  0.00000237531003926  0.00000276684478912  0.00000314913446119  0.00000359416399288
  0.00000411441906854  0.00000473251418533  0.00000545591308796  0.00000629578423655
  0.00000728256404142  0.00000844592634865  0.00000980468910216  0.00001139369396551
  0.00001324019941594  0.00001537962422792  0.00001790357512948  0.00002083710015691
  0.00002428750680509  0.00002821209542247  0.00003282986372913  0.00003820112882498
  0.00004442118779364  0.00005152106858712  0.00005967551360539  0.00006907408657286
  0.00008009474964917  0.00009286235176956  0.00010748443883831  0.00012368582413952
  0.00014149975624289  0.00016188438685020  0.00018563134213051  0.00021268259158111
  0.00024211505312976  0.00027391397434519  0.00030854230619636  0.00034792382739921
  0.00039167641579788  0.00044000377380943  0.00049160170229027  0.00054802838537876
  0.00060892167452190  0.00067703288952803  0.00075009856789515  0.00083068115342080
  0.00091982911362802  0.00101714752965393  0.00112388613873650  0.00124013347940710
  0.00136448120842953  0.00149186941269183  0.00163111451057987  0.00178013268781951
  0.00194157441162251  0.00211920020060996  0.00231299686531258  0.00252077784996830
  0.00274846551014590  0.00299432693998044  0.00325437820918021  0.00354214769675577
  0.00384505941030956  0.00416903631021967  0.00452643644045971  0.00492472229457864
  0.00536287809657659  0.00582512623703759  0.00632264687176883  0.00685886299877647
  0.00743064406453498  0.00804656896651353  0.00870639154321584  0.00942240410680791
  0.01021593644690838  0.01107324090532097  0.01199794225978020  0.01293550297788037
  0.01404792138441051  0.01526604262901840  0.01671307434182553  0.01885950143164777
  0.02176892158468693  0.02487274088620896  0.02822394109019754  0.03142082702180118
  0.03502074643375953  0.03916097989105455  0.04449652273958214  0.05118921339542641
  0.05790989893027832  0.06588110406855834  0.07529644164503239  0.09253325378102117
  0.12485905418192839  0.15493383565423158  0.21173335021389880  1.00000000000000000
 -0.00181933800769555  0.00925163405961776  0.01901684543955482  0.02943758630465268
  0.04020330217902987  0.05097097385536177  0.06149128040630403  0.07232774704566132
  0.08312034158371401  0.09335315301320390  0.10394610691922963  0.11460463402717622
  0.12513318760679065  0.13546673739291495  0.14584439715151548  0.15655930059473600
  0.16714808966665670  0.17791295352511075  0.18882669985664136  0.19953495503815724
  0.20996792419491189  0.22034016529714279  0.23076859120388166  0.24170157455127411
  0.25269413239195743  0.26344358812721813  0.27421276990066462  0.28456256088147019
  0.29516550954692072  0.30519782914434246  0.31538790230487729  0.32540835440436544
  0.33572474938702251  0.34640553326897083  0.35700541228169963  0.36727358949072325
  0.37760333197148815  0.38812621749431253  0.39879437327707484  0.40936272286964626
  0.41973704194020389  0.43016774423243198  0.44106124309263106  0.45192305131349081
  0.46296243126154107  0.47346491401638002  0.48419839679445992  0.49483474767925723
  0.50558597069828104  0.51627191071263456  0.52669057434875255  0.53700847483594039
  0.54751778240490356  0.55823659925878111  0.56872880585415531  0.57909597371733890
  0.58948766871795011  0.60017835434909461  0.61080065973583053  0.62118965296413886
  0.63167323049153523  0.64215859243226092  0.65247624326769416  0.66241228695464460
  0.67236209657417323  0.68263330386183829  0.69318599421444893  0.70375351255644991
  0.71433641931764635  0.72481927922440703  0.73508190590922717  0.74510780494334794
  0.75520395638264115  0.76534049855258446  0.77550259733197346  0.78578109828021425
  0.79623320493682570  0.80712186958361620  0.81773573019935708  0.82861029004007303
  0.83938521731654514  0.85023415656243240  0.86082230012903005  0.87134708811385053
  0.88196589418158677  0.89261939357367481  0.90301424191514312  0.91358130371787194
  0.92402238830780514  0.93459997662881322  0.94509919009329701  0.95588524575084999
  0.96684998592797589  0.97793731496168057  0.98901779342922114  1.00000000000000000
  0.00235404609532273  0.02922162155296372  0.05553973962204727  0.08047016066869457
  0.10446753210486821  0.12755381667483534  0.14996794967103244  0.17184901704416988
  0.19315015987757483  0.21379444662261721  0.23377460601874403  0.25332563076014530
  0.27239870784766618  0.29106528496468476  0.30936220969123751  0.32716131927209835
  0.34432134688344490  0.36109372150271074  0.37747438554195040  0.39346253578075152
  0.40902820715295785  0.42416662408574635  0.43886016964239277  0.45328558961617188
  0.46750703517720238  0.48152798373632127  0.49512348649951393  0.50838941614569622
  0.52129556153989320  0.53401422696000411  0.54649091189947963  0.55870879918475980
  0.57067856047262411  0.58243384909952278  0.59391268172525180  0.60508213918141085
  0.61590244872444599  0.62642350823334914  0.63662389161297650  0.64660993497773100
  0.65643910034325526  0.66622714856668208  0.67591157290527315  0.68538589419287788
  0.69458972286073639  0.70360517383574772  0.71252670870764490  0.72131579113755206
  0.72997768408298402  0.73845295154303392  0.74673856717202525  0.75484174440723439
  0.76275256687889081  0.77048518158368151  0.77800104247601032  0.78533619291539170
  0.79259997091900392  0.79979983097239560  0.80692535657068720  0.81389299946677773
  0.82060364541456821  0.82717775899177037  0.83362579501369216  0.83989673876592019
  0.84610996167471619  0.85229020752650120  0.85828327197636134  0.86411995376722961
  0.86986214715457399  0.87549905944907591  0.88102153698059005  0.88646448348668527
  0.89186038416163516  0.89711291984739927  0.90223052163179474  0.90724857056203279
  0.91222192351251419  0.91715062187042440  0.92201281202698782  0.92678634718006758
  0.93143646291143867  0.93596638245134101  0.94038266546469573  0.94470573410019154
  0.94902168224198258  0.95330796679260699  0.95754415805301818  0.96179263372350787
  0.96608492486190178  0.97031438013911786  0.97452641476695101  0.97878831689459100
  0.98317692058263428  0.98784645355285439  0.99348981077826948  1.00000000000000000
   1.9993414103031277E-007  -1.0000000000000000     
 F F F F F F F F F F F F F F F F
  <DiscreteSampler_grid>
  grouped_processes
  1 # 1 for a reference and 2 for a running grid.
  10 # Attribute 'min_bin_probing_points' of the grid.
  1 # Attribute 'grid_mode' of the grid. 1=='default',2=='initialization'
  0.0000000000000000 # Attribute 'small_contrib_threshold' of the grid.
  0.5000000000000000 # Attribute 'damping_power' of the grid.
 # binID   n_entries weight   weight_sqr   abs_weight
    10   10   7.591527148739455E+008   5.535792252055641E+018   7.591527148739455E+008
  </DiscreteSampler_grid>
