  0.00623471240261667  0.00644986764604596  0.00667091383406915  0.00688287760779809
  0.00708472340732572  0.00727872976132114  0.00745536161847390  0.00759752407616774
  0.00773900409941929  0.00787681402473492  0.00802453933917041  0.00819380623248517
  0.00832427341267325  0.00845306098373465  0.00858069090873392  0.00871100872114517
  0.00887551383638887  0.00907670364265392  0.00928114852231899  0.00946969690152094
  0.00964905320680003  0.00982636466624766  0.01000517456156771  0.01019838965772449
  0.01043726839159497  0.01068151855328211  0.01091783463364686  0.01115584292611444
  0.01140377359771311  0.01164435168544042  0.01188477030847805  0.01211752270351353
  0.01235894480082109  0.01262338693506057  0.01291120394006290  0.01322001644480543
  0.01357215878152770  0.01393125758175546  0.01426789237101549  0.01460542386947252
  0.01494964618698810  0.01530000528037538  0.01565870102931957  0.01602187403403777
  0.01637943951530629  0.01674680242833644  0.01712884029487502  0.01755776397180820
  0.01800251221286703  0.01844565628309077  0.01890591851052957  0.01939519797849561
  0.01988737357470337  0.02040605225129816  0.02093491908655797  0.02147054665031054
  0.02202805931212577  0.02266464464572382  0.02337342900289020  0.02411808797015979
  0.02477888324756333  0.02533014015654149  0.02595550027010017  0.02655677975818269
  0.02716925872244018  0.02785699992188808  0.02858627308564319  0.02939419282072421
  0.03030570435215987  0.03140873025723013  0.03256279434565839  0.03373358278556323
  0.03503594538988656  0.03643087848891598  0.03796142806297518  0.03957990939287933
  0.04154753197561892  0.04360487982056130  0.04547409377510564  0.04748016074137296
  0.04973437267318012  0.05241195377336159  0.05558740858440248  0.05901135971267155
  0.06281462823123987  0.06755376285194455  0.07340204064518020  0.07896558671446734
  0.08477442178350081  0.09140700243246086  0.09875469046151021  0.10730257795412278
  0.12326035989635999  0.15069690533639818  0.38034054043052651  1.00000000000000000
  0.00000233764465690  0.00000269236929040  0.00000294317497608  0.00000311724322408
  0.00000325684319900  0.00000341987487742  0.00000358378382043  0.00000378087042602
  0.00000399154454744  0.00000421103633244  0.00000442957376600  0.00000468107005636
  0.00000494818746066  0.00000520523515113  0.00000550114554135  0.00000582090728260
  0.00000618500640196  0.00000661312493437  0.00000702976674230  0.00000747878751165
  0.00000799042557064  0.00000856294180156  0.00000919771311935  0.00000989600462787
  0.00001068753075384  0.00001154957993062  0.00001251858765441  0.00001358518949974
  0.00001469895466103  0.00001564472973959  0.00001676710807280  0.00001807100451053
  0.00001944732767395  0.00002119125833014  0.00002349791606690  0.00002575656080577
  0.00002793117684983  0.00003029286263246  0.00003287462159355  0.00003593797516733
  0.00004018185672518  0.00004534830904289  0.00005122258159609  0.00005786612950246
  0.00006448630473951  0.00006912103552356  0.00007434181252089  0.00007980087546631
  0.00008626154500626  0.00009356792047660  0.00010293580928790  0.00011569869564068
  0.00013026631948505  0.00014675426717741  0.00016380187118548  0.00018194705803485
  0.00020128314198522  0.00022334867117745  0.00025045602772156  0.00028112299449461
  0.00031461351518357  0.00034883148381972  0.00038797701686141  0.00042835526220941
  0.00047590429466242  0.00052680135001120  0.00057974419535488  0.00064256953659612
  0.00071446539162239  0.00079532775009778  0.00088627521178188  0.00098688585152699
  0.00109872852707395  0.00122257877968329  0.00135973868405043  0.00150309141952621
  0.00167553696139627  0.00188492074946796  0.00210693037213275  0.00245411984104446
  0.00286058293167381  0.00338621951295952  0.00395745831990955  0.00462105108107438
  0.00535024496044850  0.00628435939112447  0.00756544514358713  0.00944313065168829
  0.01208283651734513  0.01519190702149149  0.01953641725813695  0.02728851547796036
  0.03956859057780473  0.10107058588626769  0.39083500422425704  1.00000000000000000
  0.00000541854959469  0.00000860367134977  0.00000988016219361  0.00001167073744233
  0.00001408239079493  0.00001671213966051  0.00001958659112832  0.00002281721493828
  0.00002658851592844  0.00003093679976660  0.00003607840206310  0.00004405225284842
  0.00005678113587833  0.00007133706744806  0.00008788712497549  0.00010523870872509
  0.00012560363072846  0.00015377468597776  0.00019034706489722  0.00023220322188435
  0.00028435401657101  0.00035511807491955  0.00044524748320386  0.00054738827618025
  0.00066406415193423  0.00078635621967818  0.00093257844292145  0.00112654028389873
  0.00137239860668327  0.00162148754598305  0.00187538998453451  0.00214774728378220
  0.00245355848028817  0.00277664953460657  0.00310478441020684  0.00343498325256723
  0.00375941466393986  0.00412264658620189  0.00450904769391324  0.00489491872973027
  0.00530315321854574  0.00577790786157712  0.00632500854569583  0.00688689463569408
  0.00735324492561317  0.00769617004357920  0.00804415749491240  0.00840447771814383
  0.00881571628863998  0.00923621117099456  0.00967237295758256  0.01016423947647094
  0.01069519341858682  0.01123185515995829  0.01180592614658880  0.01245164746650256
  0.01306768040857926  0.01366867379695967  0.01426886108730545  0.01486456672367974
  0.01559883286549604  0.01645305661664229  0.01734982269198534  0.01831484791286006
  0.01950034932994206  0.02068280779899440  0.02209489131210616  0.02373057816075532
  0.02547370731291520  0.02735332819265567  0.02927599896834241  0.03145286025608193
  0.03372490009723664  0.03585828943614758  0.03749729497561128  0.03903454123997858
  0.04118049551972534  0.04347534001821065  0.04599115567083156  0.04905012137428640
  0.05237579549086620  0.05643905675270298  0.06182817789178005  0.06790173514555398
  0.07336270021338891  0.07792499244629406  0.08277860501832443  0.08906051090335942
  0.09813429587583472  0.10959226466870337  0.12210557255377538  0.16441964437793555
  0.21941217866856036  0.24275655667362162  0.26048912881114050  1.00000000000000000
 -0.00338634309555104  0.01218279580150259  0.02661417408741063  0.04378287510429904
  0.05720437264466514  0.06876391505915502  0.07944336829274962  0.09116838157145254
  0.10335505624667657  0.11430725147074182  0.12607065064739120  0.13769765723832031
  0.14995468968214198  0.16267100999598816  0.17362170830235032  0.18487725523524071
  0.19774555711093508  0.21224749666771162  0.22735168649996509  0.24226879085227979
  0.25269279555948976  0.26018614366682524  0.26845857440429083  0.27704422587163585
  0.28493099614750533  0.29290724204961555  0.30097495611540576  0.30858642218854515
  0.31817874383399991  0.33038527748476049  0.34279513842969611  0.35544713759368030
  0.36674565992719865  0.37979281991131625  0.38944466320890170  0.39855745679915933
  0.40824523338750057  0.41709223452905614  0.42640985635403506  0.43692506723141267
  0.44715534685624875  0.45724363807866503  0.46781279196034153  0.47937091590962266
  0.49157045823257051  0.50296526746135517  0.51450332680140243  0.52504261327092783
  0.53319822610260192  0.54094080534628408  0.54842565886610029  0.55657315665730034
  0.56493913206536028  0.57392601171124058  0.58392448113458373  0.59513362412807547
  0.60655428907789011  0.61791273628351939  0.62928304725904760  0.64117755044401170
  0.65346728936805287  0.66508863061450907  0.67617619331525058  0.68702178462609587
  0.69744335004851321  0.70750315649567586  0.71637344559040472  0.72535881866310614
  0.73427209986378339  0.74315858826100756  0.75244693755485215  0.76228301150716449
  0.77282071932087371  0.78422217259878724  0.79588164888378155  0.80705234835136519
  0.81820560524393371  0.82927590540709761  0.84031027610829379  0.85077971407503017
  0.86110595763325160  0.87051135181368755  0.87945972901980896  0.88821655517316334
  0.89685495429621309  0.90560514432116446  0.91455350992023021  0.92351426653537672
  0.93288492931126965  0.94202648085519536  0.95132545625152065  0.96020499024028161
  0.96957680430909698  0.97939764426065512  0.98963870543599453  1.00000000000000000
 -0.00278104313399238  0.00989126093935020  0.02007123040687392  0.03034684459103077
  0.04140559756337994  0.05311386791502627  0.06506348540991402  0.07657462891812275
  0.08732292219152858  0.09761785247557843  0.10758602399938802  0.11727659837139842
  0.12694679601376063  0.13717269565568291  0.14773214824735106  0.15961224088872381
  0.17206180184063602  0.18466136004768058  0.19659700635798188  0.20786648046744596
  0.21876896856958852  0.22993221293516033  0.23959933432128153  0.24840455737615968
  0.25669776738695849  0.26618957902622487  0.27628984122332945  0.28577922011877843
  0.29603759002136204  0.30586776048009956  0.31604436583409001  0.32640926543808563
  0.33928710008130941  0.35021667008678325  0.36043276238786748  0.37049082301626529
  0.37993223415301741  0.39152999439534947  0.40376383072688649  0.41452593862504433
  0.42574699809047639  0.43734788073336495  0.45071818028206195  0.46483445252329125
  0.47844945333522354  0.49014110639489683  0.50076353341008195  0.51210528943701461
  0.52345574539413386  0.53550106816924070  0.54761679716373857  0.55898996665817802
  0.56974177474539478  0.57963651308358266  0.58924693451236199  0.59921508221325481
  0.60983783615287623  0.62049829325070316  0.62945844136869433  0.63785117332420127
  0.64665058473523429  0.65677257440656944  0.66683245131792679  0.67614241670482034
  0.68421362623681992  0.69263192711587362  0.70111157191563367  0.70918390310128188
  0.71885972797902387  0.72872871316505006  0.74071665827439570  0.75361247851541502
  0.76598891154738968  0.77839498276107633  0.79018053979668423  0.79848249049616438
  0.80575928203850600  0.81322950558052354  0.82119849968188452  0.83180820843146253
  0.84228721327431222  0.85218957194255673  0.86291507609038343  0.87453841270898558
  0.88554050453132827  0.89553377068640705  0.90573628438704956  0.91630139293888024
  0.92713570421560454  0.93765610352129614  0.94759997483023284  0.95785539141752674
  0.96848025253448577  0.97892029464926078  0.98921979318124098  1.00000000000000000
 -0.00281245444905509  0.01126402379592578  0.02249904529425096  0.03299794682706658
  0.04341962853153455  0.05369383726510702  0.06450876802055028  0.07650475781101268
  0.08827666589125209  0.09930571018559994  0.11042287345329269  0.12176368015628615
  0.13143788566037304  0.14006737346549281  0.14850946400076273  0.15737729143110155
  0.16741450600119340  0.17650324144638416  0.18571277781683965  0.19651457263069302
  0.20967900005184067  0.22304398631290798  0.23731561648768867  0.25147292652150749
  0.26387755562964299  0.27546356855849119  0.28682022358625697  0.29713618473254211
  0.30637035099883242  0.31559050748938738  0.32483015053067821  0.33485564844599658
  0.34371788744899479  0.35180245044938480  0.36015010655792673  0.36883397147144953
  0.37838104029675601  0.38996476382000977  0.40002488355892457  0.41010937693013100
  0.41989079550407260  0.43047965892181694  0.44306054750060542  0.45495462646772822
  0.46564625700398043  0.47657872292128661  0.48767883507447857  0.49957754621107958
  0.51251023710512078  0.52575718468153365  0.53923157801597477  0.55261009367876646
  0.56621670989402406  0.57958259745755591  0.59168912994812073  0.60292347889344322
  0.61368895345887087  0.62394369714971354  0.63464908540922205  0.64532845672256400
  0.65627431728705765  0.66624173844938916  0.67284936075777191  0.67935085955303109
  0.68570487282163339  0.69190559714784716  0.70152377603615668  0.71177832797383866
  0.72222477610386193  0.73199277234809679  0.74160246584028378  0.75197256979238514
  0.76271351731752468  0.77324958404763011  0.78389345781820141  0.79459380756636910
  0.80725445790910377  0.81821029332642414  0.82766225828568063  0.83636795737833469
  0.84481876017160296  0.85367970522804582  0.86332639096608499  0.87120586934195388
  0.87795317229529279  0.88575729250015256  0.89315170193093230  0.90460622104423682
  0.91658197805677621  0.92849169604057646  0.94008090053274374  0.95074592191180185
  0.96198618770534228  0.97390617759732001  0.98633352837375410  1.00000000000000000
  0.00599822278527916  0.00965082611295137  0.01248290012430682  0.01450672443951165
  0.01624179361884413  0.01791100999147219  0.01957833394795239  0.02127177424474276
  0.02274162989934515  0.02426554468638431  0.02581849248703901  0.02739115235661249
  0.02899206478078345  0.03065272955649206  0.03243771023476021  0.03424500636740501
  0.03602541586774640  0.03776954109552676  0.03948953785872186  0.04120349905817217
  0.04291631148925307  0.04455250078006284  0.04595455376218399  0.04726374781872818
  0.04855945104454733  0.04987724515325021  0.05124558274646094  0.05271734088203410
  0.05434868929706831  0.05608101206948717  0.05789354621675776  0.05986442995884947
  0.06195199876229700  0.06397893255454093  0.06585492642368879  0.06748688032509521
  0.06923809787167863  0.07092673132916918  0.07255141508187797  0.07424211606317267
  0.07606537693303174  0.07775556341298989  0.07948778801807327  0.08133069590908111
  0.08336096268215022  0.08569219725631953  0.08801897847384643  0.09009904358097150
  0.09206919215649859  0.09400868707469033  0.09607416951131230  0.09801860118336581
  0.10000841625010795  0.10190817283754582  0.10385795290828125  0.10602517147972787
  0.10837037102463118  0.11041470756127741  0.11217259644249028  0.11392711361053465
  0.11590698844715702  0.11839203306795329  0.12124630892721450  0.12412234541145520
  0.12700323269290573  0.12991306277616413  0.13266411792651550  0.13527521062960443
  0.13800729434540307  0.14089615931510105  0.14416030244500005  0.14768258236808546
  0.15083065722771491  0.15433248614287295  0.15782352530240140  0.16121780742074110
  0.16439584082422370  0.16735193307820725  0.17048943629511340  0.17422125371051189
  0.17907569997047038  0.18554531162950455  0.19526845036656024  0.20922212706709292
  0.22369216725007840  0.23371918231579583  0.24457526723429029  0.25439857669770910
  0.26520684377028020  0.28462590795354459  0.30020133591310466  0.31479032836535042
  0.32717287124167410  0.34651748358032486  0.65052214747246662  1.00000000000000000
 -0.00278182186005146  0.01297583474017469  0.02495232601087342  0.03694099849175034
  0.04840985758298606  0.06000338497463772  0.07174287092771642  0.08429571755701229
  0.09513731585436881  0.10600754248347023  0.11612052341369251  0.12675230379169683
  0.13549202190452669  0.14395283224067054  0.15271553870331123  0.16257843774852637
  0.17372014965354837  0.18382021058377657  0.19341832890850583  0.20284809802853521
  0.21287186547260245  0.22359747435613705  0.23391807531569139  0.24360274747017469
  0.25290779174008965  0.26185971670005204  0.27081103036550364  0.27962440219963469
  0.28951360812626120  0.30040551006317984  0.30911150508335433  0.31747788018630518
  0.32582660162939631  0.33409639954700560  0.34466358603092689  0.35556295894143608
  0.36649544842084048  0.37858298223983644  0.38999785454631025  0.40083269297913909
  0.41114875829259306  0.42155232486323618  0.43107249546572951  0.44082975240372574
  0.45066851205979991  0.46082952487867407  0.47048124145292769  0.48087686301875759
  0.49484756135281915  0.51017301203377285  0.52595886794689550  0.53859533818351979
  0.55093001742421732  0.56205237461869639  0.57417060192560665  0.58539236162421071
  0.59553154607046921  0.60515251434492778  0.61401065670077193  0.62316061798367228
  0.63264360928608254  0.64184856162637516  0.65156395246404109  0.66222590780059665
  0.67242501141309474  0.68282053392412345  0.69265650098928278  0.70247439019342139
  0.71203063460824412  0.72129401239426083  0.73139017726592881  0.74275688888881963
  0.75415047095049970  0.76446574617700658  0.77474606754868625  0.78618004801651209
  0.79717696042971842  0.80766574627191834  0.81706487177500164  0.82619651146398354
  0.83555400800237090  0.84480664950351725  0.85392944719309738  0.86334575472705444
  0.87363719783513805  0.88515489019752902  0.89782033409435047  0.91103515435469351
  0.92388447727957346  0.93594225775025341  0.94852946805759863  0.96126686063130673
  0.97128680067544382  0.98131506871297225  0.99095633090842827  1.00000000000000000
  0.03264844475535397  0.20222326952324257  0.29516705025157741  0.36624243515957439
  0.42134279693462939  0.46686294849479176  0.50313109022162517  0.53501770985631458
  0.56411197314702421  0.58898395081424693  0.60870449389729420  0.62739750268844874
  0.64461670590419418  0.66068482325481392  0.67467318341706961  0.68717039551465753
  0.69900595050662040  0.71035247002091961  0.72113587784069633  0.73061971808858905
  0.73944584108949385  0.74743521862327211  0.75499576873808583  0.76242281985074933
  0.76996010929631609  0.77744408609583726  0.78456036663513806  0.79149319078579383
  0.79817976049662265  0.80468131419493671  0.81103895711164375  0.81681833075401722
  0.82212416153685297  0.82764920387574359  0.83280987345928637  0.83768429479607320
  0.84233945007821664  0.84683828152341289  0.85132570409591590  0.85562830720822203
  0.85962367340672252  0.86350330573570133  0.86734004183001667  0.87101112819540416
  0.87463075936905110  0.87797698809567026  0.88081243046098068  0.88323132928823433
  0.88560511888807747  0.88798577595580241  0.89037772068289978  0.89298143337374070
  0.89597973974356204  0.89895897496917498  0.90187029706026567  0.90483640370491170
  0.90764649806026787  0.91058279116617913  0.91327847854003230  0.91596562459511921
  0.91858716282778852  0.92088836336314162  0.92308372348152279  0.92514176946305837
  0.92721929559440530  0.92940643884196794  0.93162910669474897  0.93404506166740064
  0.93644275005080202  0.93859647553748282  0.94058465203765484  0.94254080476778690
  0.94446771333144652  0.94634800711685207  0.94826107073457766  0.95024840757363993
  0.95234388196306707  0.95446738011236965  0.95668828177788434  0.95870284338304379
  0.96055525898214034  0.96245631384330876  0.96429965732962131  0.96608845065885951
  0.96811315757854888  0.97012578160019636  0.97216431168398842  0.97417072201045940
  0.97612620383644977  0.97813957035250165  0.98022760171214696  0.98249648215498420
  0.98504247511781795  0.98832114465206933  0.99285807130259263  1.00000000000000000
   5.2169063072381895E-013  -1.0000000000000000     
 F F F F F F F F F F F F F F F F F F F F F F F F F F F F F F F F
  <DiscreteSampler_grid>
  grouped_processes
  1 # 1 for a reference and 2 for a running grid.
  10 # Attribute 'min_bin_probing_points' of the grid.
  1 # Attribute 'grid_mode' of the grid. 1=='default',2=='initialization'
  0.0000000000000000 # Attribute 'small_contrib_threshold' of the grid.
  0.5000000000000000 # Attribute 'damping_power' of the grid.
 # binID   n_entries weight   weight_sqr   abs_weight
    10   10   5.116509370748160E-005   1.040065096388551E-008   5.116509370748160E-005
  </DiscreteSampler_grid>
