  0.00212609975219493  0.00214650425858528  0.00216376997204523  0.00218141337120347
  0.00219906951460838  0.00221629331893144  0.00223233543584853  0.00224925733194698
  0.00226678543937388  0.00228504953126684  0.00230378858995534  0.00232304549781697
  0.00234343229539304  0.00236992497156452  0.00239555606837585  0.00242057389609253
  0.00244897216437429  0.00247710427444456  0.00250484422855900  0.00253499049170261
  0.00256378456354413  0.00258950843775027  0.00261784866468067  0.00264869847215029
  0.00268225748091012  0.00271836090974594  0.00276747846014608  0.00281396381338148
  0.00286397713753293  0.00291823448406110  0.00297230439734575  0.00302160715325875
  0.00307696909158349  0.00314021861131973  0.00320984305784462  0.00327914551206382
  0.00335394778762922  0.00343230344388838  0.00351642513313909  0.00361014401197330
  0.00371279059093830  0.00381641905237961  0.00392862690292381  0.00403427413828695
  0.00413507061647651  0.00424121740714492  0.00434946832210665  0.00445592104054850
  0.00456314104882392  0.00467565154594595  0.00479121604978137  0.00491324440210904
  0.00507297032548150  0.00526673329372659  0.00549159399019694  0.00574157322531489
  0.00602762661464430  0.00636013633814950  0.00671450209795793  0.00713593709073149
  0.00758325442608917  0.00817353967985148  0.00876101371053897  0.00933126101916417
  0.00992960147297066  0.01059497137265064  0.01142897386158237  0.01252468593683581
  0.01374128142341435  0.01500564973876394  0.01629624151100483  0.01785547702176086
  0.01959403666590972  0.02118714303810186  0.02289037793626519  0.02492325455293602
  0.02790388045462839  0.03153663752788271  0.03512735866540330  0.03879330968427009
  0.04321762968631766  0.04799471701158636  0.05210297415533587  0.05588672851472540
  0.06092132396931114  0.06720873025354419  0.07463566316624080  0.08132018751161972
  0.08987986353683816  0.10022652140595005  0.11583190980434203  0.14189739789398795
  0.18965508234672612  0.22973860784752348  0.28585371750085908  1.00000000000000000
  0.00039298040006031  0.00045709456415595  0.00063885630339151  0.00081919753989416
  0.00100841668901014  0.00117842282843718  0.00134021924246532  0.00147554735653694
  0.00165085311453220  0.00190645637315340  0.00229328573690410  0.00273581471412092
  0.00322172991395578  0.00371665003010974  0.00423217726533592  0.00473782823061489
  0.00527990321076488  0.00580978128103488  0.00635188346835598  0.00686910537935479
  0.00739828368400342  0.00798801249645670  0.00863557065963184  0.00938469061797295
  0.01012304815354647  0.01079523180480075  0.01147926616462411  0.01235660748669155
  0.01335974526291960  0.01433631684182395  0.01522191811940165  0.01595014225316707
  0.01665746222456497  0.01734064968731039  0.01799442316578258  0.01869557712668878
  0.01944331978334040  0.02021277947208518  0.02087018407426893  0.02159727920440436
  0.02215956848734138  0.02294879819463570  0.02385625526308191  0.02475945003144247
  0.02575194414902662  0.02688600826383324  0.02800186166651749  0.02917007930197627
  0.03041085092074598  0.03165647571851716  0.03294711413608865  0.03429340244720681
  0.03574768913876827  0.03741124484227271  0.03946450727086152  0.04191552349211022
  0.04443344631294494  0.04697966148184357  0.04953671174376771  0.05206327471162085
  0.05411411843945015  0.05603731702929236  0.05800368318978024  0.05938683846216670
  0.06141681751755132  0.06290412084576619  0.06448159261395066  0.06600918489933058
  0.06770913001092137  0.06966242776410711  0.07169564483834329  0.07525192427384955
  0.07773501138287484  0.08046633717918311  0.08335755912512573  0.08594365866182115
  0.08849763533631413  0.09170295080517937  0.09496171571297020  0.09758652390216890
  0.10108034370480012  0.10452606542265383  0.10796137419497308  0.11104992808620975
  0.11459079137017540  0.11794313195301463  0.12170863117768761  0.12679301641508767
  0.13347107297998465  0.14656552174025259  0.17420093315950902  0.24300358079438128
  0.28190167536927274  0.39956633349512011  0.48781169570285310  1.00000000000000000
  0.00000279840003747  0.00000311764230542  0.00000340428173180  0.00000368581929177
  0.00000392733129370  0.00000412304276300  0.00000432801327968  0.00000456678438455
  0.00000483346195114  0.00000513610985009  0.00000550372541066  0.00000583902968965
  0.00000621641053978  0.00000675484690755  0.00000747650294121  0.00000820406497165
  0.00000879306704978  0.00000927123144949  0.00000963435178121  0.00000992552767939
  0.00001025151544973  0.00001058984518449  0.00001095552215931  0.00001152441037809
  0.00001219080484254  0.00001283409097413  0.00001366528709345  0.00001475158433095
  0.00001581937411456  0.00001715294627000  0.00001865836418539  0.00002039912905953
  0.00002236345126502  0.00002445600836475  0.00002698823284363  0.00002961308339265
  0.00003231067567412  0.00003511392840504  0.00003815735196098  0.00004186757490113
  0.00004605896627487  0.00005187332468599  0.00005797523015232  0.00006351437131519
  0.00006861351521460  0.00007389776623291  0.00007980424312379  0.00008640883955292
  0.00009345014988079  0.00010192143822364  0.00011362787379705  0.00012806864970588
  0.00014569142699219  0.00016648312172751  0.00018616791927589  0.00020431268753027
  0.00022087453950844  0.00023611882089158  0.00025455890937769  0.00027410267211055
  0.00029525989469748  0.00032591792206700  0.00035757869227100  0.00039069902420379
  0.00042487332177414  0.00047040981333325  0.00052316321902228  0.00058237765699160
  0.00064893977221058  0.00074817489121387  0.00086688273598728  0.00099878983528286
  0.00113287971327269  0.00127931859683883  0.00142984333480272  0.00159748695713953
  0.00179460395474824  0.00202207211542264  0.00223895394242251  0.00250718833834891
  0.00281044113317090  0.00319127688911822  0.00372539251640205  0.00446085633912475
  0.00550002382708119  0.00705768110239899  0.00887810109049098  0.01131383570260438
  0.01476212895355757  0.01898395190716626  0.02451680831421688  0.03458305041603145
  0.05434082205742231  0.09498781553326724  0.24628383224287712  1.00000000000000000
 -0.00430664931039108  0.02090416722524466  0.04085606127928462  0.05978745158568723
  0.07631940321682099  0.08983220670042130  0.10298616431348473  0.11652529961824012
  0.12849486842952801  0.13997996334253243  0.15197120839115247  0.16427303678102523
  0.17857148844204659  0.19342616670650012  0.21006216262311467  0.22735053271513359
  0.24084732302617357  0.25455021452932536  0.26556134369835810  0.27645259238746239
  0.28899906362449734  0.30064793147556240  0.31075159885594655  0.32157404231595893
  0.33337490712954315  0.34470895483483555  0.35587365330482224  0.36827837751632431
  0.38173026284437694  0.39567715857667018  0.40947881190060420  0.42257694847835292
  0.43573346027282017  0.44965310482977400  0.46372505589710250  0.47606426847502398
  0.48545730524609493  0.49281286309986505  0.50170732330725443  0.51211703675685361
  0.52151527417053722  0.52899593669259581  0.53465253050995498  0.53992870130084591
  0.54572376166987957  0.55362272607212093  0.56241456757570663  0.57011878941851202
  0.57810685377842963  0.58672635421441410  0.59475088661234687  0.60096003147632115
  0.60673628963866266  0.61266685866644033  0.61770169187792467  0.62371403614037968
  0.63181327329679937  0.64127251177790778  0.65197254803146665  0.66237758636701582
  0.67201490678847209  0.68159217993767518  0.69204497911662366  0.70263458594418304
  0.71428619513037872  0.72542937029032628  0.73630931003592703  0.74755371862912101
  0.75605331869033421  0.76492057037078676  0.77484141586343303  0.78387905256313850
  0.79123252956798196  0.79839095468536203  0.80529524933400631  0.81208776990189313
  0.82110650514447925  0.83346728048938712  0.84504414815871232  0.85791829382407681
  0.87197404050310523  0.88493687917347597  0.89697793819422666  0.90922679805364615
  0.91910312330627375  0.92768213809625377  0.93731141306270294  0.94759689316159901
  0.95816440640653400  0.96702608526550482  0.97538822685235238  0.98073840890448027
  0.98580869196642240  0.99074028530599445  0.99538935340192214  1.00000000000000000
 -0.00124034454315862  0.00721715398465056  0.01499841115158207  0.02308587987625201
  0.03152447502455293  0.03936166620564722  0.04695516308694411  0.05489377546320235
  0.06360821646962532  0.07552107488021365  0.08799361772568549  0.10175891705089862
  0.11371198243969113  0.12397945264418361  0.13217152331914139  0.14026949472512171
  0.14865768570275564  0.15851332479341546  0.17072023146295892  0.18138026840729118
  0.19262239710950291  0.20416376010337317  0.21586786112819309  0.22818518146777636
  0.24040328982636294  0.25212963699877167  0.26273415186911719  0.27361459051209536
  0.28551529396465397  0.29689838493575155  0.30832445591933305  0.31906976170993512
  0.33073666690406733  0.34411354941706362  0.35500845422934507  0.36506044799683168
  0.37484273737599638  0.38394911965757789  0.39320496608153771  0.40234468066951701
  0.40996017077223795  0.41739781360620704  0.42561673493996649  0.43471087539248415
  0.44451593226433528  0.45610023513166414  0.46602220717370840  0.47578674518872022
  0.48604426432504977  0.49847236934247297  0.51628449629825679  0.53301566624917363
  0.54589164340931040  0.55759307497412469  0.56667344223917304  0.57550616361362583
  0.58439412739401886  0.59339190404365949  0.60467261169889119  0.62317829671249325
  0.63989908046533650  0.65038161311684162  0.65712890449179073  0.66399503442126517
  0.67131743899929930  0.68044724227746944  0.69004835491892225  0.69899209730114864
  0.70657107063655067  0.71369696229835911  0.72137324496789856  0.72709938077750769
  0.73332107015207348  0.73961733870634261  0.74714056880456436  0.75551224442885445
  0.76631482982966215  0.77721404294517760  0.78755418413858047  0.79825405799466254
  0.81003498924490847  0.82557769533039960  0.84343904315458573  0.86117557218126617
  0.87742936178960862  0.89204167651245636  0.90222378878349263  0.91191227480634784
  0.92248789889602167  0.93254763099947835  0.94196576929171072  0.95060540412317507
  0.96117086291582909  0.97439025633255538  0.98765200892866589  1.00000000000000000
 -0.00280387718207846  0.01293483020193840  0.02460171508470838  0.03537252099334794
  0.04577870430966235  0.05704973517119498  0.06900356100865521  0.08022640068082204
  0.08993552403838488  0.09898414663638526  0.10786166010572600  0.11530796840888506
  0.12329980720757193  0.13129898492322428  0.13944347336401530  0.14898237448524998
  0.16210528181641148  0.17549041991846290  0.18777193503786752  0.19919679603357782
  0.21069877152831554  0.22116892359844412  0.23138476276372549  0.24118040476802813
  0.24964231303293649  0.25965355528188439  0.27015282298237603  0.28082299379202519
  0.29207320216711341  0.30240344471957181  0.31157525942848108  0.32043248565528665
  0.32886760739513810  0.33588686971139664  0.34176196331860664  0.35076403306837628
  0.35918158383593934  0.36698116916308154  0.37724206200491139  0.39021249652987228
  0.40534750592637259  0.41943860786252041  0.43270883420356804  0.44487009522087384
  0.45603836645031437  0.46912513190616156  0.48097704328080193  0.49352179272903468
  0.50594964953294308  0.51893178618835178  0.52742442745963636  0.53528468007399910
  0.54167296923881947  0.54648477140425178  0.55212623674474337  0.55755890746656345
  0.56507604355170971  0.57409313432861830  0.58288309894094703  0.59647885698060477
  0.60926174439503122  0.62105122483468700  0.63365640825327740  0.64602206308112986
  0.65898165289826305  0.67040083719582189  0.67920239560050910  0.68585356696105448
  0.69241574425889096  0.70060301124263868  0.71125233319926306  0.72138583181793681
  0.73208326093494525  0.74552880633578678  0.76107862799621717  0.77802657692074650
  0.79417232430897355  0.80597467042313120  0.81664327739175813  0.82646799429145801
  0.83674379389597975  0.84724154554152287  0.85874984497185614  0.87163063479564251
  0.88362185373041724  0.89441720222403720  0.90457258445403999  0.91433985899095704
  0.92424224435575353  0.93506788701535792  0.94496847335125100  0.95359731063599595
  0.96204847828079487  0.97059728324618866  0.98290043225641965  1.00000000000000000
  0.00043722110933940  0.00857680673450518  0.01559753331649670  0.02154755884622288
  0.02689803075385352  0.03180260996687546  0.03610532909710322  0.04023662617330948
  0.04391366808640163  0.04723658451412992  0.05038782701749715  0.05363164969101207
  0.05720533445360935  0.06100694985716257  0.06540342108280611  0.06980702212900937
  0.07382576399037603  0.07770337076050973  0.08154966377194482  0.08440419442706079
  0.08739712439075871  0.09055631075506423  0.09407188008984560  0.09799098907993334
  0.10240537791961001  0.10672141039262426  0.11042054917151506  0.11406721148295018
  0.11757630293024211  0.12130978271291834  0.12529312982158503  0.12936168030445092
  0.13367301307643042  0.13833168785987007  0.14287685411503498  0.14721730336903693
  0.15155336135563344  0.15578491427579433  0.15999185139363797  0.16434696082886358
  0.16897167044338532  0.17389570473415386  0.17915303591732329  0.18450069895586821
  0.18932252896968532  0.19362591836703913  0.19796841855329436  0.20275756127243147
  0.20715762013857916  0.21084644132317396  0.21410350660969266  0.21667731637106430
  0.21935681087941269  0.22219128274310013  0.22504886962802309  0.22867850448841351
  0.23257241894295191  0.23586387343089962  0.23855958382635020  0.24106983077415028
  0.24367174774494205  0.24664406140765860  0.25125809309972136  0.25568473773473793
  0.25901212855893641  0.26212225572670528  0.26527628673781872  0.26884089781006026
  0.27307324408226580  0.27581203261323850  0.27899867810617196  0.28162825755945808
  0.28441773864391984  0.28707532677142350  0.29126443321951789  0.29666426758374814
  0.30492676395795371  0.31309913569877601  0.31914920436461730  0.32549146735554685
  0.33439893648465774  0.34432720320587668  0.35436574294483991  0.36406101318471989
  0.37582475649606684  0.39108333278923657  0.40617155403512356  0.41772619106242836
  0.43217748107014098  0.45825048947525165  0.49721347180386372  0.51594527447575456
  0.52673899378231193  0.54997375916966995  0.60074379247705201  1.00000000000000000
 -0.00343194291481483  0.01657998154803963  0.03175150514618858  0.04342341604059397
  0.05159045987902908  0.05988858987856915  0.06787115839139289  0.07590509648083012
  0.08344072795886653  0.09083296176937200  0.09748551984315580  0.10381573268224785
  0.11216164315388469  0.12196545076479971  0.13373898689047067  0.14468934590788665
  0.15269501173422209  0.16097080171182138  0.16923135321652083  0.17788731678736164
  0.18746342950286790  0.19507416358549842  0.20206107930198094  0.20993277435247501
  0.22156510530241830  0.23384036162078012  0.24701720423569920  0.26129583197374473
  0.27565145758194443  0.28921737299425432  0.30343082785717201  0.31715461880272461
  0.33054215524724950  0.34235195156418530  0.35238680304612685  0.36175153039061747
  0.37023676667687450  0.37960900544035664  0.38945888612343926  0.40014423647956465
  0.41284150331465252  0.42727263452788333  0.44232557101326986  0.45490381415874848
  0.46653856126614185  0.47944316180277247  0.49157478288456280  0.50358413636667609
  0.51495521007631917  0.52437773585609260  0.53303111324668373  0.54455740269181629
  0.55652377340615911  0.56677636507824514  0.57690785627597829  0.58917016465493222
  0.60385039229062065  0.61893519724622859  0.63296674026109856  0.64606906056252289
  0.65888070018619893  0.66979976370553962  0.67828222346601963  0.68561933266320141
  0.69366314076785185  0.70197780797910858  0.71203810605088003  0.72098882163401190
  0.72998704910903145  0.73961700756176796  0.75092227747909823  0.76395364366603247
  0.77650679085241181  0.78896066480378479  0.79974711229566853  0.81207693027665584
  0.82623709966219183  0.83840962261417218  0.84638176563016010  0.85402123774659877
  0.86139269852271161  0.86910508496519800  0.88209125539006505  0.89355738570254450
  0.89983311358209794  0.90598988464879737  0.91195548171890040  0.91869393610451822
  0.92899131261181078  0.94136628337499328  0.95182254249967713  0.96027678452448217
  0.97067305143439264  0.98001427594724744  0.98832992870775715  1.00000000000000000
 -0.00543789898490563  0.30624708013137780  0.41986480275430837  0.49313108579849657
  0.54136727329613932  0.57782741292372819  0.61733112478473307  0.65150863206138832
  0.67995747884580826  0.70578002800063633  0.72729455107186558  0.74768615469244415
  0.76504166316590194  0.77935004614757653  0.79240933855202100  0.80399148550940736
  0.81397685247720586  0.82074887067519864  0.82681881899771570  0.83315320078770350
  0.84096007039436094  0.84815602642227539  0.85514872529164643  0.86163559534511958
  0.86760897303081275  0.87316381394363063  0.87882212581469954  0.88473407688197869
  0.89045838497178076  0.89577415619032230  0.90034302519455844  0.90490801256358033
  0.90918915086740737  0.91327143582220338  0.91734845224764328  0.92142322463156834
  0.92530112331230652  0.92904209319232389  0.93276628309515430  0.93623654882119944
  0.93906834075026546  0.94123240145454523  0.94290062483999382  0.94437070035040727
  0.94570988250759402  0.94694751103217045  0.94818905710932033  0.94949658853104035
  0.95092246295269467  0.95251516459313657  0.95410249735713393  0.95580829886896035
  0.95742720737583731  0.95904366980906453  0.96055523532232290  0.96178676912023786
  0.96281449266015107  0.96382867399686500  0.96487134530568819  0.96591729220389755
  0.96704541064248906  0.96817628856495785  0.96922717196504182  0.97028215842077603
  0.97133989818787425  0.97234947629806401  0.97334615408437342  0.97442055964918872
  0.97546096864312948  0.97642308504981856  0.97730894273305979  0.97816067783373084
  0.97904152150822921  0.97995204075463216  0.98089997679961416  0.98178280633938508
  0.98259700561954011  0.98324056950693184  0.98385765889502708  0.98451900070081078
  0.98522119630501381  0.98587052893678184  0.98646569436614906  0.98704078191437994
  0.98762737437640202  0.98843430049360237  0.98942642402846315  0.99034108503202922
  0.99116648730318491  0.99193166803548516  0.99274059509991763  0.99358681875540067
  0.99451791866170691  0.99571664496540269  0.99726041384166153  1.00000000000000000
   2.4332607320774787E-011  -1.0000000000000000     
 F F F F F F F F F F F F F F F F F F F F F F F F F F F F F F F F
  <DiscreteSampler_grid>
  grouped_processes
  1 # 1 for a reference and 2 for a running grid.
  10 # Attribute 'min_bin_probing_points' of the grid.
  1 # Attribute 'grid_mode' of the grid. 1=='default',2=='initialization'
  0.0000000000000000 # Attribute 'small_contrib_threshold' of the grid.
  0.5000000000000000 # Attribute 'damping_power' of the grid.
 # binID   n_entries weight   weight_sqr   abs_weight
    10   10   3.856285434619645E-003   7.670220376805495E-005   3.856285434619645E-003
  </DiscreteSampler_grid>
