  0.00624934910314937  0.00639022901409700  0.00655916206836508  0.00671167740274539
  0.00685499626801005  0.00701373882667595  0.00715148610814829  0.00728409307099500
  0.00741400557364952  0.00754992102664836  0.00768284004084637  0.00781678156166268
  0.00795610804761200  0.00808668535787529  0.00821587248174763  0.00835295442627068
  0.00850873565741282  0.00866702644549057  0.00882938035152095  0.00899629753077952
  0.00916722821918470  0.00933511292880601  0.00949212042306413  0.00965828588329211
  0.00983848689893408  0.01002385051115966  0.01021544212103711  0.01042585393157093
  0.01065344936959820  0.01088596933666079  0.01111641482408387  0.01135263093580598
  0.01159220930226417  0.01183426564195439  0.01208089846458442  0.01235434932114514
  0.01264418990078873  0.01294659217885725  0.01326985868435808  0.01360150525418278
  0.01391731066309951  0.01423559345967293  0.01456518442705466  0.01490899628753672
  0.01529255382254469  0.01572529922373091  0.01619793803371688  0.01669387978009552
  0.01718659407804525  0.01768582447498194  0.01818295623123968  0.01871885270552867
  0.01927834511017118  0.01988686664355084  0.02054624165235638  0.02128898359838238
  0.02208128881396403  0.02281796122516405  0.02349787636919987  0.02419442280354002
  0.02500495258324482  0.02592519958935602  0.02685088194543391  0.02783359174742168
  0.02900253813854733  0.03038610996623088  0.03186020313703269  0.03331579291363481
  0.03474739723882369  0.03621932056294439  0.03792952105969166  0.03975495894434350
  0.04163641287645346  0.04335535055425103  0.04507408412939179  0.04698817552421675
  0.04917459865970912  0.05168308094175707  0.05414183748550477  0.05690155616825099
  0.05963714788185481  0.06210101315046254  0.06527708792857476  0.06918446794498122
  0.07465063390841505  0.08282048470223334  0.09056892304959388  0.09703396642854901
  0.10537420689766674  0.12020330859517553  0.13992578117620916  0.16507718592247705
  0.22967069115825672  0.41583370048071022  0.73814494820163989  1.00000000000000000
  0.00642593599646700  0.00774380231346677  0.00875136180460995  0.00954711500045638
  0.01023907281676758  0.01084807013006709  0.01145402171426473  0.01207310971538166
  0.01274463986634530  0.01352095714531404  0.01423283629236097  0.01495660497141233
  0.01568070075858900  0.01640284573852682  0.01722775528453126  0.01813244303012133
  0.01898546385814068  0.01980413647043234  0.02062438523476225  0.02144650328128622
  0.02229640847180422  0.02318862569861846  0.02402922937574694  0.02487588043159841
  0.02569905550660189  0.02651508156936033  0.02728202084088946  0.02820479707749974
  0.02914074239653629  0.03010796910795883  0.03125548705418421  0.03254742748609917
  0.03376504721343247  0.03500188384548186  0.03625250688416633  0.03743336021627616
  0.03857149131684715  0.03969955738002845  0.04080931369757423  0.04208149337782744
  0.04349093973961279  0.04485640968196838  0.04631240039869750  0.04798392621134756
  0.04952050016403189  0.05089673762888866  0.05245900958676016  0.05435398114659470
  0.05650712755762027  0.05871890089810056  0.06075041216110093  0.06266928636464494
  0.06461656779280985  0.06649665008261736  0.06836576868053947  0.07024211608047208
  0.07280882423296343  0.07561451272333228  0.07846590141854017  0.08160745131382037
  0.08512770237863365  0.08871670421458297  0.09210985194310803  0.09559469319487537
  0.09911530174858778  0.10255488507385398  0.10599805357772850  0.10968342053797869
  0.11351344632135113  0.11772811555816862  0.12216715694337534  0.12685546894892891
  0.13189243915725637  0.13684588340629733  0.14195152196389293  0.14767003845287296
  0.15390155788273580  0.16053007982110662  0.16856012511078258  0.17800658029090838
  0.18575529123362930  0.19214067474933227  0.19798755987708824  0.20433714249654597
  0.21182084454692623  0.22032813438135707  0.22997658759559791  0.24135474466111384
  0.25422383529530801  0.26907399284439038  0.28453233792856042  0.31587426201962887
  0.37269534819634592  0.46333877433312204  0.72806460937282336  1.00000000000000000
  0.00000216697915367  0.00001734029835915  0.00004998963392118  0.00010030682803608
  0.00017192423441951  0.00027002246344611  0.00038602282314655  0.00051962377748002
  0.00067243567962469  0.00085811867740291  0.00106091567592355  0.00128621160314275
  0.00152981113906165  0.00179362754648507  0.00206118088244376  0.00233194028302663
  0.00264463886072427  0.00298524013904391  0.00336040928241413  0.00376866608431991
  0.00418832527091298  0.00459844788578103  0.00499300400925790  0.00539268466477210
  0.00582955679873249  0.00631329145722108  0.00682174036720320  0.00733826872185269
  0.00790034800752104  0.00847874524663056  0.00908174288963391  0.00965983908571590
  0.01024742141462163  0.01081243572167694  0.01140158296037810  0.01202938316851176
  0.01275711571257614  0.01344519623826716  0.01421922922484352  0.01498717068204479
  0.01585848719219615  0.01679818272406739  0.01759610784972392  0.01838579105023195
  0.01912701727218341  0.01990567848715819  0.02077497466422853  0.02165007223262953
  0.02270771918102689  0.02378526656836558  0.02492520445287274  0.02629071491754751
  0.02761152579526840  0.02897604575735634  0.03040752819394604  0.03185300052564224
  0.03323836098414751  0.03506104368402962  0.03693388664333810  0.03881043573089089
  0.04056323697788132  0.04210870510640449  0.04370504088851668  0.04525767833950971
  0.04698941117962490  0.04861195180220212  0.05017697966073015  0.05186976213544037
  0.05351188222420385  0.05520614938826339  0.05699010646525083  0.05884431502037617
  0.06077500403478149  0.06265711168997730  0.06433557145288538  0.06579325845487942
  0.06705103989535424  0.06832441527019431  0.07011880390567855  0.07548896580648815
  0.08087345748270515  0.08628491466146189  0.09245556847753364  0.09768655436339639
  0.10027032398199398  0.10307246701746917  0.10659565282438323  0.11058588643322806
  0.11488809525176359  0.11949179912093574  0.12470001826183619  0.12889202728367416
  0.13928663494220550  0.14877057975160835  0.14894636127885078  1.00000000000000000
 -0.00213756883327824  0.01095551513337747  0.02136510682574555  0.03107297195712511
  0.04016766712413639  0.04948969854558345  0.05822017911750157  0.06860765705083717
  0.07888944895276212  0.08944313673288976  0.10084892057953393  0.11365620880932224
  0.12648150047258275  0.13851160280965047  0.15102709359311900  0.16324893112885352
  0.17587405810914811  0.18898837640744096  0.20331345878661530  0.21582244940339299
  0.22644062874308959  0.23773687167477781  0.24853283423631464  0.25907503676575266
  0.26897061953626905  0.27841479369240624  0.28791511453348112  0.29792902677011007
  0.30894693247163557  0.32043601381185483  0.33142601902907354  0.33852458784564654
  0.34605655333590574  0.35343219364391831  0.36098172769518300  0.37025811664829150
  0.38142839075245261  0.39392323500738080  0.40633529130837676  0.41832603218590964
  0.42986742860278321  0.44108041483853061  0.45168911994422933  0.46243947111555223
  0.47320496859089062  0.48513366040570965  0.49673620235822558  0.50868301723065557
  0.52060004087182998  0.53238249498133905  0.54445285900129836  0.55601643330028339
  0.56719374534982525  0.57791021761914396  0.58713172327490137  0.59556905129223148
  0.60392206327062969  0.61266101570074860  0.62203122357162299  0.63147858636110099
  0.63998176234082238  0.64926445496528007  0.66004838830451940  0.67121857357247594
  0.68199989305057096  0.69322942931850773  0.70401126667539105  0.71415637178966274
  0.72412423216090538  0.73460328646316586  0.74651134715589562  0.75788660779600403
  0.76932759697405462  0.78085936661095423  0.79134677907307505  0.80078816108633333
  0.80997322033902697  0.82009019148345796  0.83026973011458105  0.83978314778736007
  0.84880538272967576  0.85812081943809726  0.86836561003144641  0.87891991207522646
  0.88925003620974519  0.89949525032157907  0.91012081295466218  0.92200519402933778
  0.93488175282942187  0.94586866070273323  0.95502740833293953  0.96372153557009232
  0.97282127938447804  0.98197002204768236  0.99082231821879507  1.00000000000000000
 -0.00182359742125485  0.00884829405631745  0.01840954169988397  0.02789739473049086
  0.03682546206773017  0.04429702208559775  0.05186971128784289  0.05939836296339504
  0.06817361404727090  0.07725101356170018  0.08598200548593887  0.09631331290449879
  0.10523385797191148  0.11444036255344786  0.12374284360466450  0.13362616265005062
  0.14510778242238109  0.15556604029890056  0.16579480931997598  0.17694736284934648
  0.18835790389187929  0.19951460743116134  0.21060392382464610  0.22162063025774370
  0.23172073396182408  0.24176049715718806  0.25253647935805518  0.26541776499696457
  0.27739619174338986  0.28897081237364575  0.30001204239005486  0.31033459964763538
  0.32026552654884133  0.32866893729045865  0.33721822558886005  0.34622158695196031
  0.35497462479669883  0.36771083578981778  0.37903257686029229  0.39080879136987656
  0.40162176901707958  0.41415023850843641  0.42605389270326111  0.43778261165698235
  0.44830714318396248  0.45892875212395612  0.46950058620689616  0.47969818948961329
  0.48941792582583343  0.49920304293952367  0.50908184928715483  0.51886708429189088
  0.52934604457929857  0.54035366774131233  0.55238788186577148  0.56409428109737536
  0.57605879156884288  0.58787242594629741  0.60139993247576884  0.61524658921780262
  0.63059555078400642  0.64473109483376601  0.65658526281357177  0.66721186368923080
  0.67781565557568979  0.68875678344596014  0.70105125727207795  0.71315849540899845
  0.72471140224264319  0.73598232891854276  0.74601974178873531  0.75619431450132091
  0.76688903162741040  0.77760022164293907  0.78729068419552795  0.79652246648377856
  0.80642968057972075  0.81646517372505534  0.82651799301881390  0.83574609863175853
  0.84526199930980028  0.85529098392705605  0.86663101764585881  0.87893102415935875
  0.89006726233012379  0.89895464930104296  0.90691440862364037  0.91411487942106062
  0.92364685239928301  0.93418626081769696  0.94474973240732618  0.95531573581003482
  0.96683444735375312  0.97834404454808821  0.98915420268337217  1.00000000000000000
 -0.00339990621731601  0.01647715327629744  0.02794649337266535  0.03902146390207228
  0.04973177306467723  0.06215717673784019  0.07659516808231341  0.08948278076911730
  0.10175552011126555  0.11537311087602856  0.12652919104942181  0.13615076666028303
  0.14711850429461940  0.16392293314466222  0.18193580097245743  0.20132089715676499
  0.22087556433931663  0.23744423838029602  0.25304330493851668  0.26545395841520075
  0.27723038041114978  0.28860980245097240  0.30012579320374072  0.31273588121925022
  0.32644013756329643  0.33986781240784653  0.35179526465294492  0.36416945912805398
  0.37644682925483591  0.38820797370659299  0.40027642476443404  0.41305477537341112
  0.42517211909740005  0.43649928045826991  0.44763812103588102  0.45843998894009047
  0.46924612119451381  0.48067269035235732  0.49320576566887231  0.50430273470440334
  0.51363501872935269  0.52240735686331530  0.53181988680905201  0.54182774250249788
  0.55235481512403106  0.56277707444864888  0.57375339662995251  0.58535773229075916
  0.59759911783629560  0.61080385082584077  0.62349695974052577  0.63454506588549620
  0.64505473109255818  0.65612732199472434  0.66734529863168335  0.67809138561300686
  0.68703094285132849  0.69435563638434239  0.70123607818322664  0.70816404931790378
  0.71485842723050452  0.72390673431610852  0.73294192386804180  0.74136076400311257
  0.75019414468938239  0.75872129064204963  0.76700963252776222  0.77547160844729790
  0.78469148434878588  0.79409767432067835  0.80289743064089547  0.81092461606911570
  0.81828750368318370  0.82578248468692017  0.83368087575904026  0.84189522756600377
  0.85026337958226128  0.85841926519088452  0.86653442438907924  0.87487212834271744
  0.88315274393166510  0.89150287022652752  0.90000820698697992  0.90859539012917845
  0.91759000700094107  0.92656834439142033  0.93468926998302004  0.94233215621396182
  0.94991241597035836  0.95737927000400980  0.96427427641052399  0.97124838078767828
  0.97841042178998572  0.98556725850153237  0.99300174878669556  1.00000000000000000
 -0.00307334484870880  0.01200393790873155  0.02560679930101706  0.03706687293619053
  0.04687674807850931  0.05585125472841797  0.06514501144024525  0.07623307283954697
  0.08768450019015597  0.09863182799321553  0.10911984961902840  0.11950235289843363
  0.13032596783440309  0.14193949515727000  0.15434211922431795  0.16708435461155202
  0.17991905118688628  0.19248046569651658  0.20407766702220967  0.21456729777819222
  0.22479264869869331  0.23501220616759583  0.24408971682091016  0.25212526034440508
  0.25990714526925740  0.26830224036314060  0.27756629081928214  0.28668719846397611
  0.29629608166517690  0.30666057666833751  0.31812685638053639  0.33094919885203644
  0.34354004418116607  0.35593558566242345  0.36782062945446592  0.37960939848393532
  0.39068798497553942  0.40055167236654882  0.41011075416488602  0.42024915110757000
  0.43150478744267218  0.44300883901517474  0.45393049557406506  0.46333417369326385
  0.47075409300619303  0.47823302602348100  0.48611092080977925  0.49462593212138617
  0.50378658607387483  0.51247142398255241  0.52095113465902765  0.53040388182047937
  0.54101895227141883  0.55252993135274464  0.56415526086278911  0.57557087582117350
  0.58588595078444905  0.59402423432905171  0.60147662827933801  0.60869648481704108
  0.61658574055223692  0.62704023046990243  0.63882165195935425  0.65026125581552563
  0.66160206629473828  0.67200553181662559  0.68173018880976899  0.69203811283080685
  0.70349148378932613  0.71617738557374522  0.72916808212721784  0.74207480871366527
  0.75585611115135343  0.76994563574130381  0.78339154205760930  0.79639239790796645
  0.80883620521893274  0.82059900611705039  0.83192948439175052  0.84210325992755719
  0.85288069555998658  0.86300403825655081  0.87288627899811455  0.88252504930273379
  0.89247517395336540  0.90272561148049080  0.91351283132530448  0.92516161589858281
  0.93685857200175160  0.94699928275538792  0.95660332637315193  0.96506881992996885
  0.97334523429219366  0.98158976292250033  0.99038270840754239  1.00000000000000000
 -0.00177646877519889  0.00958233067787233  0.02028740648570106  0.03130157955868350
  0.04131972589969560  0.05144659864492776  0.06232660975739307  0.07473755164315352
  0.08721393020308087  0.09966106232009320  0.11224822114641361  0.12339463580507108
  0.13211839462474076  0.14055722829252779  0.14888764815631170  0.15679327708328447
  0.16844194957542638  0.18011772392196618  0.19108371644263475  0.20204860959847862
  0.21300807671401492  0.22342766719343773  0.23300092943654085  0.24347884227164024
  0.25436087907195515  0.26603554104768162  0.27645377617961608  0.28657867688949745
  0.29707947385915062  0.30832726672361249  0.32113563580056170  0.33442141379264434
  0.34811114665810328  0.36099017136336381  0.37474002116200900  0.38704810621932251
  0.39831854439272463  0.40781316947935520  0.41644735445927206  0.42461857767222866
  0.43394266038270080  0.44506549286890423  0.45548800297429920  0.46486878681924337
  0.47377466296758530  0.48292407371705115  0.49332867181818646  0.50590142561107310
  0.51888564463746045  0.52981799158569798  0.54032660112863184  0.54928967429046094
  0.55846504105666617  0.56703187775591546  0.57563385075630136  0.58460671239837836
  0.59392633130984240  0.60300769993842140  0.61220799389734593  0.62148438705569375
  0.63049262969866426  0.63959939136395449  0.64898629207588077  0.65886676206360340
  0.66928779121485638  0.67880150134927075  0.68854111411131147  0.69820170745340482
  0.70789317300144827  0.71793529848618942  0.72880949081430069  0.74000906947647216
  0.75120034519268786  0.76297946489133461  0.77456589657162578  0.78460657829702363
  0.79495674329940202  0.80650520136055748  0.81881376595363631  0.83091856080270832
  0.84301952897173560  0.85469389750503422  0.86525088796773220  0.87584916716567784
  0.88643362417972749  0.89714310642497075  0.90719916349278551  0.91745974436700939
  0.92793985442080251  0.93925188604259979  0.95046300032554687  0.96053206378838840
  0.97006115424873374  0.97908128698836594  0.98913824604701073  1.00000000000000000
  0.01329988945640563  0.27533196009611827  0.37642802386225283  0.44406178616873382
  0.49653933722660376  0.53669829002611968  0.56963112170644747  0.59987812961974740
  0.62683365793112644  0.64932317640405757  0.66879800343428031  0.68649590654232717
  0.70187909468334930  0.71603442033618481  0.72911007729965693  0.74133300487556708
  0.75285621691802418  0.76328863920366563  0.77324554429536918  0.78247337503390368
  0.79105058227988179  0.79916603400303110  0.80701387164987604  0.81438237800890934
  0.82117863617093412  0.82727979930840656  0.83270646371399137  0.83777402491509334
  0.84286795185305152  0.84837918866779893  0.85369923410442139  0.85842928790833328
  0.86273454953465478  0.86687748540619347  0.87096626500544660  0.87483029455037375
  0.87841507476074787  0.88181354161462400  0.88501640488233702  0.88803673193958743
  0.89101119881229018  0.89399843709139692  0.89697028745311280  0.89989357238821033
  0.90275212964512497  0.90556295151218757  0.90833310816166846  0.91112299854472822
  0.91408537707362725  0.91655678098410542  0.91887779597399410  0.92099669206768042
  0.92311583688478172  0.92530237730323350  0.92756076902531726  0.92990339147868262
  0.93208685473611430  0.93418175926936386  0.93625866021156168  0.93829906133002705
  0.94028747885015040  0.94222801625547237  0.94413164166473040  0.94601701628531443
  0.94793999344504265  0.94976264038772962  0.95157522316309129  0.95332751239754743
  0.95499314781300060  0.95656517086217052  0.95808697351671235  0.95957083621074679
  0.96103752847663892  0.96257581989004048  0.96413187124093491  0.96562036638611537
  0.96701800923620584  0.96833897082033393  0.96965072361560189  0.97094566010858263
  0.97222384475967150  0.97352165665876600  0.97482579553517468  0.97617056316941853
  0.97758676734802075  0.97889054434387857  0.98013894016273917  0.98134567905715486
  0.98264487086200114  0.98408188605295921  0.98564804571208231  0.98730241030903043
  0.98895542365143541  0.99130332815538513  0.99432139194316371  1.00000000000000000
   7.0811293644576061E-013  -1.0000000000000000     
 F F F F F F F F F F F F F F F F F F F F F F F F F F F F F F F F
  <DiscreteSampler_grid>
  grouped_processes
  1 # 1 for a reference and 2 for a running grid.
  10 # Attribute 'min_bin_probing_points' of the grid.
  1 # Attribute 'grid_mode' of the grid. 1=='default',2=='initialization'
  0.0000000000000000 # Attribute 'small_contrib_threshold' of the grid.
  0.5000000000000000 # Attribute 'damping_power' of the grid.
 # binID   n_entries weight   weight_sqr   abs_weight
    10   10   1.544697783008834E-005   3.308686925887564E-010   1.544697783008834E-005
  </DiscreteSampler_grid>
