  0.00109231696578295  0.00153078161353985  0.00180929173779507  0.00205097683613550
  0.00227782387602111  0.00248989559165526  0.00270425277079942  0.00291798930428053
  0.00314337545167889  0.00335987527212831  0.00357697715024319  0.00378997887207483
  0.00400459565144599  0.00422252962803303  0.00444012810590605  0.00466237096290228
  0.00489683808014238  0.00514341477456132  0.00539659663656463  0.00565804268140054
  0.00593390597525076  0.00622385804494299  0.00652259483228513  0.00682834573774479
  0.00713610150271512  0.00744648846729803  0.00776652375270805  0.00810712562522719
  0.00847268711319663  0.00883917928693850  0.00917942832361385  0.00952473470450250
  0.00987555485810468  0.01024785489992808  0.01061834888455952  0.01099705750214178
  0.01138245644296689  0.01178455620973892  0.01219386077484649  0.01259801627982183
  0.01301223190030620  0.01345208623175577  0.01391737284032393  0.01441639698507837
  0.01494169389723970  0.01550289340986456  0.01612150472398553  0.01677537998081501
  0.01748614246246734  0.01822228123619892  0.01902739466056797  0.01979700301102369
  0.02056961243574369  0.02136226816401311  0.02217521357328849  0.02301738409324903
  0.02391627249890836  0.02484430302143821  0.02580602089062322  0.02681612921579794
  0.02788601482759235  0.02905239724595846  0.03024646376458283  0.03151308334065724
  0.03281192272207167  0.03417402375906805  0.03549330643106272  0.03680807916910355
  0.03810629852638558  0.03956270557073190  0.04113684598349699  0.04296439967926929
  0.04520117194517834  0.04793156033376755  0.05079229803630617  0.05355766858984830
  0.05633308969806141  0.05919547028502541  0.06231206600083627  0.06591249903237893
  0.06963552467547063  0.07435879176608988  0.07954457120703534  0.08402195233864163
  0.08872535938793025  0.09361492779073728  0.09887690333486403  0.10448130586791426
  0.11078848154383834  0.11718769542268050  0.12360244656623455  0.12989448785165023
  0.15828659938714112  0.23230846279430226  0.69961084082840785  1.00000000000000000
  0.00000273895216914  0.00000339383276787  0.00000395923764162  0.00000449568711298
  0.00000508449384487  0.00000584034010565  0.00000674906686071  0.00000778713346581
  0.00000895042346296  0.00001030891652206  0.00001200791164828  0.00001418190609034
  0.00001673367698843  0.00001962160367843  0.00002284814084239  0.00002628929016580
  0.00003022951030259  0.00003489825725132  0.00004060105183608  0.00004729384310769
  0.00005516586899095  0.00006372901493093  0.00007348431062388  0.00008475817995349
  0.00009761200445024  0.00011242927142870  0.00013007967712444  0.00015250607742821
  0.00017976580159915  0.00020916199239849  0.00024294381578164  0.00027932863563078
  0.00032467486721181  0.00037954420560874  0.00044058350422042  0.00050924403312190
  0.00058489258460589  0.00067518703423133  0.00077894927218821  0.00089573887502014
  0.00103170243821687  0.00118511346808344  0.00135816974348379  0.00154775415767366
  0.00176414058319795  0.00200083540470448  0.00226647256534863  0.00256627967557229
  0.00290140064193459  0.00328481095361130  0.00371416019289339  0.00418323896640376
  0.00469035306479103  0.00523313396949524  0.00579687842066683  0.00641231292365991
  0.00708957308384020  0.00777691039814645  0.00851170424992547  0.00932186385770718
  0.01020969464688879  0.01117661590013225  0.01219684676474158  0.01328935266239338
  0.01450020315705231  0.01577922834731028  0.01708217936074998  0.01852232994725925
  0.02005790011869317  0.02165626596788982  0.02334442358963031  0.02510989932163849
  0.02707030970519399  0.02913069911341019  0.03115432798441223  0.03315140231852043
  0.03529048999816585  0.03761724742592857  0.04002235798526890  0.04299221793396808
  0.04582873179925512  0.04962101154671604  0.05363482267270937  0.05779328414760945
  0.06211462001350321  0.06676480143520286  0.07197055319737930  0.07886500706655099
  0.08691462926296874  0.09718034117102080  0.10540460347292363  0.11986966747023391
  0.14453935448156646  0.16970324513857335  0.19980269485902025  1.00000000000000000
  0.00019423317065976  0.00021890959579266  0.00024150585718595  0.00026981034696652
  0.00029831146210066  0.00033039573262236  0.00036803890999994  0.00041263932400286
  0.00045987510126195  0.00050710372323063  0.00055398523321672  0.00060068494150977
  0.00065056658367603  0.00070451652546300  0.00076349608747680  0.00083169705388349
  0.00091301662172684  0.00101066956882881  0.00111901972249068  0.00123024076883832
  0.00134646025019466  0.00147800453718194  0.00163266123594898  0.00181740039082408
  0.00202331901903362  0.00224271891631365  0.00248382838054950  0.00275376580687596
  0.00305463592140175  0.00337846407216879  0.00371021821768252  0.00404299931891734
  0.00438306696728485  0.00473680215434336  0.00510988074862413  0.00550933854785654
  0.00593429859873451  0.00637553117160077  0.00683674925858600  0.00731596492332896
  0.00781074428095353  0.00832655494952133  0.00883212256829984  0.00933025018233914
  0.00984806404843754  0.01036953940419397  0.01092901255176056  0.01153415710328624
  0.01216455099958137  0.01280262269729777  0.01345458166478327  0.01415419006131866
  0.01491187637697947  0.01569493478719822  0.01653049153942153  0.01740147726647356
  0.01825875020785421  0.01911407349201719  0.02001119582073107  0.02094177845495737
  0.02192795275430753  0.02296965676513245  0.02404958772756267  0.02518602154432489
  0.02636649794953486  0.02757949070136875  0.02882106943990071  0.03009473481899639
  0.03142621683645098  0.03282404376614868  0.03427909015876576  0.03593863937817843
  0.03765253345688250  0.03938754454095413  0.04125779120411741  0.04334244449311185
  0.04554155093137911  0.04785929174255813  0.05036206465162396  0.05293657050094723
  0.05599927358332044  0.05944592793943730  0.06289697322087416  0.06670166292078561
  0.07090944826495447  0.07508707524749515  0.07973660269303025  0.08494921055228750
  0.09051834239551494  0.09515166539696948  0.10013710466306973  0.10500733145895212
  0.11988020197923907  0.14072596319393241  0.60487100004907535  1.00000000000000000
 -0.00132373606082669  0.00462830663086180  0.00997280288960519  0.01531166340390691
  0.02078532909654054  0.02642023713403412  0.03211673320974252  0.03777931145892310
  0.04350796834270994  0.04937595353216792  0.05526817749008627  0.06114087877960435
  0.06731586165432701  0.07363846042237872  0.08016232222509291  0.08681301703788899
  0.09340875244725606  0.09997842211390973  0.10650761038351905  0.11322300363562703
  0.12018467008631940  0.12719999403150986  0.13435905894337549  0.14162562134555176
  0.14900637205998793  0.15632258302540927  0.16348545063584161  0.17067588100054004
  0.17792674035055614  0.18506641059486828  0.19228126668268747  0.19968868971140047
  0.20703959009652492  0.21456583445099967  0.22214032927307417  0.22977518411529482
  0.23771834380481213  0.24606150129377133  0.25454078489720466  0.26311877880062295
  0.27159827043901846  0.27945218064565891  0.28730516075567597  0.29474123904188804
  0.30236090320170100  0.31012469709712537  0.31780942052708921  0.32517997112993446
  0.33268070344717010  0.34058914795472678  0.34911969054482617  0.35789209123412574
  0.36665564690842284  0.37551548896260278  0.38455412835513492  0.39365945940335517
  0.40264969936369660  0.41178112628832569  0.42072745417052498  0.42951555971519351
  0.43848578106726643  0.44789818045271401  0.45808897912828705  0.46898231900206683
  0.48046183860535036  0.49186389677419801  0.50323560041501891  0.51427085739189249
  0.52510496926925565  0.53519022710136310  0.54562387258050626  0.55643239693960156
  0.56749499888131916  0.57883183759731205  0.59095041382207247  0.60402942148282512
  0.61802603399979272  0.63201985650564607  0.64576530721252556  0.65959015817500266
  0.67344325061495547  0.68772529678104821  0.70422466338063261  0.72155305011534498
  0.73966248149788194  0.75792141238002453  0.77602723310704436  0.79471844283726512
  0.81416377935227457  0.83273669048205257  0.85085752096502609  0.87055797893139519
  0.89523276332039226  0.92575033272792429  0.96083859164591612  1.00000000000000000
 -0.00254406722260962  0.01038909977678746  0.02167070081820175  0.03270512625418033
  0.04357894429900849  0.05411370846599559  0.06468372287488486  0.07553037271466809
  0.08619486639570301  0.09667360490731512  0.10713386600103514  0.11683474166920366
  0.12606833239188078  0.13533182695775881  0.14526575459205934  0.15607520777163764
  0.16699887603257640  0.17785767874946101  0.18796244346374924  0.19777444048516962
  0.20756716964721128  0.21781491070648165  0.22862225742181724  0.23878696516544398
  0.24849826531743457  0.25831450480143459  0.26881452657211602  0.27983755826972567
  0.29065376238740032  0.30168230465143125  0.31291792766683835  0.32445525361248978
  0.33585851450652271  0.34624715400741379  0.35626203849089044  0.36634148533149219
  0.37641316952746257  0.38688234202722616  0.39714748211026685  0.40842753573122975
  0.42004427557879009  0.43208824914016747  0.44344010053304289  0.45402899525151408
  0.46462839281916002  0.47536337863877920  0.48623094988594184  0.49667127427817331
  0.50759495607838478  0.51879374443633430  0.53091488708996037  0.54254435198929263
  0.55313852479210690  0.56334588272891650  0.57347964597578738  0.58362074879257886
  0.59362418670253281  0.60355216860622962  0.61393192206519853  0.62441799606659565
  0.63494152236481005  0.64539226825181784  0.65564587003768793  0.66538966433532143
  0.67475859439601393  0.68419691994920440  0.69393029116714322  0.70388565137473647
  0.71397877398737775  0.72418720614031085  0.73477480870444489  0.74548693093700458
  0.75616093691778108  0.76686545935129957  0.77762991174923435  0.78889515653713471
  0.80088502442912590  0.81302348937778124  0.82486948437197993  0.83621128885864915
  0.84675169449830501  0.85705377645776126  0.86706656288126527  0.87719794482667723
  0.88711335346290610  0.89707098224381032  0.90691211915540626  0.91653588282175236
  0.92604141542830720  0.93570325272916044  0.94611319445236175  0.95659699045575797
  0.96720172641744029  0.97776411200741198  0.98878804005925314  1.00000000000000000
 -0.00276755522183007  0.01055471117974249  0.02189852796711090  0.03278179399289774
  0.04330300467403875  0.05327293819415314  0.06342333582561488  0.07310286117825637
  0.08282688340304462  0.09269333047728776  0.10289465344008766  0.11322344656956033
  0.12301927529070528  0.13310139573386712  0.14311965634953455  0.15347434463736126
  0.16365950251110029  0.17371488916706868  0.18367609420080494  0.19387265285084482
  0.20430015183085837  0.21502891308044297  0.22613718597384394  0.23719782228010253
  0.24857201801508033  0.26029151139491769  0.27212727735398534  0.28316054714731653
  0.29365630411051802  0.30430758479809322  0.31516380895685986  0.32541901131327244
  0.33591471950011920  0.34579999196217948  0.35591402665470784  0.36582276073936787
  0.37591116482279469  0.38676254495567031  0.39770819258638912  0.40908419439310773
  0.42080564591187891  0.43222882979700183  0.44306385972655710  0.45303397462411088
  0.46287780739121820  0.47297322628835448  0.48323953492343519  0.49343569305939672
  0.50383304077814495  0.51418129891519848  0.52465285256923111  0.53534915558962826
  0.54632141630750508  0.55764694354626054  0.56906438218519229  0.58061739197550766
  0.59167885263548259  0.60217124588199011  0.61364095596828228  0.62502025646005666
  0.63541300699171011  0.64537938716037080  0.65574406089654647  0.66603941080374895
  0.67604844675331488  0.68665432901010526  0.69842739213686145  0.71038940633839887
  0.72167632683762573  0.73301342825863114  0.74433183585631324  0.75536751685070191
  0.76546312333771072  0.77565927804036527  0.78557280513875694  0.79549963828524717
  0.80520399824810795  0.81507788780574786  0.82537257931163732  0.83586460723508593
  0.84617764215403524  0.85643360260468004  0.86627737017319995  0.87583983982550562
  0.88543978596864015  0.89532773579958036  0.90594288577376159  0.91656107661864561
  0.92692485816866599  0.93710353662485357  0.94728133223736433  0.95768465707009498
  0.96824180806710414  0.97891285505116388  0.98942631138474746  1.00000000000000000
  0.00530017326278307  0.01470837301066589  0.02305267300647889  0.02940892286261414
  0.03496205291898469  0.03994491802385386  0.04443515201106268  0.04860964589370881
  0.05265486300105356  0.05667251821507474  0.06052502258357939  0.06412112645825419
  0.06748816774691163  0.07073294012844225  0.07393772512033864  0.07711374596764949
  0.08024258801631264  0.08326754603174913  0.08620286515124867  0.08913057628766102
  0.09209131179111096  0.09510659518444251  0.09807705730602788  0.10096145738918802
  0.10385750326872738  0.10675535832827437  0.10972973264934187  0.11280951696799958
  0.11587534443063248  0.11890285737429176  0.12184494729814112  0.12490389822340184
  0.12767598802029853  0.13046907078777734  0.13335680468255612  0.13616355956460274
  0.13892120004120093  0.14151839023624088  0.14413203231747077  0.14680093385423459
  0.14947865782663811  0.15217406161216820  0.15491651793869635  0.15760709958341068
  0.16045381488465477  0.16329502206218977  0.16597074300098699  0.16861766043303314
  0.17128566043080576  0.17403216036361249  0.17687822926151300  0.17970935790056414
  0.18244967007781274  0.18512245870315736  0.18771492980069476  0.18994411651405863
  0.19231170165056527  0.19501613529849793  0.19795492895297831  0.20070144830476647
  0.20314895701080896  0.20569113599181313  0.20824716957983180  0.21063286972374490
  0.21282011629554190  0.21495772592585688  0.21713485816742850  0.21943389039746239
  0.22187556006855233  0.22406909797129143  0.22654822289888912  0.22892101445654475
  0.23165840486823147  0.23439421540707781  0.23710213252245521  0.24022524231645279
  0.24390873379910608  0.24772255779227892  0.25152890351194362  0.25574360342022273
  0.26039199956229248  0.26555432846896310  0.27095434345265390  0.27725068397202696
  0.28347529931476656  0.28907942348178234  0.29490463593594635  0.30165398610813393
  0.31133435700307299  0.32249851538828922  0.33286077431309974  0.34504985075151789
  0.36198911612551116  0.38121562514879614  0.46352928323676901  1.00000000000000000
 -0.00270614831997066  0.01132998721450756  0.02270794647905363  0.03310723442594768
  0.04325313506220130  0.05298884169575671  0.06251542307811561  0.07189402489029285
  0.08150646937555997  0.09162113087018584  0.10212560363086282  0.11293134536621782
  0.12388254620338142  0.13465655744591437  0.14496942867962720  0.15534822924059755
  0.16602638657425622  0.17739140103720716  0.18876888363117081  0.19994200243204327
  0.21088386222118075  0.22184671108146400  0.23242045136238537  0.24298476273969824
  0.25326067741275188  0.26352523087332025  0.27442595919720686  0.28627290807021022
  0.29743321556946778  0.30828722176333540  0.31897518179370432  0.32998255271099564
  0.34021614200127986  0.34984096369957612  0.35960639237182723  0.36982176104888143
  0.38053171184612911  0.39125213730967368  0.40226179242811627  0.41379283074486545
  0.42517994164358985  0.43637237942506696  0.44671301012352205  0.45699300881741856
  0.46774706238305291  0.47867509210349912  0.48952354852805458  0.50010229345283830
  0.51025672008430101  0.52033605627217672  0.53056540534239971  0.54097968141657504
  0.55130925246786366  0.56207530383758619  0.57376508544038318  0.58524433630231121
  0.59600585488065139  0.60647680348355870  0.61700641970704118  0.62755700975521389
  0.63779017483087697  0.64768243218284394  0.65737339807587647  0.66702846848276509
  0.67678554659107404  0.68683502892795423  0.69708546355919421  0.70734593250622235
  0.71805661225231132  0.72905198119563230  0.74003831697392886  0.75094826064168962
  0.76192385996534751  0.77286983845900159  0.78311495560521549  0.79305700221993591
  0.80329935626031945  0.81370285670667863  0.82401597836075002  0.83404612665124767
  0.84411883557290757  0.85448838800067228  0.86478949783014902  0.87509580484239846
  0.88543525084418506  0.89585470953959301  0.90626852975069561  0.91638307078288272
  0.92662932545402243  0.93703685156032834  0.94791137278124571  0.95848011048500481
  0.96922607664459004  0.97958506054973193  0.98990724367127225  1.00000000000000000
  0.00247985846718119  0.30025928161729692  0.39482073668584822  0.45394491514523644
  0.49897050998105574  0.53489558147245475  0.56484476005219397  0.59024295924292125
  0.61191416254819819  0.63188346310851073  0.64956670287618701  0.66510423442170163
  0.67928751228307982  0.69231282554016071  0.70402043219515464  0.71442276749140121
  0.72419145765635862  0.73356021041319530  0.74270357796822006  0.75153761494214910
  0.75955013208199418  0.76765974056979291  0.77537425960334538  0.78258534192500451
  0.78940334489885522  0.79576711981568282  0.80174840274742021  0.80740148718885407
  0.81304692306009463  0.81863907938246194  0.82427618910990341  0.82976310137651677
  0.83474011774602719  0.83947336963117025  0.84412435130627517  0.84867809521161330
  0.85315252720374501  0.85728317307900193  0.86122905925148663  0.86513348285030456
  0.86897105309321576  0.87284293808491875  0.87657859556302187  0.87999114931911937
  0.88326574638259148  0.88642247606675217  0.88951254703234162  0.89266673758651405
  0.89572026468492305  0.89870094527747335  0.90158287991137409  0.90434850424110902
  0.90702835620954492  0.90966307514460321  0.91225751230314955  0.91491141681852051
  0.91741094814044510  0.91984185044380007  0.92226726800976200  0.92466329568108108
  0.92703414205340151  0.92938127537862547  0.93165572640400174  0.93382788797420169
  0.93596393677189671  0.93805861599975282  0.94006786633508588  0.94202383901085540
  0.94396028438056157  0.94585586491625029  0.94772221746825469  0.94962513749076061
  0.95154452294570779  0.95340692692975615  0.95523567201609638  0.95704903148332465
  0.95881365476008451  0.96049096506615539  0.96221629515664675  0.96392339946882433
  0.96562256380400102  0.96733205901286112  0.96905636937573880  0.97078460273859113
  0.97246829215850039  0.97416810929291831  0.97585708484295219  0.97753758916687472
  0.97923511481364101  0.98100835617438664  0.98283390342775812  0.98480105093992343
  0.98697017881790483  0.98954891532442213  0.99320659958445845  1.00000000000000000
   7.2086529516983709E-018  -1.0000000000000000     
 F F F F F F F F F F F F F F F F F F F F F F F F F F F F F F F F
  <DiscreteSampler_grid>
  grouped_processes
  1 # 1 for a reference and 2 for a running grid.
  10 # Attribute 'min_bin_probing_points' of the grid.
  1 # Attribute 'grid_mode' of the grid. 1=='default',2=='initialization'
  0.0000000000000000 # Attribute 'small_contrib_threshold' of the grid.
  0.5000000000000000 # Attribute 'damping_power' of the grid.
 # binID   n_entries weight   weight_sqr   abs_weight
    10   10   1.038836188688093E-009   4.010594896918010E-018   1.038836188688093E-009
  </DiscreteSampler_grid>
