  0.00004683308505551  0.00053740349089536  0.00105455451320071  0.00164123130634400
  0.00241787507580006  0.00351040154189360  0.00481361159280040  0.00606885259220187
  0.00733112957422100  0.00861087796074335  0.00977543068714121  0.01104164700383062
  0.01244853828066295  0.01393128651191875  0.01548570881755217  0.01693100118158490
  0.01825258441616567  0.01952911408221930  0.02077324440313514  0.02202033779887439
  0.02342415020148092  0.02468148769252518  0.02554779773832871  0.02640474932287970
  0.02735414575659161  0.02814416317402210  0.02888475885138034  0.02967783573685652
  0.03047897217505808  0.03140544494661278  0.03250494514175153  0.03373140883835248
  0.03495850265433825  0.03605424290188865  0.03706162873919625  0.03812259320901935
  0.03924288483682107  0.04044829202722650  0.04148709146211951  0.04266845833956064
  0.04394002139545478  0.04543835018690574  0.04705722885985160  0.04874193187097887
  0.05034345308272239  0.05185835535906674  0.05333464890364267  0.05463704686374653
  0.05576311583314731  0.05700611677887150  0.05828767657324634  0.05954139226468255
  0.06072164626461910  0.06187818357210952  0.06298444418905740  0.06419576478306337
  0.06555961958016300  0.06690738869640601  0.06827113729464400  0.06968007488245109
  0.07104549165491747  0.07232576528603690  0.07392496106217351  0.07553436511254182
  0.07782536350519907  0.08027035008398377  0.08283037897043831  0.08572629897584633
  0.08889815185109458  0.09229107243802634  0.09531234871561768  0.09823925908744260
  0.10137077939547670  0.10469735172566509  0.10791686575421819  0.11066715664189503
  0.11206298524387116  0.11337197873607677  0.11509924621009011  0.11803241825660742
  0.12615759828903630  0.13574989543817131  0.14488990610003222  0.15411796248063128
  0.16440554918863587  0.17492170829015774  0.18577384879701447  0.19617599660354088
  0.20688353686278402  0.21808778907604048  0.22989690768513779  0.23953492334295573
  0.24931916535862564  0.25499855561334150  0.62010752472919950  1.00000000000000000
  0.00023728801989464  0.00033576680251291  0.00040701947665435  0.00046372725920047
  0.00052649155631357  0.00061880016265230  0.00075627687890452  0.00095446764316871
  0.00123215788713155  0.00162342258526560  0.00216775352585503  0.00280921961574408
  0.00350837698647982  0.00426222243914018  0.00509825998904886  0.00603243549290603
  0.00704366326990064  0.00801708136644939  0.00896723693770998  0.00996436553131187
  0.01101633621383071  0.01217089890112202  0.01337056599903571  0.01455416537849055
  0.01569170377567685  0.01682139534469800  0.01796554831847891  0.01919947788755626
  0.02045210770483544  0.02155216717950960  0.02254696646126576  0.02365033232139441
  0.02476054396619394  0.02581816471087012  0.02684036565618741  0.02788849946392449
  0.02892576810937198  0.03003732835850716  0.03114275378267753  0.03224309313913855
  0.03334365845505368  0.03442810216483991  0.03545230699737813  0.03641001223044877
  0.03739911360299467  0.03854103437062663  0.03957264341208149  0.04016267546608354
  0.04077783474123188  0.04134647786595382  0.04193841494527832  0.04281028510191407
  0.04370614402666540  0.04448222436835389  0.04529397130655145  0.04610770649629003
  0.04701551645216651  0.04796795341432012  0.04880202966733233  0.04956631053275647
  0.05029386560753948  0.05122424855857904  0.05230838796835344  0.05321978430194964
  0.05422414261255440  0.05536731308216865  0.05669570936310886  0.05825433815996095
  0.05979479910729025  0.06123224208770729  0.06295517952409571  0.06494600427637409
  0.06636430300987861  0.07004764091862170  0.07444091293200768  0.07914333577318028
  0.08455661137911473  0.09044382110526761  0.09663075507191524  0.10358875480711960
  0.11032655735579694  0.11687057488998241  0.12403133252706794  0.13064912990637828
  0.13553409737560637  0.13873482079764618  0.14208471679271464  0.14740769829525815
  0.15389855357124768  0.16038879525401492  0.16580833808654444  0.17144127113654262
  0.17665604426550935  0.18385327098179227  0.19310407055550241  1.00000000000000000
  0.00017392110276785  0.00023556321201403  0.00028198228707808  0.00031632198880124
  0.00035052702982128  0.00040050719518469  0.00046234528816001  0.00052404235345306
  0.00062472422027011  0.00079358956311002  0.00119514969288318  0.00201673794487129
  0.00336041896451033  0.00496853335954440  0.00696952022220143  0.00905302965991247
  0.01101380006153519  0.01298738278792334  0.01493232052066022  0.01686588301527587
  0.01874090242734238  0.02046168822509761  0.02232798059456026  0.02427385396310388
  0.02623913485449257  0.02823248785709450  0.03032066857769444  0.03254966588903904
  0.03454593860999498  0.03625909734940113  0.03794490573551871  0.03954625207322289
  0.04104972809049274  0.04245117285848979  0.04371418669997419  0.04502575237791278
  0.04651630624527776  0.04809314155074500  0.04961094714401234  0.05118700973984739
  0.05256872592434772  0.05390542672902122  0.05549772437007497  0.05723458351330759
  0.05899937158481770  0.06078919351834289  0.06231904654568095  0.06420446612620051
  0.06630873353882497  0.06838993277370414  0.07039895830557645  0.07256816752057296
  0.07508622900322003  0.07754225284622178  0.07951373170544911  0.08142164095890585
  0.08338707476835515  0.08547802617903782  0.08761570871111293  0.08982769316014867
  0.09209189269246235  0.09411970040515830  0.09607510851683834  0.09803813626377142
  0.10045529521168442  0.10315386244857588  0.10564703188195171  0.10780579876906486
  0.10977168670180702  0.11187293894435286  0.11442174246257641  0.11735390545471776
  0.12064606994980472  0.12373953168582216  0.12616188283873775  0.12616188283875626
  0.12657370612742586  0.12922193944143479  0.13416512865674907  0.13859968598394085
  0.14277435199279523  0.14676594812124327  0.15082751405149586  0.15495584879537727
  0.15916456492313857  0.16362577505478976  0.16799384475789989  0.17227990389150821
  0.17622256892040711  0.18035650421914878  0.18482449996424147  0.18926904328729527
  0.19426371954590690  0.20178630280799106  0.21336953264365155  1.00000000000000000
 -0.00207019141995820  0.00935791649048374  0.01846307995586099  0.02648021338661435
  0.03448343278852389  0.04317910002939386  0.05212504318973848  0.06064349035085348
  0.06725631579359312  0.07351542948588570  0.08019543494174909  0.08782413252209427
  0.09803119110279990  0.11034215962907995  0.12313633688632195  0.13551075295617893
  0.14668759526302325  0.15676260576748346  0.16698309029978992  0.17763005152775072
  0.18870725757243609  0.19938416018381486  0.20992161137584051  0.22018363601908364
  0.23004588153899488  0.23969605299226349  0.24963346409863385  0.25898782072211479
  0.26972173947022215  0.27929604670001362  0.28937957391007529  0.29964373581664605
  0.31018934797429154  0.32107710670113132  0.33270861187197848  0.34526746236431882
  0.35641386514064111  0.36582190671048426  0.37505198007822782  0.38521548371253778
  0.39556925818296673  0.40518418732623290  0.41526901900876251  0.42598019257833591
  0.43698936899892277  0.44774074368139177  0.45808484113959280  0.46874797009602781
  0.47927383630588671  0.49004648623177977  0.50205005187845153  0.51436590364992996
  0.52662341367655174  0.53839435890962228  0.54865240427344597  0.55871149771580220
  0.56963892332298971  0.58034333348035272  0.59037954259053371  0.60024700261584429
  0.61225743127436116  0.62485133526011039  0.63774966353768947  0.65096872036741626
  0.66311253072618970  0.67345062593330229  0.68244667755208899  0.69146945655787184
  0.70210201742260070  0.71388661959293287  0.72563150720757907  0.73699657324139678
  0.74739312900871124  0.75760537727543831  0.76829513235714220  0.77973485466761272
  0.79148104897844529  0.80323068356933469  0.81538706441940401  0.82755766709323020
  0.83796101499035369  0.84755610372372459  0.85676466270413509  0.86533310323580970
  0.87357009620833870  0.88213484277812504  0.89231766077925179  0.90477866741838553
  0.91776238405693089  0.92948449149948142  0.94038404964661415  0.95135752156400510
  0.96302846940770326  0.97463720897938111  0.98646740208150097  1.00000000000000000
 -0.00202974958712962  0.01672216714179313  0.02648374334030272  0.03286729538435759
  0.03830167990293978  0.04312744126306903  0.04737260123161399  0.05131705892102649
  0.05503149800171910  0.05854484773686693  0.06164620237967342  0.06450091060928163
  0.06729877681650209  0.07035583655242840  0.07339273126218893  0.07624094670451934
  0.07908021677991593  0.08191156491561664  0.08468902628307817  0.08743152581160656
  0.09040414207250012  0.09338501068746190  0.09628216305741732  0.09917348214669434
  0.10211199787186992  0.10508293676478156  0.10786172710734372  0.11032371459219671
  0.11276212214860594  0.11511181198216407  0.11715340985180367  0.11899550375883801
  0.12081063767649085  0.12287718790235670  0.12504214354122323  0.12688127598927720
  0.12853270715373624  0.13023424853536694  0.13199950598641036  0.13383002003502811
  0.13563588230088830  0.13733427750920796  0.13895756834625722  0.14055395620454270
  0.14230188072233646  0.14428377283339583  0.14622263876616273  0.14806454090150384
  0.14998900215656549  0.15207662406808284  0.15313631810869122  0.15420820587886783
  0.15527226704386760  0.15609650122798563  0.15684496626499198  0.15842136595001868
  0.15994509549029978  0.16148978505483530  0.16323168486716455  0.16497569411960092
  0.16678743563747425  0.16891262956240274  0.17120744965231452  0.17357373078652596
  0.17610340805768107  0.17887248681436171  0.18147675877995947  0.18384252185266498
  0.18573739381637563  0.18890352415399156  0.19349657368901801  0.19871588411854929
  0.20386683980079076  0.20897335563787317  0.21402548331169829  0.21897038127356394
  0.22339690568190534  0.22731069792675870  0.23118073754239638  0.23647092135342043
  0.24247045725012409  0.24908355885997979  0.25696602305987132  0.26839892509288782
  0.28048536206279462  0.29066032044736878  0.29829213403359145  0.30779161235517383
  0.32110112060922075  0.33660688249852516  0.34924774400197223  0.36308332578837615
  0.37744955227208388  0.38680230705517393  0.87221202830333933  1.00000000000000000
 -0.00385888071478543  0.01374622768325760  0.02850720052834924  0.04135358717898280
  0.05231235929428724  0.06298375216571378  0.07503215339779287  0.08737718821930579
  0.09840320386037336  0.11081090273396854  0.12362149237229149  0.13722741809399927
  0.15011575697916443  0.16042319689350859  0.17106629662740150  0.18176389118864106
  0.19289067641725463  0.20362061906612869  0.21459835490096116  0.22703130845131619
  0.23905392715111287  0.25087933514018546  0.26195648412645273  0.27298949537751571
  0.28505054014831466  0.29569238200353953  0.30339983616033378  0.31145753938019372
  0.31924191077076602  0.32623071813950416  0.33332200236091758  0.34206362805430240
  0.35202869442933876  0.36245797190585838  0.37315722520945899  0.38371169257963944
  0.39392695343800077  0.40351581920184904  0.41234589798427718  0.42051718890539813
  0.42881420885254129  0.43763338940985469  0.44594045230094448  0.45398811213598111
  0.46188088645915432  0.46939747902717022  0.47697651581421491  0.48389651519311544
  0.49083855366369095  0.49871422604437315  0.50788936145306918  0.51757823149440563
  0.52727376120800995  0.53603631122433459  0.54337104130441427  0.55115489961282149
  0.55964902016330242  0.56784734820239269  0.57583061410756642  0.58503043849277003
  0.59584264165353562  0.60731564795044701  0.61811473622950930  0.62772577774556793
  0.63773572071243512  0.64742750910716429  0.65593308235350878  0.66628905576722264
  0.67975786104285940  0.69134814501929320  0.70136169393862358  0.71039077778711823
  0.72008529652041386  0.72803114526793733  0.73621247013990898  0.74460479915418409
  0.75428402990882193  0.76596345795055965  0.77698363528933767  0.78850362952567565
  0.79955850191890721  0.81057100581060892  0.82296931372633286  0.83650466698853421
  0.85050335850238201  0.86472111940764118  0.87846634094558540  0.89185540638816363
  0.90519829092962512  0.91793201128592639  0.93020188034326978  0.94298070549373336
  0.95724929306742224  0.97121313760120065  0.98505368437971785  1.00000000000000000
 -0.00051196991607302  0.00198862365937480  0.00381430880244348  0.00529877691360568
  0.00669545422865091  0.00799181529017103  0.00921309697660308  0.01038356716600117
  0.01152448580439215  0.01263556030927840  0.01371779840933686  0.01480903414448450
  0.01594453049312271  0.01708971905068533  0.01817799615912025  0.01919006584796935
  0.02021834732705563  0.02125979814447740  0.02231034111731835  0.02338159335950646
  0.02442162181947875  0.02539075235841019  0.02636449118916186  0.02738906903552448
  0.02847274300773705  0.02947931021725965  0.03052894227880002  0.03161951186987480
  0.03273473106935247  0.03385712532469166  0.03509344209947705  0.03607974312124932
  0.03703508813961626  0.03783698586303854  0.03868853414088346  0.03958014626946561
  0.04060561962921457  0.04181021368887076  0.04307247028213604  0.04429708832219433
  0.04554042458220146  0.04685421505357209  0.04824175552292577  0.04963507984092985
  0.05109177223238814  0.05224922738486813  0.05329536311959493  0.05433491999291017
  0.05555433456146024  0.05700202819206263  0.05833815037459945  0.05955263856638898
  0.06075298667147452  0.06207738759098231  0.06362474995773353  0.06533611812936455
  0.06714065038731125  0.06898785221595904  0.07063139501353632  0.07190609860126430
  0.07332238558660795  0.07486565580523910  0.07680387617624773  0.07914427756753842
  0.08183837400789441  0.08486623967530411  0.08813607057784076  0.09130789721656186
  0.09434473308426786  0.09748888095078240  0.10090329441272958  0.10460517731948954
  0.10679492281087549  0.10786395794070490  0.10893226404255442  0.11006283213231390
  0.11114965188855676  0.11222096814181852  0.11329535526118406  0.11446997643441827
  0.11567440306344853  0.11713720726664807  0.11970851255986456  0.12224885806608074
  0.12541302610957769  0.12922494705814344  0.13390416004820593  0.13814796605592247
  0.14159237361983773  0.14493070512700415  0.14883538552844605  0.15342353743287090
  0.15930816873912607  0.16750378978049368  0.68731553969305714  1.00000000000000000
 -0.00232441121929958  0.00722031007766977  0.01560894290690135  0.02315725538419277
  0.03023575419907614  0.03732328413211723  0.04473441079542505  0.05240806771305308
  0.06002661195347430  0.06713062940544631  0.07402672545538423  0.08166776181736472
  0.08981649114154039  0.09825862689066871  0.10629053136087495  0.11321228284632275
  0.11759929211606716  0.12189445043643307  0.12641564306814407  0.13128038187332144
  0.13848983371108753  0.14743558314663430  0.15562178714966726  0.16412960039415495
  0.17259727927194898  0.18099398181458368  0.18967535910036840  0.19860681226922186
  0.20713341494370682  0.21554564014332528  0.22441753228306122  0.23583693925337845
  0.24824058290799708  0.25993195967127602  0.27025104573497666  0.27976341584362874
  0.28974605230311035  0.30029015167529421  0.31377040233559661  0.32660869691536976
  0.33897663431008651  0.35228513708374581  0.36615472313552905  0.38288638183304241
  0.40198293962959619  0.42034893513001731  0.43648951599499819  0.45225661169757370
  0.46853135083971797  0.48652621500519538  0.50378926906454424  0.51688482523922485
  0.52948031013759111  0.54345336100355024  0.56151435990028720  0.58138087167639674
  0.59738604021102881  0.61169205224608947  0.62639465277132300  0.64132018454254613
  0.65412823091603345  0.66536667797422311  0.67586805883436696  0.68632487594329084
  0.69695370274985702  0.70821841688921361  0.71977712017859297  0.73063147707028886
  0.74123395252960134  0.75235593367115172  0.76352784755588410  0.77550073592633206
  0.78796944392220236  0.79938634028032096  0.80970871941216838  0.82012813300024379
  0.83064405935207697  0.84130366599344353  0.85156128528384090  0.86185024975474667
  0.87203907466018094  0.88142446269459440  0.89005539277220447  0.89853101823222103
  0.90754672608088460  0.91622631526199250  0.92460460171784220  0.93369136831285260
  0.94301668148057383  0.95203434108378360  0.96040731721370609  0.96828555548108075
  0.97545005389090045  0.98322559104374552  0.99136627149941581  1.00000000000000000
 -0.06998351571903624  0.61110820760730522  0.70064269829793369  0.74794842762146319
  0.77901265341576487  0.80281982444680189  0.82197840072801154  0.83719376979990345
  0.84972726950820066  0.85989589496742291  0.86846814923072857  0.87577838892708981
  0.88244030644534999  0.88829088526582334  0.89363010814888300  0.89845129617970354
  0.90271235769164770  0.90664541731474524  0.91035178173027531  0.91391719646175840
  0.91730652376803801  0.92036302553336624  0.92313907841207787  0.92564780043256778
  0.92801295816700480  0.93030746707116740  0.93252354794637971  0.93465246123056256
  0.93664311361378039  0.93843958244555437  0.94005857075692911  0.94157527057754675
  0.94309683387662535  0.94460631909068959  0.94611005290818184  0.94755066878704519
  0.94888952274428640  0.95019674923672770  0.95156079853441455  0.95265649871473701
  0.95371805493160855  0.95473623815774322  0.95576420810347484  0.95678682300594808
  0.95781053404791561  0.95879310316107502  0.95979660144368317  0.96076014679241517
  0.96172350932613337  0.96264237732222757  0.96349763421811807  0.96431299309452845
  0.96509716265441547  0.96588852384304713  0.96665182810124561  0.96738534052088432
  0.96811085128540586  0.96884986604507517  0.96961603299949328  0.97037480944750332
  0.97104631865925339  0.97169303375191329  0.97232745560697187  0.97295703472298523
  0.97359642867055396  0.97427431433838796  0.97500431278301281  0.97562912666785595
  0.97626967884156235  0.97685500656663593  0.97742631069869512  0.97801141559288429
  0.97864310980045877  0.97929839847256395  0.97994810065972127  0.98059970939130658
  0.98124678070954607  0.98188164983676418  0.98252982456187210  0.98326141166724279
  0.98389204842247957  0.98448209816337684  0.98505661470969574  0.98562540335297100
  0.98619972074941054  0.98680340597361960  0.98757354970036026  0.98816778717864218
  0.98875519080823915  0.98942421038152162  0.99011317363841289  0.99079063060400219
  0.99161654586201309  0.99287396529645811  0.99505992305854840  1.00000000000000000
   5.1133724433645021E-018  -1.0000000000000000     
 F F F F F F F F F F F F F F F F F F F F F F F F F F F F F F F F
  <DiscreteSampler_grid>
  grouped_processes
  1 # 1 for a reference and 2 for a running grid.
  10 # Attribute 'min_bin_probing_points' of the grid.
  1 # Attribute 'grid_mode' of the grid. 1=='default',2=='initialization'
  0.0000000000000000 # Attribute 'small_contrib_threshold' of the grid.
  0.5000000000000000 # Attribute 'damping_power' of the grid.
 # binID   n_entries weight   weight_sqr   abs_weight
    10   10   1.604024894195414E-011   2.390078953842098E-021   1.604024894195414E-011
  </DiscreteSampler_grid>
