  0.00000242621403543  0.00000478627545899  0.00000602670354867  0.00000712446919501
  0.00000824505692964  0.00000955979427903  0.00001115363823367  0.00001313752167910
  0.00001555385298586  0.00001808799003811  0.00002109083175535  0.00002444290352775
  0.00002843135254517  0.00003302151508505  0.00003842383401785  0.00004471848584841
  0.00005183276747434  0.00005980637649375  0.00006928636894787  0.00008100811461312
  0.00009389116120499  0.00010725322675053  0.00012236692388185  0.00014099552029523
  0.00016435417027968  0.00019130310896278  0.00022083530822622  0.00025268479150667
  0.00028730615232258  0.00032718784757497  0.00037109499530992  0.00041943840101461
  0.00047721379024896  0.00054420385198453  0.00062153945523659  0.00070737440194332
  0.00079812742622175  0.00089918905244240  0.00101370643626984  0.00114106401592086
  0.00129710887176984  0.00147504236997138  0.00167637562056171  0.00189745162956642
  0.00212967335079503  0.00239019662097790  0.00268367753302261  0.00299150935656475
  0.00331635517786147  0.00365790685971357  0.00402353707779410  0.00438352979535773
  0.00485370697829283  0.00541706689234441  0.00608196866948629  0.00683191354546064
  0.00760920018679519  0.00836370931769402  0.00908853324065205  0.00987080548499183
  0.01074658428341888  0.01167192786747625  0.01260156696262664  0.01355533239350178
  0.01453352748886679  0.01559726142886811  0.01676591081385361  0.01798792443325904
  0.01934669606569336  0.02064885901431624  0.02223321184911362  0.02398194891850016
  0.02579780592790151  0.02755575521343807  0.02937271359434578  0.03116645451619992
  0.03330839257237227  0.03575755544575094  0.03843297724639951  0.04123996468455856
  0.04409704327380318  0.04706964867500971  0.05044267430700358  0.05370501333764904
  0.05686157750015076  0.05990930788564811  0.06367208135188804  0.06837622439392348
  0.07343384309463366  0.07871744032637476  0.09612307861698102  0.12582223449647723
  0.14932579596913581  0.17570039015306899  0.31944674998520095  1.00000000000000000
  0.00022014077256304  0.00024643410285648  0.00027667190074803  0.00031296928230404
  0.00035732206921029  0.00040584332767143  0.00045735681086361  0.00051150495327156
  0.00056454295326350  0.00062216825772921  0.00068398201885505  0.00074287528127871
  0.00080473226498013  0.00087215825064536  0.00094360996678908  0.00102469221317554
  0.00112373017902170  0.00124155649563641  0.00136941038624362  0.00149259036121878
  0.00162927239656862  0.00178411927299331  0.00197604916025676  0.00219176030622335
  0.00241834215885077  0.00265225805352840  0.00289342446307407  0.00313445042542012
  0.00338169639404773  0.00365101455417768  0.00393563062217250  0.00424323665193368
  0.00458915512263940  0.00497971718110269  0.00536810364324808  0.00577031874360688
  0.00620782215438064  0.00670092434218977  0.00720348454644285  0.00766993193970209
  0.00813460854436501  0.00862827876243136  0.00915760851523505  0.00970150221833581
  0.01025665512032490  0.01083680632917402  0.01144021865929025  0.01202288266823519
  0.01257187154171245  0.01313453590701063  0.01371370203350090  0.01426509059954760
  0.01482161560401039  0.01545884536440688  0.01618464524030054  0.01696950514634952
  0.01781835915292864  0.01877167176269038  0.01976929972188731  0.02068338496120101
  0.02160765045294482  0.02252885715950418  0.02341895542906295  0.02437590425347673
  0.02547170916111914  0.02671408266699626  0.02797287092437764  0.02918701641489570
  0.03040760655220372  0.03166562237114477  0.03294069486005240  0.03422097470942687
  0.03556930446285862  0.03710795525887607  0.03872585182694828  0.04016124617130547
  0.04158078256420905  0.04310491184309277  0.04506105681075968  0.04721483117892734
  0.04946048689339102  0.05171651743527047  0.05414005226080486  0.05723603297954290
  0.06072223637734312  0.06231907810841989  0.06445719467100895  0.06685761741820163
  0.06914043369549576  0.07175574894950751  0.07554617084551996  0.08070443518114513
  0.08658084392424631  0.09302176982852245  0.19355555627649471  1.00000000000000000
  0.00018279134502353  0.00020352676657524  0.00021720085385315  0.00022830218748415
  0.00023851457901116  0.00024878293986174  0.00026139266994039  0.00027561754874780
  0.00029202357661438  0.00030958882239487  0.00032760248055629  0.00034573510930078
  0.00036489998340260  0.00038560051624001  0.00040744484024664  0.00043071218847545
  0.00045255269970368  0.00047667620036987  0.00050379863872861  0.00053313971937408
  0.00056980597063041  0.00060762444565860  0.00064520087961324  0.00068579878639988
  0.00073089131750406  0.00078260576607880  0.00085001074732443  0.00092538702262876
  0.00101439763523130  0.00112765528652688  0.00126559881572090  0.00143104163794005
  0.00163147498426044  0.00187414568977373  0.00215862228500819  0.00247848524831576
  0.00282692520034026  0.00319973093445481  0.00356452197057466  0.00393697128209270
  0.00434476912439352  0.00477154242409704  0.00520967777214723  0.00566987289509462
  0.00616316653473607  0.00666913676893326  0.00719394966276959  0.00775182867311315
  0.00834188958026472  0.00895512959242153  0.00957738106342076  0.01025061031102879
  0.01097136130667778  0.01172488705572748  0.01252014147855771  0.01333048471119329
  0.01412906090578446  0.01490009318736697  0.01569582390877153  0.01656821747418377
  0.01750489621325770  0.01850368175718594  0.01957585152917280  0.02069663365237966
  0.02198180755908699  0.02337314880772501  0.02481180484688329  0.02640430594725836
  0.02809516039264051  0.02969317244446656  0.03116438059055594  0.03269741506460160
  0.03432124298573842  0.03593979685674947  0.03749194669507097  0.03917001441845822
  0.04117275005724135  0.04328935745608742  0.04521253250209833  0.04776420769084045
  0.05073730959649544  0.05383807288531384  0.05753563598578933  0.06122399366351277
  0.06566892944962344  0.07036931178573134  0.07413940096065336  0.07813948196152608
  0.08213423818503277  0.08658817639066779  0.09246904675802858  0.09734081940930021
  0.10644103810917370  0.12351586600082977  0.21422672760522238  1.00000000000000000
 -0.00140187921346854  0.00846950762900603  0.01775621999802592  0.02788722282256132
  0.03867624316445901  0.05029700157071822  0.06055210928750705  0.07032799126128281
  0.07971530216365318  0.08837325467612299  0.09662856803181323  0.10491602814056701
  0.11457730462350493  0.12533527488035379  0.13727540538770139  0.14850440256740183
  0.15845271557688598  0.16816526553348346  0.17813840221674437  0.18834453108390306
  0.19894405548960931  0.21003365119377293  0.22169664234896833  0.23214510070642561
  0.24144894175625367  0.25112614424496721  0.26212409750424137  0.27456588122109776
  0.28681905257395268  0.29950257099721367  0.31104244996864233  0.32196899009998153
  0.33193500404343951  0.34242730791846943  0.35273483922259841  0.36417058635947103
  0.37526479340317387  0.38706443829115844  0.39791222697782030  0.40802518322285486
  0.41777013651708839  0.42720653351223609  0.43668370266563272  0.44592935088319324
  0.45495996553871992  0.46405081244178303  0.47440667567815142  0.48557763576740731
  0.49808019995369024  0.50984884316972723  0.52094474283708403  0.53192591480491314
  0.54198781632977755  0.55430928069089092  0.56468915808925602  0.57398770611684047
  0.58325613479462479  0.59307301647314326  0.60323906542031380  0.61286255919560806
  0.62171927182296027  0.63141673367618967  0.64277312274059994  0.65549473561213401
  0.66916892745031942  0.68289883456847400  0.69593844348015943  0.70838585514493480
  0.72069702107712497  0.73260138086985305  0.74371646135381730  0.75449577338248852
  0.76504159218141621  0.77531439325402196  0.78528088021442788  0.79574481519071916
  0.80639032190875215  0.81609404472796654  0.82463081552222117  0.83310870432871076
  0.84256236944826990  0.85270781603152401  0.86267108489260980  0.87291506812598840
  0.88383472542307218  0.89480384744190189  0.90527493770680312  0.91546371268228111
  0.92602400791161854  0.93698262821858680  0.94746957348352190  0.95790267228998904
  0.96756396877146900  0.97798286242304211  0.98841954880672833  1.00000000000000000
  0.00490975424700616  0.01781187109860284  0.02652945676266178  0.03304601223056407
  0.03869786947051856  0.04351825065749562  0.04772025380061698  0.05167146045400109
  0.05538861407222133  0.05883339484855311  0.06202955942499314  0.06495033750225446
  0.06776219470217740  0.07074797543248731  0.07354573544603357  0.07616281799363941
  0.07868009873843600  0.08111206817046712  0.08361732950561220  0.08606657134354055
  0.08845896607896252  0.09077311500452041  0.09328579570475064  0.09576066900811206
  0.09839957663397027  0.10120291716843691  0.10409950602248078  0.10669355515772261
  0.10904276653180357  0.11134734866013644  0.11371133666373426  0.11614884104608475
  0.11855096836357532  0.12083584913815651  0.12296184051067663  0.12486934225580529
  0.12676043789155944  0.12877321704927183  0.13081447699662219  0.13293090710475880
  0.13501367293793071  0.13713056294685039  0.13921631147508870  0.14122363619502071
  0.14311092977261161  0.14499409663478924  0.14687459511768103  0.14893554919858040
  0.15132561708187672  0.15387181026212826  0.15636483663396902  0.15862668308691505
  0.16082532753123824  0.16314441652761197  0.16560545011616257  0.16838615740722057
  0.17147826619413276  0.17462259182756601  0.17825491465129159  0.18140404815728839
  0.18407128552385330  0.18657141009232750  0.18868601170776050  0.19081851232232491
  0.19328381806329895  0.19578415193503967  0.19839479330238374  0.20147933180472175
  0.20560220898615580  0.20888553931793219  0.21131496914483830  0.21365705123918266
  0.21592800040499166  0.21859879658393644  0.22192107809018646  0.22566459782771545
  0.23253718386252145  0.23718489254412645  0.24097969818911805  0.24397964769848177
  0.24689855919046802  0.25062248951615618  0.25705013464416698  0.26454358242881759
  0.27207251499318019  0.27867558005824777  0.28468293231786179  0.28990327284150347
  0.29594153038505905  0.30406599343913326  0.31521640575795840  0.32894717865910955
  0.34302015385421203  0.35066411518048679  0.35101978856568061  1.00000000000000000
 -0.00243018132781312  0.01134952884653105  0.02118977096269099  0.02972641166275150
  0.03774068231360580  0.04684439434067320  0.05777333818224193  0.06970752749709772
  0.08173604988066893  0.09365323112335472  0.10533175727808346  0.11584237197195413
  0.12587132505122400  0.13581875758864279  0.14598910482677549  0.15592032522709681
  0.16529695821978932  0.17420152810826131  0.18333937212083096  0.19314634203459755
  0.20289409115868687  0.21222440326302588  0.22165874974112876  0.23200890392827378
  0.24231249787480696  0.25189950663992866  0.26144800753971165  0.27080576903923304
  0.28003538230317421  0.28930504979981020  0.29980990108052885  0.30965180175654683
  0.31886480549637253  0.32808971967611406  0.33776616175517321  0.34944986129244432
  0.36103190831742127  0.37312175295299610  0.38665141183090729  0.39996337706815566
  0.41147450716479284  0.42256698489442684  0.43299836201048408  0.44317851180655637
  0.45224068477186591  0.46212674202763321  0.47315569485201586  0.48553695947931652
  0.49818012775726805  0.51081842118717791  0.52103642297882813  0.53143608091439676
  0.54206932843531297  0.55380351974726971  0.56608570101334466  0.57733099024219436
  0.58842110512512247  0.59971963433150688  0.61098097926518025  0.62173829629299771
  0.63231994753595167  0.64271811618797137  0.65336484008464357  0.66399432712937290
  0.67459093246183433  0.68510719156895283  0.69563445998069717  0.70634951997944406
  0.71694920486574698  0.72765567387172825  0.73917230043250126  0.75095812932510964
  0.76272798817106180  0.77413278147449072  0.78494830326107878  0.79612559578746489
  0.80662238802949582  0.81687204054857343  0.82649388988247530  0.83646962345415299
  0.84642523247198520  0.85637420837556266  0.86583984501421440  0.87528226177143076
  0.88484207682538629  0.89458100396577944  0.90508557176902860  0.91582490663513771
  0.92637749119909796  0.93717455276864858  0.94801367933062675  0.95859253459729965
  0.96893518134586454  0.97893056711720539  0.98959955893630769  1.00000000000000000
  0.00182969288677562  0.00355109967843534  0.00595922059867209  0.00775344904983607
  0.00929187347356265  0.01072645420947490  0.01211978695251649  0.01343649986599780
  0.01471248776994715  0.01597936159235108  0.01722753925185835  0.01841350848547792
  0.01959199102655092  0.02078795154041377  0.02200834523234635  0.02323428176964369
  0.02443819294287787  0.02562549737891293  0.02683643804320165  0.02809475178756730
  0.02935004082125811  0.03055340772769851  0.03173869291532699  0.03297526048299090
  0.03427346789380208  0.03565578212714340  0.03691003610050744  0.03804982218449427
  0.03916374955925849  0.04028552040447629  0.04141287411126685  0.04254433535290649
  0.04377489065914904  0.04512381203768557  0.04650577864624115  0.04788497345401702
  0.04918489683945357  0.05037578348377060  0.05155238606143663  0.05268518449878030
  0.05391594023299748  0.05507749309072908  0.05627077793416010  0.05752850915501079
  0.05885271367498843  0.06020586991145346  0.06155635143094688  0.06301939389775475
  0.06449734452407740  0.06578209685127549  0.06695451016597585  0.06803081669813971
  0.06915297402793102  0.07026722813038593  0.07143402737553720  0.07266745064804363
  0.07394879475916810  0.07524051379244594  0.07655295301200149  0.07801425351958037
  0.07983079887918273  0.08173199440217034  0.08323518325472525  0.08472537110662257
  0.08602106089222519  0.08741056768264495  0.08906731124325440  0.09061205386362960
  0.09194955957421014  0.09339480893983147  0.09478312965572128  0.09629411685396908
  0.09838230960240850  0.10083025966865207  0.10327753232846931  0.10529026035851674
  0.10731038593420174  0.10935358995997468  0.11157165638354519  0.11400773805372227
  0.11647066295771563  0.11874691660807274  0.12075346071597515  0.12288463421370026
  0.12478213838602557  0.12695692925963206  0.12922701856242752  0.13300157110750524
  0.13911575537140822  0.14346140424919573  0.14801403567583143  0.15437425178704020
  0.16074774990709884  0.17054447070433898  0.28165960753970998  1.00000000000000000
 -0.00253140441582316  0.00926289596415254  0.01867685979345287  0.02790893281697555
  0.03683104002848276  0.04560041495339843  0.05452178444578890  0.06359095938219551
  0.07308647354389648  0.08263333006020361  0.09225644365847324  0.10196455407932055
  0.11323110868838782  0.12411132732791384  0.13384192982899382  0.14268896086471475
  0.15164132953181422  0.16142452868245077  0.17178184011309530  0.18230147459202978
  0.19294226577276977  0.20383292389743321  0.21441713653221700  0.22466304419015967
  0.23509164935056637  0.24545581978967923  0.25640290334834404  0.26787240991775207
  0.27947212515998743  0.29094082017931239  0.30296326481027652  0.31449754785279721
  0.32566144509384243  0.33605044864847866  0.34646944582856704  0.35725955453331659
  0.36836756997448722  0.37884765921007763  0.38794250249650047  0.39752375194204687
  0.40740844518972991  0.41812283747080420  0.42941012218302282  0.44063231326928232
  0.45218295585807372  0.46316806251259374  0.47517313174812398  0.48783263692076756
  0.50222354713984052  0.51645473375471107  0.52890776066344447  0.54003126602429474
  0.55105576788101329  0.56129151510942610  0.57114056873322783  0.58139379758137621
  0.59186382434945484  0.60337344954375871  0.61428548724307552  0.62376882884534612
  0.63268263718652440  0.64264109240515399  0.65478265046486006  0.66845484872948813
  0.68206001484259415  0.69428985463388493  0.70525884890136636  0.71566466340429580
  0.72674234180496944  0.73789743100489202  0.74834037440620438  0.75853364813531232
  0.76912546597947662  0.78084082681281952  0.79181982971942666  0.80235326081246761
  0.81272783318743269  0.82316888086197659  0.83364151280671939  0.84433104859287633
  0.85457112710365823  0.86548720919690802  0.87601899299282349  0.88675123099157893
  0.89722490791003628  0.90677850735860988  0.91573433008337790  0.92486367519197499
  0.93419928546815334  0.94379584756485901  0.95334530603785061  0.96332431439957211
  0.97298368788145051  0.98135079827234450  0.99097251768176964  1.00000000000000000
  0.03283896145727899  0.32403725041359838  0.43187566343400852  0.49650804083547168
  0.54643813923495876  0.58143254282385259  0.61055757188589044  0.63677723193169267
  0.66154092779651086  0.68000434098000528  0.69555520893127643  0.70933335254912633
  0.72212026878196056  0.73421135587030661  0.74566869490155352  0.75613327069706249
  0.76537894296911735  0.77399992126790629  0.78303691898539374  0.79212013928633873
  0.79956225554737270  0.80653602931934520  0.81337371194516828  0.81944963968834161
  0.82520228486880820  0.83070440133604784  0.83598921271982374  0.84086634577100183
  0.84557037722132666  0.85004399878354564  0.85450918377796448  0.85866507002878356
  0.86280017274258070  0.86673185309174017  0.87070827684085472  0.87441458778571668
  0.87779329427378305  0.88093437794760998  0.88415185145820219  0.88749405805437698
  0.89103972159260070  0.89454567311781275  0.89776151510467828  0.90067252394091457
  0.90341063670408661  0.90602470228130216  0.90862853723986048  0.91112611071437044
  0.91352885597075362  0.91584118860836072  0.91796054051150311  0.91985677611511885
  0.92178736849192378  0.92379306220615631  0.92578572024170636  0.92790159281890572
  0.93005168617906631  0.93217314812849494  0.93424138420175273  0.93623614618049400
  0.93815356119649451  0.93997499305927634  0.94179276154669178  0.94358473857725655
  0.94534044660155647  0.94706785333447563  0.94873194296579877  0.95040517343421071
  0.95199541771347984  0.95349728541737799  0.95493497375530589  0.95634232665784102
  0.95779691909872544  0.95922827969189683  0.96065326036421761  0.96209529590011789
  0.96357739307713286  0.96497548557808488  0.96636074461720711  0.96774979511941295
  0.96915802910487425  0.97062234293754091  0.97206510994745965  0.97349231967896599
  0.97491254153390805  0.97632653082319443  0.97769238965707395  0.97905967584974019
  0.98048188474359799  0.98202720902656326  0.98360607790852295  0.98532406066910250
  0.98727085478837517  0.98968083695752962  0.99321598931754629  1.00000000000000000
   3.2631974387940120E-018  -1.0000000000000000     
 F F F F F F F F F F F F F F F F F F F F F F F F F F F F F F F F
  <DiscreteSampler_grid>
  grouped_processes
  1 # 1 for a reference and 2 for a running grid.
  10 # Attribute 'min_bin_probing_points' of the grid.
  1 # Attribute 'grid_mode' of the grid. 1=='default',2=='initialization'
  0.0000000000000000 # Attribute 'small_contrib_threshold' of the grid.
  0.5000000000000000 # Attribute 'damping_power' of the grid.
 # binID   n_entries weight   weight_sqr   abs_weight
    10   10   1.004726068770134E-010   4.171268355936590E-020   1.004726068770134E-010
  </DiscreteSampler_grid>
