  0.00000382095594134  0.00002888444143840  0.00002926388070392  0.00002964331996944
  0.00003002275923495  0.00003040219850047  0.00003078163776599  0.00003116107703150
  0.00003154051629702  0.00003191995556254  0.00003229939482805  0.00003267883409357
  0.00003305827335909  0.00003352491634623  0.00003407841468297  0.00003463191301970
  0.00003518541135644  0.00003573890969317  0.00003629240802990  0.00003684590636664
  0.00003739940470337  0.00003795290304011  0.00003850640137684  0.00005295150227407
  0.00005425388135799  0.00005555626044191  0.00005685863952582  0.00005816101860974
  0.00005946339769366  0.00006076577677758  0.00006215695913711  0.00006367602571560
  0.00006519509229409  0.00006671415887258  0.00006823322545107  0.00006975229202957
  0.00007127135860806  0.00007295980280212  0.00007473160895164  0.00007650341510115
  0.00007827522125067  0.00008004702740019  0.00008181883354971  0.00008359063969922
  0.00010063188299788  0.00010460916612428  0.00010858644925069  0.00011256373237710
  0.00011698252089044  0.00012162153724530  0.00012626055360016  0.00013089956995502
  0.00013598827603917  0.00014139912360940  0.00014680997117964  0.00015222081874987
  0.00015760593677200  0.00016296512466494  0.00016832431255787  0.00017368350045081
  0.00017904268834374  0.00018417669367918  0.00018920857336077  0.00019424045304236
  0.00019927233272395  0.00020430421240554  0.00020933609208713  0.00021360636431206
  0.00021756958982514  0.00022153281533822  0.00022549604085131  0.00022945926636439
  0.00023342249187747  0.00023738571739056  0.00024134894290364  0.00024531216841672
  0.00024961473254479  0.00025397073360587  0.00025832673466695  0.00026268273572804
  0.00026703873678912  0.00027139473785020  0.00027575073891128  0.00028010673997236
  0.00028446274103344  0.00043227881153405  0.00102215747311493  0.00241628559762517
  0.00572371927442794  0.01350469755568884  0.02554475161994786  0.02554475161995786
  0.02554475161996786  0.02554475161997786  0.02554475161998786  1.00000000000000000
  0.10271757443745939  0.12652094282363993  0.12804188564727989  0.12956282847091982
  0.13108377129455975  0.13260471411819971  0.13412565694183964  0.13564659976547960
  0.13716754258911953  0.13868848541275947  0.14020942823639942  0.14173037106003936
  0.14325131388367929  0.14477225670731925  0.14641201469061346  0.14832592195771266
  0.15023982922481185  0.15215373649191108  0.15406764375901028  0.15598155102610947
  0.15789545829320870  0.15980936556030789  0.16172327282740709  0.16363718009450631
  0.16555108736160551  0.16785849135273406  0.17071576560121390  0.17357303984969374
  0.17643031409817359  0.17928758834665343  0.18214486259513327  0.18500213684361311
  0.18785941109209295  0.19071668534057279  0.19357395958905263  0.19643123383753247
  0.19928850808601231  0.20214578233449215  0.20500305658297199  0.20786033083145183
  0.21071760507993170  0.21357487932841157  0.21643215357689144  0.21928942782537131
  0.22214670207385118  0.22500397632233105  0.22786125057081091  0.29166940060934599
  0.29646968538275331  0.30126997015616069  0.30607025492956808  0.31087053970297540
  0.31567082447638278  0.32047110924979011  0.32527139402319749  0.33007167879660482
  0.33487196357001220  0.33967224834341964  0.34447253311682702  0.34927281789023445
  0.35407310266364184  0.46711686748446479  0.58231238376637096  0.69750790004827734
  0.81270341633018361  0.85637889548236290  0.85983516848971164  0.86329144149706039
  0.86674771450440913  0.87020398751175787  0.87366026051910661  0.87711653352645536
  0.88057280653380410  0.88402907954115284  0.88748535254850158  0.89094162555585033
  0.89439789856319907  0.89785417157054781  0.90131044457789655  0.90476671758524541
  0.90822299059259415  0.91167926359994289  0.91513553660729174  0.91892719769474018
  0.92298560404987773  0.92704401040501516  0.93110241676015271  0.93516082311529025
  0.93860170242142360  0.94120237684300823  0.94380305126459274  0.94640372568617737
  0.94900440010776199  0.95160507452934662  0.95326507488886514  1.00000000000000000
  0.10542153914769495  0.11029458063447643  0.11516762212125793  0.12004066360803942
  0.12491370509482090  0.13089370073407738  0.13689365241278509  0.14289360409149279
  0.14878598177730334  0.15457502108850052  0.16036406039969769  0.16615309971089487
  0.17194213902209199  0.17773117833328911  0.18352021764448623  0.18930925695568335
  0.19509829626688044  0.20088733557807756  0.20667637488927468  0.25204530228331068
  0.25715430323197208  0.26226330418063354  0.26737230512929500  0.27248130607795645
  0.27759030702661797  0.28269930797527948  0.28780830892394099  0.29291730987260245
  0.29802631082126391  0.30313531176992536  0.30824431271858682  0.33470251732266421
  0.46763450519291588  0.56354600302194668  0.56719874982987883  0.57085149663781098
  0.57450424344574313  0.57815699025367540  0.58180973706160755  0.58546248386953970
  0.58911523067747196  0.59276797748540422  0.59642072429333637  0.60007347110126863
  0.60372621790920089  0.60737896471713304  0.61103171152506519  0.61468445833299745
  0.61833720514092960  0.62198995194886175  0.64838930887759039  0.66983011025191086
  0.67349784564126380  0.67716558103061664  0.68083331641996958  0.68450105180932252
  0.68816878719867547  0.69183652258802841  0.69550425797738125  0.69917199336673419
  0.70283972875608713  0.70650746414544008  0.71017519953479302  0.71384293492414597
  0.71751067031349891  0.72117840570285185  0.72484614109220480  0.72851387648155774
  0.83843917865961592  0.91769163612002469  0.92018231288851482  0.92267298965700506
  0.92516366642549530  0.92765434319398554  0.93014501996247578  0.93263569673096602
  0.93512637349945615  0.93761705026794639  0.94010772703643664  0.94259840380492688
  0.94508908057341712  0.94757975734190736  0.95007043411039749  0.95256111087888773
  0.95505178764737797  0.95754246441586821  0.96003148491760615  0.96251973480877628
  0.96500798469994642  0.96749623459111644  0.96998448448228658  0.97247273437345672
  0.97496098426462674  0.97744923415579688  0.98409405664830296  1.00000000000000000
   1.1281599485350692E-010  -1.0000000000000000     
 F F F F F F F F F F F F F F F F
  <DiscreteSampler_grid>
  grouped_processes
  1 # 1 for a reference and 2 for a running grid.
  10 # Attribute 'min_bin_probing_points' of the grid.
  1 # Attribute 'grid_mode' of the grid. 1=='default',2=='initialization'
  0.0000000000000000 # Attribute 'small_contrib_threshold' of the grid.
  0.5000000000000000 # Attribute 'damping_power' of the grid.
 # binID   n_entries weight   weight_sqr   abs_weight
    10   10   7.591527148739455E+008   5.535792252055641E+018   7.591527148739455E+008
  </DiscreteSampler_grid>
