  0.00018987725865376  0.00033551317740585  0.00044383126664814  0.00054234340655589
  0.00063046157462761  0.00071484032654743  0.00080902395711132  0.00091076720821221
  0.00101383802560717  0.00113124747084674  0.00125634375388940  0.00140143556145736
  0.00156597220264081  0.00173717655687679  0.00191233455417941  0.00210015416200639
  0.00229974736892492  0.00249094797121591  0.00268143754396587  0.00286161684799937
  0.00304823787797715  0.00324654771329396  0.00346432181479981  0.00370707153169683
  0.00397051550927166  0.00424467138626957  0.00452966222782233  0.00482176702789695
  0.00512929770662128  0.00545494264494578  0.00579817142841400  0.00614397262381408
  0.00648434725304867  0.00682406778494037  0.00717199654316325  0.00756400987944340
  0.00800611234630456  0.00844203048417034  0.00887700873238956  0.00932075150998828
  0.00978028587548836  0.01027616154265186  0.01080192511278580  0.01136602633664497
  0.01193842555821135  0.01251747578514565  0.01307656369126217  0.01366151840713363
  0.01428663110970050  0.01492578916517770  0.01555681773955932  0.01625617448650337
  0.01698445629665507  0.01771973943896080  0.01849056409678508  0.01935715444320666
  0.02017480518360121  0.02105189712070937  0.02202637741517937  0.02310448100043659
  0.02419079203318306  0.02525356580037678  0.02638212383423317  0.02755433977593059
  0.02885767819447254  0.03026978293236591  0.03172386543489615  0.03300035310428397
  0.03444053034940056  0.03606648242980578  0.03787149519818811  0.03979645746010143
  0.04198202169429466  0.04437549865861427  0.04701767119753109  0.04963266752293352
  0.05235607891328214  0.05506094807098929  0.05803328440488069  0.06086871128472717
  0.06416171396571960  0.06840847179007997  0.07318641391987933  0.07838208232351949
  0.08393610370520746  0.08963792757450001  0.09483264481448159  0.09998950140592494
  0.10603666643294307  0.11427325775613686  0.12628990639614313  0.14645147194237140
  0.18811575565789646  0.28237868761867468  0.42682111937858008  1.00000000000000000
 -0.00003297770507347  0.00019050621424758  0.00039366978571403  0.00057427327633575
  0.00073632182186541  0.00087453439908518  0.00099847781858379  0.00111951590297539
  0.00125260686274070  0.00138685537521453  0.00152813265321911  0.00168639853543619
  0.00185003464356117  0.00201023205816920  0.00216716288882169  0.00232186311414821
  0.00248856094060020  0.00268216983269408  0.00289604668722197  0.00311115947196898
  0.00330648609856974  0.00349918452702767  0.00369802868472247  0.00390448806106224
  0.00411908665989485  0.00433610351257433  0.00456444789030427  0.00478181382218901
  0.00500637239448621  0.00525218794469484  0.00550809061621548  0.00576877020231494
  0.00604199699834588  0.00634473537717047  0.00664662689737908  0.00694504948449964
  0.00721410935775443  0.00750318131498225  0.00782249113609579  0.00814270276260895
  0.00846530866982504  0.00882117013643895  0.00921963055565922  0.00961662611452474
  0.01000562540722077  0.01042004901088891  0.01085332963135713  0.01133804416637333
  0.01184829383193420  0.01238060110708129  0.01288458914690534  0.01338027794753895
  0.01390306333758416  0.01448360944354820  0.01503145345378519  0.01563843121652106
  0.01624867354813661  0.01683810499963032  0.01741527222852027  0.01803074742340900
  0.01870564097002450  0.01945116093091624  0.02021938873316765  0.02097344072087996
  0.02175959271497576  0.02263873877071967  0.02364350852193051  0.02471318391482840
  0.02577724436117870  0.02689948114893478  0.02807828752746419  0.02926065598055343
  0.03053979973354079  0.03207390553382043  0.03357468357572427  0.03509516983127450
  0.03661186164598039  0.03837709735823747  0.04066414013991764  0.04305611900440019
  0.04515115037711269  0.04713708772112367  0.04918553102960459  0.05129176265262318
  0.05351245012157792  0.05637872323262609  0.05980234831399461  0.06324750894765926
  0.06697655835520037  0.07290351140770482  0.08064689292319428  0.08987732884392564
  0.10454647267373976  0.11192901453868839  0.11379745091282019  1.00000000000000000
  0.00003539498421352  0.00010305898891435  0.00017277459538764  0.00025231248737208
  0.00039821627762510  0.00057578623816362  0.00078003458820245  0.00100549300881909
  0.00122501387401973  0.00146956904457767  0.00173074757209703  0.00200418047808367
  0.00227174206325433  0.00252887926365191  0.00278187835705033  0.00304347172690130
  0.00332891343993698  0.00364287928642373  0.00397421302041227  0.00431998895779254
  0.00467228793509184  0.00503471823484295  0.00540144073692320  0.00578842983539720
  0.00617562421117648  0.00657299535441310  0.00696547754668871  0.00737655517693528
  0.00780920251789823  0.00824550452316428  0.00869387481124986  0.00914789256127995
  0.00962031171900996  0.01012435727149761  0.01065452641657595  0.01120757281420893
  0.01179476694327630  0.01243422590535943  0.01307985221829483  0.01374564102379055
  0.01442635930792010  0.01511679750967310  0.01578147981671913  0.01641249952499394
  0.01706425834926567  0.01772563829589527  0.01840393036366900  0.01909223747043312
  0.01977203486391891  0.02048093723675663  0.02121176562713472  0.02198422193582481
  0.02274981554493563  0.02350262702354837  0.02426204672862056  0.02512440088007128
  0.02605468972797613  0.02702240690808689  0.02801459012284745  0.02911668457005385
  0.03042209704917309  0.03172333443403801  0.03294457363357238  0.03424428340986205
  0.03561590086294990  0.03697857643083154  0.03834144887398152  0.03980308655203414
  0.04145364068059984  0.04319740271840469  0.04498338828957132  0.04685951735510514
  0.04875980320495168  0.05070159109105483  0.05252718363073922  0.05459542748075769
  0.05710315658334335  0.05968945009236320  0.06226914215117463  0.06475972422714045
  0.06717458790698215  0.06962664066851046  0.07226676110991984  0.07556536132731304
  0.07940784521188740  0.08312412428237660  0.08680804736085980  0.09056438899038775
  0.09463336224052045  0.09963637481170697  0.10527044615854862  0.11403923448367839
  0.12863656958122677  0.14676494362730577  0.33386681764896337  1.00000000000000000
 -0.00341043604030158  0.01055367399712585  0.02279295206329769  0.03417154119685771
  0.04534521461952340  0.05644059408497477  0.06711396460261540  0.07722791179671100
  0.08766398687154459  0.09772337021278875  0.10750453728429579  0.11771678609281125
  0.12851390856097816  0.13974161080535957  0.15009003488642791  0.16001954726011830
  0.16965643274242026  0.17961045127091005  0.19005829880720038  0.20136279206224278
  0.21247417227127396  0.22308873680548669  0.23358270407295922  0.24406054066607186
  0.25502124457717629  0.26551683835183376  0.27602568670184602  0.28652138970966928
  0.29743971042206413  0.30863069904112428  0.32000621901297255  0.33075274501333424
  0.34141748589119275  0.35078246738999269  0.36025941499092196  0.36962580681362150
  0.37926851440657294  0.38917572502730463  0.39982294186554945  0.41165821206148473
  0.42395162946223502  0.43614633108635764  0.44934353705943070  0.46325273261976990
  0.47642604289522389  0.48832159726545954  0.49884758629733489  0.50803913056237893
  0.51749484148165981  0.52670129730025061  0.53607926584613097  0.54533328755329469
  0.55498362176990756  0.56486839668555355  0.57540453836455230  0.58650380603332586
  0.59700058216216323  0.60750933015650688  0.61700161101305184  0.62765176583062354
  0.63794722378485325  0.64864157527174526  0.65928703398296906  0.66990441735087147
  0.68089570187525017  0.69258437499558467  0.70532785007847498  0.71803272439952570
  0.72918201033716190  0.73936249336812254  0.74928674925600303  0.75942239521498844
  0.76960783892804796  0.77978109918946070  0.78984686779280078  0.80105228192072164
  0.81238957947486778  0.82312094215314802  0.83380196302017717  0.84317990906439066
  0.85404106901857568  0.86528060995218414  0.87543374536853691  0.88437486124435860
  0.89313329478480852  0.90252797214283742  0.91237779991963630  0.92184036934369551
  0.93079179075860485  0.93961554649229662  0.94889306850052824  0.95868390311962981
  0.96860498454414135  0.97900583299860122  0.98974545651315571  1.00000000000000000
 -0.00035889333137577  0.00953212456744478  0.01647444519732454  0.02182287436124852
  0.02625696875626692  0.03026558438017645  0.03393969213618583  0.03745188030114912
  0.04069515761843041  0.04354886289832543  0.04630679342286453  0.04913564284757288
  0.05200642846963006  0.05491448616275988  0.05782578327993348  0.06064901006505215
  0.06325615021636914  0.06574677271169575  0.06818967638541285  0.07059464653984068
  0.07298795076601843  0.07541331931878011  0.07768773587095119  0.07987991787787602
  0.08202439850039829  0.08423547390827629  0.08648434586784130  0.08877055683687944
  0.09102145983230099  0.09323892446629413  0.09547819119332362  0.09776254590193184
  0.10022543007851621  0.10272637318799127  0.10534379485980226  0.10792265359028140
  0.11045753943142445  0.11319163667062695  0.11577790168763495  0.11817109211623943
  0.12054047523561587  0.12287350844964599  0.12517517670150136  0.12756307564540056
  0.13008027955470747  0.13248214998110730  0.13531726812654438  0.13808938497227982
  0.14078501559958970  0.14332720971138047  0.14584391672630048  0.14830707791006451
  0.15118419988748572  0.15406668729474782  0.15686140567500012  0.15961315900801021
  0.16229490340211103  0.16544111016563925  0.16919830635077823  0.17320164332302829
  0.17731645071865795  0.18139060248382158  0.18563535749326612  0.18991794818718524
  0.19405194022404265  0.19807919956579345  0.20220885106392072  0.20679576273690123
  0.21176600100583237  0.21886375655773141  0.22482881107627575  0.23017738064945431
  0.23455124781268874  0.23828213481681296  0.24272644325386619  0.24742857231054050
  0.25192627488731839  0.25636835995583440  0.26172822464022111  0.26588570743694007
  0.27043036141676607  0.27622724905963952  0.28695269732476747  0.29374795400867987
  0.30117168764325430  0.30905762454652030  0.32198666062452602  0.34052249553329789
  0.36764757542442872  0.38415245841598278  0.39734320451547522  0.41390852891190361
  0.43464208614643202  0.48742294737710479  0.69595465101386800  1.00000000000000000
 -0.00218685397981927  0.00823184796314975  0.01736631220317138  0.02612838785957482
  0.03489743472294383  0.04369797475040837  0.05176475955171993  0.05946695729969685
  0.06720601965674787  0.07569714628835811  0.08516973598516005  0.09427876274783405
  0.10322891817991456  0.11241424374077397  0.12190940787501041  0.13127674023596325
  0.14011531863989793  0.14885241950261577  0.15883142716325391  0.16923741815303023
  0.18186126839751396  0.19380169506624703  0.20540069340251607  0.21648508561021340
  0.22761533196024775  0.23767919050192524  0.24720648689376881  0.25708276634507343
  0.26830569931376591  0.28106028952337425  0.29396454056375954  0.30598147846317558
  0.31807374671594818  0.33069866204227305  0.34307898337842890  0.35576406292587293
  0.36811547270984324  0.37997052828806682  0.39148582680674765  0.40391601941087579
  0.41713050360297194  0.43067482821887482  0.44362177558434129  0.45642028621358993
  0.46881390173030058  0.48201473091088315  0.49583866824889289  0.50804991035846259
  0.51922767914138057  0.53043016988298719  0.54173265099427093  0.55131012540328528
  0.56094904305188342  0.57190058579258063  0.58408441152928436  0.59505110927046545
  0.60538348114203566  0.61599765638463022  0.62658199830632444  0.63736396587483057
  0.64923722358514879  0.66188154258606735  0.67409493444765911  0.68513586845640606
  0.69647801566100587  0.70789274415328518  0.71944118096614351  0.73033241998708465
  0.74113476792769861  0.75160470901133569  0.76206471927940689  0.77224668185465017
  0.78251430139202505  0.79255804002228203  0.80315000706813078  0.81264480001799577
  0.82319946881898920  0.83331751615645622  0.84337591475888785  0.85285507267916916
  0.86150785907081673  0.86982077302209504  0.87842085527129155  0.88717649127270304
  0.89597352760093896  0.90475482422200404  0.91390455113435232  0.92311305718440262
  0.93244248145924280  0.94159480131692286  0.94960316677138090  0.95883398292114908
  0.96839440725631032  0.97919699120575820  0.98927689248106854  1.00000000000000000
  0.00062487983467891  0.00275804234237827  0.00497803514546635  0.00667065633496494
  0.00823710872559760  0.00972946610024373  0.01119423752412288  0.01265940558949478
  0.01412706264921328  0.01554543007215557  0.01694377996506704  0.01837160949717672
  0.01984173617129722  0.02134782505723468  0.02287348755654066  0.02435774924240325
  0.02579754678333260  0.02722708230947093  0.02867639729659203  0.03018403954112299
  0.03174734837300588  0.03327501022789224  0.03481842660169307  0.03634682255002612
  0.03794329723081321  0.03961572817112299  0.04127719710523032  0.04287162010117528
  0.04459662861734255  0.04643051474928488  0.04828800032496138  0.05009943836688677
  0.05177320221160572  0.05332795350488145  0.05483242228266416  0.05632950487443235
  0.05784396247534862  0.05935487097137833  0.06092439867902493  0.06258307672819141
  0.06435781553179284  0.06616635110850203  0.06804029574188782  0.06989224754822534
  0.07195194631166195  0.07405295380215712  0.07619931155343938  0.07842168927601903
  0.08050681692917830  0.08244369913155852  0.08435802306546694  0.08634097744752917
  0.08823589343737721  0.09006931653231177  0.09178939464775419  0.09362032892550455
  0.09576384964019462  0.09787218536111146  0.10010124087359791  0.10233442293289885
  0.10447254384075511  0.10679960443359626  0.10891805987801574  0.11097998715392070
  0.11298414829469464  0.11485925594403090  0.11674885002988736  0.11864757916543071
  0.12070366541285209  0.12259770623841158  0.12428057533302622  0.12600620088939501
  0.12786150684637229  0.13000895261647691  0.13264282842538985  0.13644823029553307
  0.13989432054697554  0.14273452355559380  0.14552036506309057  0.14858857331249914
  0.15179011516795934  0.15510560837405088  0.15907007578984406  0.16414854135516024
  0.16960594926702974  0.17260662550115316  0.17546854533857018  0.17898120536384615
  0.18274052041665484  0.18838084233575816  0.20118220731022735  0.22561577964955515
  0.24266003431905520  0.28616005801233363  0.37736934184918647  1.00000000000000000
 -0.00246518301706104  0.01152671988179783  0.02298740165191024  0.03343230748011998
  0.04389115048829551  0.05568799084253789  0.06688597760663265  0.07780631887341197
  0.08948060020514155  0.10127683330649732  0.11247444126648583  0.12264484793627727
  0.13339455426168617  0.14455322462571357  0.15395746054724499  0.16304088138390452
  0.17129950277119252  0.18045954992545829  0.19039364409482132  0.20069685399318488
  0.21064097014408706  0.22003456812418493  0.22939191779742085  0.23948540686707118
  0.24986913549124695  0.26009480027716703  0.26985454728157832  0.27972245604866536
  0.28958309510266789  0.29933135369841485  0.30918899946953277  0.31938498942602095
  0.32995831050590063  0.34058215183601087  0.35144670722985893  0.36252471756082744
  0.37367362031921297  0.38472443704112369  0.39485969324426173  0.40460762797168304
  0.41391379684637442  0.42353885924007395  0.43367963489276945  0.44447650690821644
  0.45652361827370158  0.46844099001244682  0.48047886718377369  0.49214481228626056
  0.50436034476376057  0.51638316509718618  0.52717076261254625  0.53764879675139721
  0.54833884304067837  0.55975988133837040  0.57039725268869923  0.58072390381868411
  0.59092305100973019  0.60162603829507633  0.61129364047195767  0.62051315990865208
  0.62983235227131040  0.63980324697608770  0.65033680069053379  0.66123755770384396
  0.67252373496359530  0.68406276675531374  0.69463826732423883  0.70456434810315660
  0.71419033884652139  0.72320969408663582  0.73190836440376772  0.73981169492538790
  0.74854617883878960  0.75731243764557454  0.76652200831411788  0.77698073008108759
  0.78689061876264399  0.79633542664211954  0.80525950412963565  0.81453449167073677
  0.82426365941673707  0.83443781057402666  0.84503143425986016  0.85579435981547769
  0.86686212842959631  0.87775919754643028  0.88888475824445834  0.90134327109207080
  0.91493299208610168  0.92803358717850726  0.94047536732753667  0.95323601814343617
  0.96519139617966976  0.97688552672463758  0.98814038912186686  1.00000000000000000
  0.00226344896081705  0.32558700362719395  0.43455449265505197  0.50004672296773300
  0.54373882451996547  0.58194284045516664  0.61385310048862418  0.64013165215602230
  0.66188898691860965  0.68084797158812504  0.69779522011017359  0.71229120149016489
  0.72588870813571560  0.73850501031651172  0.74988804818974708  0.76022930287055202
  0.77003992925060016  0.77946949293730383  0.78866537522113889  0.79679403642874802
  0.80384673418110386  0.81070377367758761  0.81731786405876306  0.82380079819714680
  0.82985457406585272  0.83548155687439118  0.84058521425640631  0.84574332662713547
  0.85081494200606012  0.85559123637032153  0.86036079432685664  0.86504451176884911
  0.86972629092674358  0.87415401053811759  0.87825619370383101  0.88185267299809467
  0.88545263445406186  0.88893037111033546  0.89243519064492460  0.89584106373336503
  0.89888154394291730  0.90176881700520117  0.90465387621335414  0.90747226371084722
  0.91018606878968755  0.91289146079443295  0.91561180330732295  0.91787021571800642
  0.91993467238333726  0.92191644119756333  0.92392261130861819  0.92604369121324326
  0.92807812822443314  0.92999037760895387  0.93184028059304791  0.93365051422740419
  0.93543267204621794  0.93719563432216468  0.93899470657253259  0.94084352781111424
  0.94269492463775806  0.94445703790761648  0.94616396451264739  0.94779883298947942
  0.94938947046351740  0.95096482869265020  0.95253050076774159  0.95405869645269581
  0.95560382520836751  0.95709185008551456  0.95864113145013452  0.96022470369238611
  0.96174830604030526  0.96316020884529108  0.96451433195869740  0.96583186743104577
  0.96708690988702484  0.96826320297204915  0.96946283424161506  0.97065341183574683
  0.97187727080806696  0.97321883634980477  0.97455639730198707  0.97585977187233908
  0.97716512983401016  0.97859282114705048  0.98010513468797400  0.98157889522042696
  0.98301979043683640  0.98444459630898096  0.98591516568806048  0.98752372410885991
  0.98929924044960871  0.99143563485544861  0.99456565852849621  1.00000000000000000
   1.2718228614795259E-012  -1.0000000000000000     
 F F F F F F F F F F F F F F F F F F F F F F F F F F F F F F F F
  <DiscreteSampler_grid>
  grouped_processes
  1 # 1 for a reference and 2 for a running grid.
  10 # Attribute 'min_bin_probing_points' of the grid.
  1 # Attribute 'grid_mode' of the grid. 1=='default',2=='initialization'
  0.0000000000000000 # Attribute 'small_contrib_threshold' of the grid.
  0.5000000000000000 # Attribute 'damping_power' of the grid.
 # binID   n_entries weight   weight_sqr   abs_weight
    10   10   1.683272506378797E-006   4.365980001648060E-012   1.683272506378797E-006
  </DiscreteSampler_grid>
