  0.00104153447973514  0.00167217179900687  0.00204750124235219  0.00236370220643331
  0.00267390750149218  0.00300746414571847  0.00333719106847005  0.00362401893823323
  0.00388124793024996  0.00414734031448762  0.00444070626601898  0.00474779596124545
  0.00499486503430598  0.00526833018054373  0.00554080171679051  0.00584285564579594
  0.00621747403695509  0.00662775226879597  0.00709771352596209  0.00756624202689692
  0.00794712919322220  0.00830227648728410  0.00863828374127150  0.00899232309969015
  0.00939448813621555  0.00989806731495121  0.01045893802061665  0.01099173676036308
  0.01145623791641317  0.01192287115376413  0.01246055630157253  0.01297600895949504
  0.01347170837391677  0.01395122488324928  0.01448715770503458  0.01503229009288691
  0.01561055048600604  0.01627584911903811  0.01695470222799492  0.01751673927153322
  0.01799469423170590  0.01846445871863966  0.01897921068418794  0.01974119688956686
  0.02060697652743208  0.02141382991610302  0.02219172890485626  0.02300446750239585
  0.02388545918640940  0.02501288797104069  0.02611190633018756  0.02731428841966806
  0.02848696699186353  0.02964311657882015  0.03099658346243692  0.03249616593700901
  0.03395746475004844  0.03515004226186498  0.03613644827238057  0.03709610040258971
  0.03822202038192359  0.03922789655544155  0.04001444668347788  0.04117462380366479
  0.04270028349637404  0.04410757010702098  0.04543272229766385  0.04674455032630049
  0.04815720189030161  0.04977717427330552  0.05157621404619465  0.05336236389079911
  0.05505596850869086  0.05676456935743365  0.05832447160353821  0.05974675894500225
  0.06101488583704551  0.06230259176858225  0.06401955053073941  0.06590808370513832
  0.06829874106514906  0.07184332106105765  0.07549216712639807  0.07889797502114551
  0.08263704740459110  0.08660788527172955  0.09209846250212309  0.10007061658249633
  0.11142051310361649  0.13068387958700584  0.15976632142017111  0.17897040404197020
  0.19510467303567827  0.21615024721300055  0.24095517530881450  1.00000000000000000
 -0.00003408203272757  0.00067772680122646  0.00158823430103159  0.00256201411371152
  0.00353761112139846  0.00451007873473941  0.00554643661085425  0.00657969546837993
  0.00747145673954576  0.00834596499846935  0.00923576249609401  0.01014382369687832
  0.01109179421618794  0.01196502206382547  0.01284036286493243  0.01364386890195245
  0.01444836581728817  0.01520165134925741  0.01597173495365155  0.01673815507204453
  0.01749974386316906  0.01826853764367076  0.01907279231441755  0.01992606715107340
  0.02075525764137705  0.02161752528277775  0.02252358363418400  0.02344140376103328
  0.02432977056969560  0.02511335574465814  0.02586586825343477  0.02664063417772062
  0.02740498919829982  0.02816817405808354  0.02899445474846239  0.02986344293630364
  0.03071246013063650  0.03144639163800164  0.03219707700108843  0.03293823743502653
  0.03359645690232532  0.03416591097100740  0.03474305295914726  0.03531973052431583
  0.03595107422994229  0.03666586344999584  0.03757867684116586  0.03852988637179920
  0.03941522408003952  0.04019180957313726  0.04091448711232741  0.04169570796877015
  0.04264258377036459  0.04365413211904241  0.04457292291839066  0.04544667089505212
  0.04623770222186192  0.04700341292045998  0.04768184844592897  0.04827532623992650
  0.04888118815572975  0.04952378689886391  0.05023420578746750  0.05094479137985527
  0.05175205822394345  0.05227528215770339  0.05265281919714143  0.05338243057549579
  0.05498979695372366  0.05649170053870214  0.05788858400411140  0.05927046525396915
  0.06069991542177113  0.06222274573236972  0.06374059876721999  0.06527008206702596
  0.06680713948462147  0.06817999135859439  0.06964923402503002  0.07122580420191379
  0.07289405287280377  0.07381329174992175  0.07507237167464519  0.07748823328046113
  0.08252997489313212  0.08570943397202056  0.08813894255908349  0.09056845114614641
  0.09299795973320933  0.11367015240484180  0.16992761918292770  0.22618508596101361
  0.28244255273909957  0.33870001951718542  0.39495748629527072  1.00000000000000000
  0.00034846179659403  0.00040320397112311  0.00045335317054523  0.00050353210838691
  0.00055664016539956  0.00061684010856944  0.00068794329995242  0.00077407277647775
  0.00086879918585610  0.00097718512967841  0.00110364192712758  0.00124565087189004
  0.00143532575335776  0.00168752542780758  0.00205915683237784  0.00247268096952720
  0.00303356978460091  0.00377067770709741  0.00450793347490148  0.00528793534677833
  0.00620809583489472  0.00710185343507995  0.00813558658182807  0.00922977561596896
  0.01020165450318400  0.01135414806349173  0.01254793219939346  0.01376756275340881
  0.01513821374977856  0.01642950231011756  0.01754347660048825  0.01862243956716669
  0.01985667271757955  0.02135050591902804  0.02318557770907001  0.02507782005748528
  0.02696910186620610  0.02892929040077160  0.03098600197303198  0.03268684789952716
  0.03379469874247822  0.03523513712055039  0.03646395985606283  0.03733331137728574
  0.03813626306600279  0.03896620802250336  0.03990486714410836  0.04112039060044591
  0.04261902402221454  0.04407026895713499  0.04545971882203739  0.04661477029415886
  0.04847405688402515  0.05064134011305582  0.05219735246355070  0.05340962372845395
  0.05473001868357784  0.05625148454608686  0.05785730266344512  0.05933850321747385
  0.06080488965190917  0.06223720850744596  0.06356118597402934  0.06523230342587344
  0.06761953509362797  0.07053655717797302  0.07316381700073765  0.07555488735107571
  0.07751454863000579  0.07888245468832961  0.08021480177966658  0.08155984581486622
  0.08305759249326067  0.08471006817613039  0.08605774276854027  0.08813140452431767
  0.09174840765919899  0.09606672506991487  0.09998348028131296  0.10398415673590876
  0.10806631664056525  0.11172886555059969  0.11545561220979597  0.11939920610725988
  0.12349713207363038  0.12710217762740908  0.13080830225846479  0.13286264142395088
  0.13488893857402201  0.13792602922420183  0.14096311987438168  0.14400021052456152
  0.20697715757254118  0.27184814790584261  0.33671913823914401  1.00000000000000000
 -0.00064699358478551  0.00361665034942736  0.00868670708669218  0.01398184929875729
  0.02037361293814216  0.02655472697469922  0.03263729024645466  0.03853633130890249
  0.04420067379479212  0.04959802352933984  0.05513119001580127  0.06040380508252877
  0.06544501244684561  0.07086658441407143  0.07668912279676146  0.08232378967802238
  0.08840385089560505  0.09475850700447454  0.10188266191763534  0.10917178142821321
  0.11358207449384188  0.11804356087388686  0.12270399149783533  0.12820830666481903
  0.13378752191933735  0.14055597647611587  0.14727113583476864  0.15400942729092221
  0.16114297940409794  0.16786500190532658  0.17525008826602370  0.18244915200637957
  0.18968855999673528  0.19711844449498994  0.20475476519802088  0.21275513464105505
  0.22136953004049256  0.23062088551587065  0.23980569288628262  0.24920719350194656
  0.25868753026539953  0.26772736156460869  0.27739843748081189  0.28464960285361179
  0.29078627529464401  0.29608236414601985  0.30089410968302227  0.30762997674425752
  0.31488884107024218  0.32197631995814729  0.32881442761202367  0.33692223261440180
  0.34499967635592504  0.35284258547263103  0.36042833579112210  0.36768066849624498
  0.37481633368949907  0.38211452840999782  0.38911346610220093  0.39651669118263849
  0.40630009145735452  0.41834197889789815  0.43147718613790231  0.44480336913015622
  0.45739745447809527  0.46871364208016847  0.47858729364723895  0.48839384307058498
  0.49810768322430493  0.50776159762380169  0.51909080195220525  0.53219942548538768
  0.54664102109833534  0.56149125611137174  0.57731377732596423  0.59082061371069272
  0.60189061331569349  0.61127446636145466  0.62112575351249599  0.63227700221479277
  0.64574117155998334  0.66073732379629702  0.67774343446875307  0.69645908182850313
  0.71638680659887566  0.73519945601062331  0.75297764134071232  0.77127166938686498
  0.78989372023994653  0.80862561483944140  0.82893123456502626  0.85525124678279485
  0.88680896944023879  0.91540776903399512  0.94433654936366618  1.00000000000000000
 -0.00332536132043025  0.01372669039544616  0.02710873600760622  0.03971330712203944
  0.05079681978999570  0.06155720060010124  0.07264530311852128  0.08400741964217166
  0.09556274159795763  0.10784781229396630  0.12123348502147183  0.13521429762083009
  0.14927081067307710  0.16190308183563165  0.17375651582764648  0.18492984810485741
  0.19508250184506498  0.20673697255034787  0.21955796106212244  0.23237559608224220
  0.24443441183012693  0.25657010741706637  0.26927846722840426  0.28099025355615181
  0.29127038395099469  0.30018371616669198  0.31133335347450869  0.32447136261849235
  0.33478071933782405  0.34320529258747912  0.35179854110054559  0.36015498421630515
  0.36757263344394009  0.37527685372594605  0.38296691571894725  0.39220902835152688
  0.40188208420406479  0.41165599974190542  0.41986981808419432  0.42937948507514379
  0.43983275728856125  0.45124600974897233  0.46577289911913350  0.48049199190063818
  0.48991033311766402  0.49739962576235741  0.50515534531476669  0.51509265318863917
  0.52595263425618544  0.53502558550846779  0.54420544562942375  0.55659950910966682
  0.56996724282271638  0.58271416808979082  0.59350633956848675  0.60396634042393471
  0.61380074048490507  0.62406584419226374  0.63379993356830289  0.64400744173571212
  0.65459622124894967  0.66556744734353457  0.67710495573980478  0.68819002833281373
  0.69796084784827039  0.70734764235122460  0.71747793434956331  0.72785106496201868
  0.73700997773521781  0.74747541521002381  0.75894666615715878  0.77201405158104142
  0.78506832143482286  0.79822277001856223  0.81228160410460748  0.82621590593326910
  0.83745468208174434  0.84504180541162099  0.85147456794546372  0.85850248949794705
  0.86574964784412511  0.87309185001218359  0.88577181832368168  0.89782091290317856
  0.90784275230665845  0.91708200268361195  0.92499775817940044  0.93269283853579410
  0.94069079375379494  0.94970261524141786  0.95984867782201388  0.96801293935199972
  0.97517555849816928  0.98193838731376781  0.98886457007522088  1.00000000000000000
 -0.00209642247381517  0.00794209760031703  0.01822942241963026  0.02794065230161843
  0.03870111330889715  0.05028062403841536  0.06187771671925361  0.07266909297570612
  0.08307506229784672  0.09431451710204281  0.10668316087864298  0.11964842895703479
  0.13005316082685911  0.13880790412871050  0.14755703792385083  0.15613569314005779
  0.16389522347231431  0.17188389150880171  0.18074463981784950  0.19240951819734747
  0.20387271154169392  0.21248562687251785  0.22088546248172930  0.22935421324793359
  0.23898654665827077  0.25146980441257899  0.26509472275216439  0.27547635161413980
  0.28688262511296370  0.29906758036291192  0.30846395373162361  0.31567052288705372
  0.32128487274559564  0.32707190733110736  0.33443733563962486  0.34571206570701485
  0.35604923417085776  0.36786242360979360  0.37995497168176223  0.39057587410930822
  0.40136448331543706  0.41365735175198159  0.42551717739586747  0.43711888854669961
  0.44947176360087654  0.46162877255549684  0.47418542134098790  0.48761898138798010
  0.50149563311133416  0.51452961102252481  0.52778222313677126  0.54064510276606281
  0.55403932579027260  0.56664823528786090  0.57944746240012079  0.59156719648146272
  0.60280763269586435  0.61422241173812542  0.62533991868249217  0.63552295118189328
  0.64329326564046352  0.65100915055107267  0.65819828855223705  0.66458984726461146
  0.67531043863062545  0.68556047862280900  0.69591133774866709  0.70634762104079296
  0.71514408053740020  0.72730373790898040  0.73815458894487107  0.74627934139409990
  0.75292451940846061  0.75990292328115217  0.76826279262667874  0.77701690193207928
  0.78476370250636163  0.79323059148576291  0.80383135270376127  0.81339084422524854
  0.82269120739879364  0.83286010528162346  0.84349664542557390  0.85515572550417462
  0.86711513078836822  0.87851718794540801  0.88916995002757138  0.89894010156904824
  0.90817807520600513  0.91769198031804522  0.92846739535134359  0.94111772938109117
  0.95532570659354421  0.97004996912188823  0.98483050786705084  1.00000000000000000
  0.00401124714546366  0.01762180671552219  0.02668930126052328  0.03317102360671281
  0.03858510697692000  0.04325484227459437  0.04709013834505286  0.05024121943168408
  0.05316835220732709  0.05612837457830348  0.05906821062294101  0.06254599417441116
  0.06551359841174816  0.06836031457763533  0.07120038748392792  0.07411232778330075
  0.07744847181300243  0.08099485226458597  0.08423656558182838  0.08683378842096515
  0.08949352020332467  0.09222514637882503  0.09497146173394218  0.09749017694996739
  0.09985934965664511  0.10224020759959412  0.10481110192675309  0.10774484406826633
  0.11059394315820889  0.11309387845405991  0.11520149756918165  0.11736623309565271
  0.11949858267436490  0.12186022570603677  0.12407648288183581  0.12625350792618717
  0.12830778433786016  0.13063620098302930  0.13327585907809558  0.13577220852181615
  0.13819625965389723  0.14050225669206379  0.14258976513467950  0.14429394068639448
  0.14575377226330946  0.14717085049835438  0.14862860401418279  0.15002489273939920
  0.15160632022167855  0.15322658615407642  0.15494368323491736  0.15671040845297726
  0.15842906022913592  0.16016705743965556  0.16240185124503009  0.16528452813695252
  0.16874772960462084  0.17171383560161738  0.17514779754790868  0.17881649364917193
  0.18247944212002176  0.18653974673649071  0.18982543075035174  0.19318650892676048
  0.19677881004463729  0.19981823617258287  0.20285501169554132  0.20663223543390627
  0.21159256210416735  0.21683725792982739  0.22100284927864761  0.22489489458092879
  0.22877369948568008  0.23245603987389965  0.23630709649163037  0.24050664670505029
  0.24498141903667187  0.24966040076019877  0.25695254594256378  0.26693756757594916
  0.27795778981639535  0.28963190987940379  0.30042068812520661  0.30709348087439242
  0.31143933130351997  0.31559396795391059  0.31950714407496983  0.32712970831614219
  0.33641318561461164  0.34437591345580743  0.35115443620465325  0.35770258603623400
  0.36485261582865852  0.37791912568055175  0.40767333276152112  1.00000000000000000
 -0.00178107243979349  0.00816544235540693  0.01632285459595332  0.02509276108962000
  0.03435333699345264  0.04375422603913412  0.05525348969790909  0.06481439102779223
  0.07406750003275513  0.08326696842737703  0.09427214251217518  0.10631083089606799
  0.11825407722335370  0.13102154480514108  0.14190987484794987  0.15032762016475590
  0.15771985670374356  0.16531342778911778  0.17466951770061848  0.18604265452960764
  0.19729497474056487  0.20731920424513231  0.21692199239091806  0.22752520079717203
  0.23837096412784536  0.24896214142813744  0.25993891741743291  0.27125138083144751
  0.28143196062322756  0.29013833883536005  0.29940807388519475  0.30939340300035434
  0.32062589661396013  0.33456777657754388  0.34849937945894710  0.36205791996855818
  0.37526882018707641  0.38797552959808052  0.40000915265839621  0.41118156900592923
  0.42283357237122138  0.43604355957387320  0.45217225330158461  0.46772689833702996
  0.48102914797932478  0.49303012643103178  0.50579876975529647  0.51546675933045927
  0.52723297812484071  0.54172069294807423  0.55868775631142276  0.57701281128296733
  0.59382460409077342  0.60881676267554108  0.62359573071180718  0.63773426754889906
  0.65120703521845702  0.66342409415722525  0.67490502230014249  0.68499400955339662
  0.69385756977091395  0.70147640879515316  0.71310988270192166  0.72583085548057857
  0.73960258608144003  0.75270498676079434  0.76427175112834522  0.77549176005967491
  0.78484148327914782  0.79129499789713009  0.79856823970653712  0.80562736918599964
  0.81243145013237361  0.81982062997425331  0.82667556262746300  0.83419109340109565
  0.84322618202852151  0.85298264465510820  0.86396865079388774  0.87340727963634524
  0.88228999746237491  0.88980193460407708  0.89707420034652285  0.90399094722717488
  0.91213212667863275  0.92069617603428522  0.92917096230820639  0.93732224351765991
  0.94429029859528324  0.95101757936621234  0.95861539458111689  0.96795675297638772
  0.97695822972204094  0.98464793728118316  0.99193736921662790  1.00000000000000000
 -0.04519568178890962  0.57838877470454797  0.67523234771071117  0.72873100331723550
  0.76047049645765630  0.78226852317528672  0.80138864934994747  0.81726498839432349
  0.83121272563691562  0.84397715988010791  0.85548580579251721  0.86346467739583543
  0.87091919430007458  0.87761104186452865  0.88382824329322363  0.88919490489573261
  0.89398563003433440  0.89847676961344392  0.90264077407575705  0.90680199499056080
  0.91055523132084903  0.91405207963793422  0.91725457393539744  0.92023442104387743
  0.92309020872710734  0.92584013223509165  0.92819843438998284  0.93025014327492073
  0.93222245847785645  0.93415945089643582  0.93607036330066706  0.93763758771111916
  0.93923281357122923  0.94082045315243190  0.94252553465541600  0.94412733628840284
  0.94565463675569472  0.94711721866382836  0.94859986020044551  0.94997748276803140
  0.95124772893040710  0.95237912895070254  0.95346170011147335  0.95459990893645741
  0.95574371350976728  0.95687859292089528  0.95800056936708045  0.95907571191300667
  0.96004240762866688  0.96092863499791747  0.96174869693741738  0.96259608951060360
  0.96343998474653758  0.96443474051648270  0.96546181019883348  0.96648049825915483
  0.96746756403057654  0.96838039309231627  0.96932472379265811  0.97022398125483789
  0.97107790397152238  0.97188606333011685  0.97265903255429931  0.97342551957503765
  0.97421346341058901  0.97484358617283295  0.97536066728040960  0.97585876908550406
  0.97636740876560746  0.97691596427961191  0.97746224963299466  0.97792873179398276
  0.97827544001360800  0.97862640500134290  0.97897469809699789  0.97932739502220245
  0.97980444516244425  0.98027864836832856  0.98079037640288536  0.98132099216880564
  0.98186152816364236  0.98244942058664642  0.98307345847299965  0.98366557780238295
  0.98430023037467473  0.98506528572855279  0.98587021282661225  0.98671016610922668
  0.98766262107359026  0.98845472680366198  0.98923945015021786  0.99006037420204729
  0.99098560600830643  0.99223232336436140  0.99444905374569348  1.00000000000000000
   4.3648026211013583E-018  -1.0000000000000000     
 F F F F F F F F F F F F F F F F F F F F F F F F F F F F F F F F
  <DiscreteSampler_grid>
  grouped_processes
  1 # 1 for a reference and 2 for a running grid.
  10 # Attribute 'min_bin_probing_points' of the grid.
  1 # Attribute 'grid_mode' of the grid. 1=='default',2=='initialization'
  0.0000000000000000 # Attribute 'small_contrib_threshold' of the grid.
  0.5000000000000000 # Attribute 'damping_power' of the grid.
 # binID   n_entries weight   weight_sqr   abs_weight
    10   10   1.445593505310771E-010   2.080079597323812E-019   1.445593505310771E-010
  </DiscreteSampler_grid>
