  0.00109477280317099  0.00141969796934855  0.00165064591383484  0.00186645096941561
  0.00204835725031773  0.00220396052727186  0.00233975270917752  0.00246835182910611
  0.00258888247164543  0.00270528231240722  0.00282766119472705  0.00294606104675536
  0.00305906927910603  0.00317204402066581  0.00329251231741305  0.00342163568925986
  0.00355736487653599  0.00368935268836957  0.00381850661632647  0.00395054669840437
  0.00407885283056436  0.00421553116173496  0.00435032054538165  0.00448100267742914
  0.00461118570038423  0.00474912707347059  0.00490803269944785  0.00508330698832788
  0.00528393435165540  0.00548267228695932  0.00566836701949815  0.00584441173319514
  0.00601684255040995  0.00620063495035973  0.00639491975089028  0.00658775847724357
  0.00680289219065766  0.00703968382645462  0.00729974159942360  0.00758717654534560
  0.00790292358842856  0.00821167266684657  0.00849748904461600  0.00879745401888684
  0.00908147667919952  0.00937069550686935  0.00966859058242897  0.00997953998908719
  0.01030340557800765  0.01063924307029607  0.01097477184736638  0.01134151725056678
  0.01176146870844028  0.01219265567254325  0.01264579406370692  0.01311455336353218
  0.01359622698756689  0.01412637548923222  0.01459712092521173  0.01509436412022279
  0.01563097575499253  0.01614237481389230  0.01660856641319940  0.01712763150729965
  0.01769585404532392  0.01840640217723706  0.01921444160958595  0.02008344540824092
  0.02102656360828696  0.02204852698823231  0.02306046292856920  0.02415665579115202
  0.02544656688019735  0.02686263781298181  0.02886837479073691  0.03073522116400519
  0.03287657016309437  0.03591210089995556  0.03967967491408025  0.04191860342702682
  0.04379104446431082  0.04558734776371617  0.04752009815133816  0.04982277624659889
  0.05321421207148358  0.05720508479624469  0.06046666893240378  0.06439664142858820
  0.07013802000739401  0.08004862431804152  0.09396407474434371  0.11395287804703440
  0.14033641422254542  0.19355452340427276  0.30029795993388819  1.00000000000000000
  0.00000205697118975  0.00001283663260668  0.00003344671557737  0.00006674984615447
  0.00011208020138470  0.00016344120286417  0.00022960586319190  0.00029231987629382
  0.00035527930820645  0.00043552884557108  0.00052258719084269  0.00061055541616144
  0.00070648033134875  0.00081149631462003  0.00091885872714701  0.00102701696215318
  0.00113454412637400  0.00124453184084560  0.00135697456701575  0.00147238371551781
  0.00160772533637118  0.00175660802426350  0.00190153844259422  0.00203981200841500
  0.00218205881792375  0.00233824434615473  0.00253768039241737  0.00275596804083874
  0.00297028407463677  0.00318127503678711  0.00339375949796062  0.00360828256642091
  0.00382710361136111  0.00404836175859769  0.00427658238933997  0.00452785517022998
  0.00481343050355098  0.00510093925042666  0.00541100855654715  0.00577332773257267
  0.00616437327830990  0.00659177759847574  0.00707589303995417  0.00762166831284964
  0.00817277985957512  0.00868894999505383  0.00918014822039202  0.00966014972491063
  0.01013904828276344  0.01058381426360169  0.01105185318073312  0.01151721586230111
  0.01200720720882934  0.01253830417469602  0.01307926648190281  0.01361560246181170
  0.01423372858172371  0.01482087510222988  0.01542018134334822  0.01606260046404415
  0.01673352880699567  0.01739965961141591  0.01800142466484387  0.01878485722459485
  0.01966217788826871  0.02067714087423068  0.02174045227975935  0.02278190466565169
  0.02383699331019938  0.02493990905851796  0.02618189882214817  0.02771469659446910
  0.02928966329408918  0.03085331697345512  0.03234316397750801  0.03406932258815461
  0.03614353257851639  0.03836798826356726  0.04062973209716068  0.04292801829950853
  0.04531339694521796  0.04779394434935495  0.05086560975040961  0.05376525521942192
  0.05718131749680139  0.06050907475449972  0.06406759918036324  0.07262563125597114
  0.08208983900731287  0.10113306711061824  0.12072983176840169  0.13540967100641019
  0.15539460987507644  0.19379645411048460  0.31360280498878240  1.00000000000000000
  0.00035195938020282  0.00070650877295034  0.00101865021397333  0.00133083542434282
  0.00173896811178203  0.00216513292305975  0.00260027698585252  0.00305429429563716
  0.00349093350059092  0.00397147845273547  0.00450733804324181  0.00503699922926143
  0.00555112815161022  0.00609330437090312  0.00670151609691243  0.00737066325685529
  0.00805209673845336  0.00874492138123896  0.00943795752662198  0.01009993770350171
  0.01073621232644261  0.01137719736933861  0.01203870036985281  0.01275023696861999
  0.01351951151066433  0.01438534515937718  0.01523868789377882  0.01607130402479622
  0.01697943021436678  0.01775967379370448  0.01860340937894327  0.01940746207070513
  0.02018817439077118  0.02093336476183730  0.02169813245434503  0.02266086718595346
  0.02355325950921313  0.02441820948159509  0.02525877206001476  0.02625169205991073
  0.02729896671169050  0.02834282156898340  0.02940102771151397  0.03052608968030392
  0.03168359861866011  0.03281230357445927  0.03391987600057871  0.03512831956555618
  0.03644324904634725  0.03775533490890491  0.03901770855502588  0.04026860738483867
  0.04170773935724367  0.04319469982889917  0.04476353871104096  0.04647333840960343
  0.04862139746954974  0.05097801341216338  0.05344058520020229  0.05608899423249532
  0.05821599861816890  0.06029036687949973  0.06239681345096061  0.06464973136143916
  0.06712568101471635  0.06987724824239332  0.07371039303640331  0.07756591661210897
  0.08166586118058998  0.08649578901766275  0.09286542248959841  0.09897496217429533
  0.10499107061497746  0.11076501741819759  0.11608875634953918  0.12106111248262823
  0.12457854728072047  0.12718195185121112  0.13041952391172715  0.13470309646186315
  0.13848981566515364  0.14241669767770468  0.14704882312417930  0.15213966840063256
  0.15532550557746094  0.15917890316373037  0.16330186817103137  0.16764444243870208
  0.17388716058226358  0.18532937443663774  0.21861302710909217  0.23413074004514650
  0.24401160641870859  0.25634700102677893  0.37778651872899066  1.00000000000000000
 -0.00281720797184318  0.01039025239565191  0.02086819358361309  0.03004511549458264
  0.03895992817555840  0.04772610339645349  0.05750315117422377  0.06740013150304008
  0.07789763697852484  0.08767252891242815  0.09654787258832453  0.10503582554412444
  0.11355052777589407  0.12287442589476674  0.13290465895558690  0.14317761022463721
  0.15410619086965843  0.16446653451429852  0.17436492056400296  0.18450791011610854
  0.19462619610495516  0.20545508031008938  0.21709902765692510  0.22745913416158348
  0.23645524408484664  0.24469029191689862  0.25330997619187823  0.26273421558370980
  0.27271727437074744  0.28264063127142541  0.29313910994672376  0.30422400256773091
  0.31585867956021080  0.32700545158959021  0.33845597967803087  0.35050270241329279
  0.36137849768802732  0.37207755573535295  0.38238025043644763  0.39280616626431591
  0.40295643771981565  0.41268098843096834  0.42264561064454831  0.43298762894517612
  0.44397593640231714  0.45488017566911981  0.46540780700498180  0.47593174071579136
  0.48624204852714714  0.49628095917087095  0.50637151879210829  0.51665115491622493
  0.52689804935433149  0.53703217252038493  0.54782547113007074  0.55888982819514132
  0.57007576030226270  0.58141928812050880  0.59338582665995387  0.60571473368525153
  0.61760337426010514  0.62912447769597279  0.64006815975471398  0.65100279237078429
  0.66060592168164578  0.67098858035749476  0.68104695904524581  0.69121033006689059
  0.70020151809852915  0.70890929171309591  0.71808445398461029  0.72804801555022203
  0.73921834855431146  0.75114965640098008  0.76309168382749371  0.77509385200810577
  0.78661122233935066  0.79801646052017894  0.80956916907293353  0.82067928815905578
  0.83129414110850208  0.84156486632628458  0.85134436546827941  0.86084294357696578
  0.87018697147974244  0.88015409410543843  0.89038912854343299  0.90105322741991800
  0.91191983017302380  0.92356727640787750  0.93675663800439746  0.95135133211408640
  0.96579052025678847  0.97820109342874206  0.98932452447968677  1.00000000000000000
 -0.00161493988675975  0.00751515372961618  0.01616761184973534  0.02520388046963941
  0.03428776322849462  0.04365979327321797  0.05306651078361919  0.06250683727527855
  0.07248945130714003  0.08271451211995282  0.09345157712643314  0.10443955108713469
  0.11571381733457747  0.12746143946877317  0.13920982617903965  0.15006510264869816
  0.16005585057122332  0.17018453468347355  0.18063409182933371  0.19066402931995807
  0.20043836382610433  0.21075344491696976  0.22280831462197076  0.23398277000372592
  0.24277908020888908  0.25151507138290791  0.25991140708284421  0.26819723047606669
  0.27709793755146273  0.28630689942725629  0.29733020084756179  0.30922293925206501
  0.32104932245662565  0.33247643034302804  0.34346656732952591  0.35448380326998863
  0.36589552838875339  0.37717117530429889  0.38780176319870047  0.39813489663299700
  0.40811106070522174  0.41731764420531342  0.42620913560859996  0.43542371564177407
  0.44663390442144268  0.45941740754805765  0.47150087809978541  0.48280850156645533
  0.49407296859318461  0.50577276511746461  0.51877209997668916  0.53183592263952106
  0.54380038173624101  0.55468884288026488  0.56456862957256682  0.57403829337929357
  0.58381410172392312  0.59367256978443483  0.60407178509794823  0.61464118227820785
  0.62474395303805608  0.63425388559306295  0.64342121307114808  0.65343245439311592
  0.66437758643564904  0.67563212697223285  0.68760401917195735  0.69934072789731638
  0.71208470419862724  0.72497226561049910  0.73696924883811255  0.74855441606578299
  0.75981258634796434  0.77147537060150784  0.78253463513687127  0.79353023958301516
  0.80397642555517568  0.81418707061588280  0.82474571432006161  0.83521953683699102
  0.84573240460808041  0.85714442702652083  0.86895030468804613  0.87953456500094962
  0.88855319576879621  0.89713883910028125  0.90606351412513564  0.91581142663466586
  0.92577585721704847  0.93552827828617391  0.94577771455346349  0.95580232535106313
  0.96682935652296542  0.97778186309533499  0.98953707538720947  1.00000000000000000
 -0.00268659961541623  0.00910831928276420  0.01913521611375160  0.02846107173768761
  0.03787398389132046  0.04763563720262507  0.05678903272431350  0.06572774708480060
  0.07489864404519649  0.08544900721087745  0.09540513075485153  0.10409765277854349
  0.11372024240510914  0.12428544646548027  0.13523224755735724  0.14596942901607682
  0.15704747663649990  0.16833020522599412  0.17955316625267675  0.19101971573398072
  0.20234480987897085  0.21311930070297988  0.22359147310032260  0.23429618274500003
  0.24552436307064526  0.25668144214507704  0.26783952206157641  0.27921568000461927
  0.29136899786500031  0.30423044077812156  0.31619755019482082  0.32716751165392344
  0.33810947075357334  0.34930325087285874  0.36221636985120736  0.37512251643128247
  0.38554610468859601  0.39713300603079915  0.40783937348861493  0.41753695777950567
  0.42632570216275756  0.43624030602128600  0.44666479398546616  0.45724910206619884
  0.46722680600032801  0.47810483798612607  0.48850122373318489  0.49800129850877661
  0.50704730245053786  0.51623809850241609  0.52524576173202819  0.53437432052630318
  0.54329356237238857  0.55379989212689651  0.56259832165019874  0.57216137759361407
  0.58325173598487456  0.59505310972644498  0.60618429292655629  0.61593299096013987
  0.62549662008170315  0.63560257223880734  0.64638707379511973  0.65790520037637112
  0.66938790486322264  0.68018686538066553  0.68972106782181242  0.69809922111595157
  0.70622163627499523  0.71488692177256052  0.72491651833970572  0.73824971855532329
  0.75241652958540828  0.76472526858494250  0.77557959641854302  0.78615513330589937
  0.79762842008120349  0.80973435566081353  0.82064079080445806  0.83033076988124710
  0.84066548460924917  0.85198323063260184  0.86463206137115955  0.87778820062052698
  0.89112466399308399  0.90372066637613957  0.91519330776064856  0.92539270885696079
  0.93489045076595079  0.94453395120367056  0.95381115725187304  0.96267641776703983
  0.97150131424765040  0.98064479284534489  0.99020239991450054  1.00000000000000000
  0.00567061091202093  0.01073472139976925  0.01682860890778116  0.02152283117399739
  0.02529078638601456  0.02878515413338162  0.03212700684139608  0.03535698852883670
  0.03849941006016927  0.04169219135286435  0.04438269774667558  0.04707445916993302
  0.04975358140107141  0.05236272996438885  0.05492828899699662  0.05750897393508407
  0.06001633813254399  0.06256555081525836  0.06514542963455298  0.06775147976885439
  0.07037749512257001  0.07298729504154637  0.07546821690404779  0.07792716376817108
  0.08025372924115981  0.08270391760154369  0.08518405408534771  0.08775584791394822
  0.09043777032762493  0.09322612625040420  0.09616388947867355  0.09916051308593023
  0.10224851305910657  0.10534835007140601  0.10870807399918216  0.11205060068181269
  0.11487815644174182  0.11758277050320384  0.12045226838677672  0.12304627893928249
  0.12528204603904547  0.12732064477888994  0.12935341877644230  0.13139839367592887
  0.13358623410253598  0.13579098480325327  0.13796085227893334  0.13959403606588597
  0.14131236523310470  0.14305240891809504  0.14480199078657910  0.14664380845408834
  0.14886904113045896  0.15116692016383679  0.15361808374720354  0.15642252652894620
  0.15966537586744009  0.16263464085140608  0.16502431123309910  0.16705664183272173
  0.16900015533140469  0.17121583340083474  0.17351647467748774  0.17587792509145889
  0.17813731102509264  0.18086167590099617  0.18436383609440135  0.18829863549210060
  0.19254624997069031  0.19682094377943729  0.20122465859356661  0.20554239294419455
  0.20940933993820721  0.21324850377707288  0.21753029131733839  0.22258291054831897
  0.22825357255167150  0.23430496929451600  0.24006839801315333  0.24600410294758268
  0.25125862559358891  0.25595747571947142  0.26058275603168490  0.26548396726822215
  0.27160062629457349  0.27898643791617661  0.28874243647847597  0.29880787009431370
  0.30880387561291373  0.32249763616774607  0.34333775830288943  0.38576681295264631
  0.46149003554939272  0.52093706932011552  0.83055368042002731  1.00000000000000000
 -0.00310736722631282  0.01428834483853567  0.02974943946414017  0.04597162545917577
  0.05930689118851588  0.07090458805005241  0.08282946331918478  0.09529676610585587
  0.10717842256250303  0.11950656476440434  0.13273771334749954  0.14721950871315265
  0.15849437605657427  0.17031071911518406  0.18190827650108768  0.19254845782124824
  0.20293988132620402  0.21460516914477948  0.22702226356268218  0.23802970277934524
  0.24849057763489613  0.25878706279340735  0.27003333532713414  0.28123542125536549
  0.29326375565236179  0.30596046592350806  0.31850661688532284  0.33056907190585572
  0.34261983750776193  0.35466604509822675  0.36593790799550230  0.37677449073350061
  0.38681493268574602  0.39652077318935047  0.40540653577174407  0.41444422907147765
  0.42353501082276357  0.43230422005762220  0.44046245348320395  0.44835279192109961
  0.45661021324577139  0.46467489330521683  0.47239787064081079  0.47984751091803035
  0.48716674501383489  0.49451959193763767  0.50222365136005309  0.51151690701879504
  0.52106704982497987  0.53073925113757570  0.53945117191082748  0.54788705690706074
  0.55620113644524027  0.56449763539883346  0.57333089569238449  0.58242283515663185
  0.59125402011290307  0.60009962849528420  0.60862846113416813  0.61789204656697583
  0.62659284053694819  0.63610029110158917  0.64498544284320514  0.65291058368892385
  0.66071108242360366  0.66942948999577190  0.67830291111008056  0.68690877965857167
  0.69475140778411859  0.70288038310918766  0.71109987740619962  0.71945942003136631
  0.72853663847290540  0.73794654837365981  0.74669553820098045  0.75417925622131421
  0.76172515273810160  0.77090707938987502  0.78177057290532714  0.79346829373840433
  0.80482823903700307  0.81750243453378280  0.83093931375261409  0.84593169658608680
  0.85948471455252629  0.87117777535286478  0.88235122666861676  0.89476337103935666
  0.90524595978272215  0.91792236706082042  0.92942566746296507  0.94184875830174553
  0.95409691116251205  0.96824270498304688  0.98351802895103790  1.00000000000000000
  0.02146516222414298  0.30316593260060809  0.40207834887418586  0.46282798607840009
  0.51013112791814885  0.54779777206887525  0.57894000246415844  0.60333101676819378
  0.62431830849356829  0.64267681552835187  0.65937939053110051  0.67434951435415913
  0.68876708165076839  0.70326568745514784  0.71633317253796691  0.72826042525301593
  0.73899886234840217  0.74908383201415119  0.75866264005270245  0.76820518129940074
  0.77662781421003846  0.78471896537687924  0.79255339617096621  0.80025609810775178
  0.80727615018992682  0.81346392239975107  0.81891883089916895  0.82438690486070909
  0.82995152379475823  0.83571057545153538  0.84116713940968446  0.84635310797371566
  0.85132205119334070  0.85591115143715346  0.86012408645084826  0.86411753439967942
  0.86812106334422112  0.87189456355570250  0.87564236369462523  0.87892711823973646
  0.88207485611211012  0.88519713110582821  0.88831369111005387  0.89150857071385470
  0.89474922527315137  0.89772397366270074  0.90041114429834712  0.90307649050805383
  0.90580275321576498  0.90859069896091493  0.91136425938532983  0.91399768861137198
  0.91660510824358155  0.91908820991172102  0.92156478350689097  0.92397809898583660
  0.92629386870253594  0.92850866491293993  0.93063817846166164  0.93272931747729615
  0.93479004494187878  0.93681305651855751  0.93879163490684925  0.94070666648009760
  0.94250390327922140  0.94427588268229012  0.94604174564350452  0.94784603411670443
  0.94967080971261053  0.95144929838659131  0.95318233184144818  0.95491154679468337
  0.95661982375569443  0.95833056967597818  0.96004344156118016  0.96171581434980535
  0.96327844128669671  0.96485353955226338  0.96636279767667521  0.96790680064772583
  0.96949014000850553  0.97109031022579251  0.97270454082979552  0.97432807609107175
  0.97595267713223910  0.97756187889246093  0.97913525976536830  0.98066032461820596
  0.98222802331634018  0.98378870075334213  0.98532804949467445  0.98692327885890452
  0.98873127926593074  0.99100548003071531  0.99431865915122641  1.00000000000000000
   1.2941938643265643E-016  -1.0000000000000000     
 F F F F F F F F F F F F F F F F F F F F F F F F F F F F F F F F
  <DiscreteSampler_grid>
  grouped_processes
  1 # 1 for a reference and 2 for a running grid.
  10 # Attribute 'min_bin_probing_points' of the grid.
  1 # Attribute 'grid_mode' of the grid. 1=='default',2=='initialization'
  0.0000000000000000 # Attribute 'small_contrib_threshold' of the grid.
  0.5000000000000000 # Attribute 'damping_power' of the grid.
 # binID   n_entries weight   weight_sqr   abs_weight
    10   10   1.658429910414591E-010   4.181077389127270E-020   1.658429910414591E-010
  </DiscreteSampler_grid>
