  0.00010986327184454  0.00023111728405464  0.00036410326020357  0.00048300441078935
  0.00063870674138140  0.00081226249146755  0.00095038151403090  0.00112946603998041
  0.00137743895273018  0.00161357042377310  0.00185511688473813  0.00206638522651565
  0.00229498580140973  0.00253267196443742  0.00291598115759968  0.00336656877991516
  0.00380811607781661  0.00428721488139002  0.00472709306480832  0.00526327535061671
  0.00570673661722021  0.00614886957554763  0.00642624626610030  0.00677784273823923
  0.00717488279130139  0.00765793391230904  0.00816229381287662  0.00860704955295851
  0.00903642897385509  0.00949928870038391  0.01006565479059035  0.01074788546244280
  0.01148259422243234  0.01225133605787966  0.01302345154112348  0.01379656575648883
  0.01458321566088447  0.01542802864548840  0.01627404615349233  0.01715216301035936
  0.01817341415005102  0.01948360651200554  0.02091871845005897  0.02198634570791931
  0.02273473928541124  0.02354582941131962  0.02440313551312610  0.02523180846201331
  0.02637720961347505  0.02765393230863461  0.02883620556413016  0.02990589079111675
  0.03093965345304178  0.03186801456014671  0.03287567287268178  0.03398805555122170
  0.03505973859503610  0.03637074106614752  0.03766972924186147  0.03911549507211765
  0.04095051978252322  0.04256366664717311  0.04434867500765941  0.04609036206945804
  0.04725460084064070  0.04833508173972333  0.04952220947689859  0.05103506771240224
  0.05251176928634679  0.05416768745935595  0.05802551637132673  0.06196858231183733
  0.06568413128965062  0.06960508639703424  0.07463334381406726  0.07894832038223290
  0.08336641239339677  0.08822632342951775  0.09354426050574963  0.09896383402204210
  0.10369339806306564  0.10762482180115401  0.11306842766451661  0.12179657716050638
  0.13153459927589650  0.13731011021804809  0.14040513395797657  0.14350015769790503
  0.15551953723778991  0.17061680858723843  0.18571407993668698  0.23509869108043416
  0.29415095317597201  0.35320321527150983  0.54193534114986819  1.00000000000000000
  0.00000186088735307  0.00000521726304225  0.00000753408061396  0.00000988409120602
  0.00001226076033670  0.00001471973849766  0.00001757842119005  0.00002053299129822
  0.00002389933960541  0.00002871292127924  0.00003637821482885  0.00004468348198079
  0.00005246664297646  0.00005965293014265  0.00006644035493603  0.00007452125167273
  0.00008634395532658  0.00009833790378314  0.00011047890896954  0.00012649792656799
  0.00014353493143959  0.00016178638305390  0.00018390563134620  0.00020969908234932
  0.00023346323826272  0.00025622068280299  0.00027882959557671  0.00031346860653394
  0.00034835432980711  0.00038339919428655  0.00041547080436298  0.00044770077015021
  0.00048203344687872  0.00052908345139930  0.00058317172966332  0.00063910455496791
  0.00069439305563988  0.00074502745012683  0.00079782211305028  0.00086192100415155
  0.00093305834524306  0.00100335574532386  0.00107247239554923  0.00114952102040033
  0.00122196564482656  0.00129005844819015  0.00135717226564952  0.00143542450938965
  0.00148934372725997  0.00154687752187044  0.00160880461281748  0.00171667706268507
  0.00183995955519722  0.00196076522579249  0.00207345344568822  0.00219379615972760
  0.00232319012120004  0.00246274399692925  0.00262265036347821  0.00280776740732632
  0.00300090190790088  0.00318497030634467  0.00336058796987957  0.00354149383090473
  0.00375194993373744  0.00399486215223970  0.00425848106489241  0.00454003126389423
  0.00489373587714167  0.00531514206032299  0.00575700467455722  0.00617544442879008
  0.00662471763041334  0.00711231436008690  0.00767813918150677  0.00839701390277671
  0.00937041241848282  0.01015982946739940  0.01109417884748309  0.01220098735995102
  0.01355731274717834  0.01489408655147149  0.01628360462781904  0.01785385053603762
  0.01972473028105753  0.02180384697462247  0.02443751793001616  0.02843948959189166
  0.03174190774024636  0.03530924288907419  0.04128364506705536  0.05113666344242012
  0.06124894117944184  0.07289202478005111  0.13725025020758855  1.00000000000000000
  0.00001185196482563  0.00001973059735236  0.00002471834351925  0.00003526053248942
  0.00004457840060985  0.00005713657974821  0.00006523927657721  0.00007314919602309
  0.00008173199973236  0.00009169602697263  0.00010295615164138  0.00011374484881051
  0.00012396211254327  0.00013916192020197  0.00016474378184503  0.00019309013466495
  0.00021274925582575  0.00023668744631090  0.00026562658934116  0.00030642468570250
  0.00036183007200481  0.00041792924734499  0.00048715693387533  0.00059792135051165
  0.00079251789969193  0.00104683894404488  0.00133824699078711  0.00162315848562183
  0.00191270646100570  0.00224343465673162  0.00262900969930045  0.00314002383051646
  0.00363825158470700  0.00411205968663235  0.00460448181825313  0.00512655963110851
  0.00580900447003897  0.00645322906612674  0.00711515206349021  0.00780183903731471
  0.00847743449254849  0.00926365837117240  0.01006904766269283  0.01094396350442297
  0.01180625849734344  0.01264650438257428  0.01356982964131945  0.01464342225804046
  0.01585696698306319  0.01710310792260170  0.01835266200756710  0.01967864723058847
  0.02096581063596647  0.02207376067793643  0.02308127894007814  0.02405962464621521
  0.02509135760043621  0.02650013182180195  0.02788622185209621  0.02904353086504125
  0.03041874675451917  0.03188767300115492  0.03353109423046000  0.03601038615522077
  0.03867444285921436  0.04108473788458873  0.04370461407721304  0.04689191141354832
  0.05050342968416158  0.05371587219239456  0.05622032780714416  0.05837747928784839
  0.06071495812181024  0.06308278626886824  0.06576084338942999  0.06843890050999173
  0.07258394066720290  0.07733118771849148  0.08243374912845772  0.08782283047048345
  0.09552242422830889  0.10192037688043280  0.10745777644875633  0.10991072453960454
  0.11356711910093038  0.11696664131063311  0.11976519992109437  0.12252537283390300
  0.12780181832042764  0.13118957060134487  0.13209711665033330  0.13300466269932171
  0.14142663048090634  0.15088551177054543  0.16064886328641242  1.00000000000000000
 -0.00156663212861715  0.00864046170656313  0.01834679653455659  0.02753961217390467
  0.03589615917864411  0.04487425951331560  0.05478043882646028  0.06766966485644693
  0.07962338838160640  0.08976931456202916  0.09961830607559723  0.10592702585173197
  0.11156369076161041  0.11653957698506867  0.12198359371808032  0.12738272503613340
  0.13372711751977154  0.14108070289799998  0.15121027211486296  0.16523414682741255
  0.17620131188798566  0.18823272714927186  0.19995649879302330  0.21227614682075194
  0.22478443958862751  0.23632638553017704  0.24784652840731863  0.25827536661992345
  0.26931770065271782  0.27816397815430011  0.28547456711923447  0.29273621054412774
  0.29984519527064674  0.30869518294015480  0.31963534001673050  0.32955781220791225
  0.33862362841890736  0.34817530132814356  0.36048724273461119  0.37529305562542764
  0.38845055225254460  0.40119670838103566  0.41458260460868684  0.42768389809903545
  0.44072658160472739  0.45407769686362548  0.46890271444231035  0.48504181652924261
  0.49862385439194040  0.50970216670647095  0.52033679153798784  0.53106827526826128
  0.54022247473597307  0.54767634143207322  0.55433430722146371  0.56086310705204145
  0.57019282471708110  0.58363996343249247  0.59332891242638952  0.60209845898365688
  0.61073874905433856  0.62088245115739960  0.62985651875241766  0.63858262099899699
  0.64802591526483733  0.65901559732696258  0.67584550299760160  0.68991243024076609
  0.70185159939924702  0.71322388801174075  0.72482972062355300  0.73665648276493423
  0.74784189357332831  0.75845928150985487  0.76707921799326673  0.77589776458967108
  0.78448838505721286  0.79250256089299598  0.80232069563698838  0.81673405289844003
  0.83350073054719986  0.84873221504328422  0.86210763528441881  0.87398718237791173
  0.88576810662645700  0.89798977677913117  0.91109911356919371  0.92462810864315048
  0.93410964942361818  0.94229954550259343  0.95021788070066804  0.95817348116674572
  0.96767964077940771  0.97869890617567090  0.98984109959485012  1.00000000000000000
  0.00014549901031858  0.00713079340561288  0.01249599549979404  0.01684008951050311
  0.02067266023735365  0.02384189386720456  0.02705169611605939  0.03060536687745119
  0.03432731213858566  0.03785261106726601  0.04130215877126938  0.04476978206227587
  0.04804055641328212  0.05111497909608973  0.05368149264660517  0.05595472609818244
  0.05821171450474229  0.06059946587746651  0.06328917027075960  0.06589756460260343
  0.06810673115968774  0.07027416631709374  0.07264685595644857  0.07591894872762149
  0.07910276220174693  0.08246478410499995  0.08489792203425418  0.08695176110231835
  0.08911762296842585  0.09133651551065886  0.09409422305604349  0.09703773017765709
  0.09951709648305170  0.10181532744715609  0.10459764958373230  0.10694286286919606
  0.10856034854989539  0.11017811855956226  0.11179887952727442  0.11363138178154306
  0.11602995060744090  0.11924504302274033  0.12299771751890497  0.12684294392288739
  0.13122290250791663  0.13426030763403921  0.13718344036933977  0.13961732243827299
  0.14120175073152916  0.14264490832556162  0.14416862345844295  0.14537401779626419
  0.14706019809024959  0.14902719803599210  0.15030391378676156  0.15136322690792892
  0.15317262990749017  0.15531236816844313  0.15741445735998774  0.15948284329644183
  0.16155122923289594  0.16451704046997975  0.16756465538399173  0.17040708718915398
  0.17317559722176851  0.17596589687704389  0.17910154301135600  0.18325676879924480
  0.18742726316538116  0.19217664683864655  0.19973426341461073  0.20627981997794373
  0.21200307665406565  0.21877029469786949  0.22726161804746450  0.23523273407723466
  0.23987576842306335  0.24454215387779929  0.24937447149780653  0.25457749961906745
  0.25802386430986662  0.26027396068955921  0.26333592747428247  0.26550350582041932
  0.26801472490764605  0.27548844102258613  0.28948598362913119  0.29451109241904555
  0.30328635577909074  0.31403318664299140  0.32492856891122734  0.35890456242237334
  0.38214126813036781  0.41988897032929362  0.45762614770822813  1.00000000000000000
 -0.00307195422132719  0.01651321682532311  0.02911926770203683  0.04010193501655990
  0.05114529174020475  0.06072640645578556  0.06846625755609627  0.07639131236593646
  0.08512101010890800  0.09494958180522799  0.10254451015605588  0.11091773663337613
  0.12120932495122864  0.13115649542490504  0.13822350697935401  0.14723910676393664
  0.15731297525178711  0.16795109490324120  0.18032920264512875  0.18786222903727509
  0.19490220747229248  0.20128710275661968  0.20747476863175907  0.21493309801159408
  0.22268573926494178  0.23227842302656851  0.24585009046211281  0.25827848049485203
  0.26982842726847378  0.28282261217716892  0.29649839515400916  0.31000347505532605
  0.32368242387842749  0.33606318144528308  0.34744136683098192  0.36003361063857192
  0.36979133239246420  0.37926989926080878  0.38916337864338929  0.40181428123226459
  0.41403690776429725  0.42362345677139207  0.43192915920595615  0.44121019714767290
  0.45249930465098059  0.46310635263018252  0.47199654536546842  0.48233065374896572
  0.48908434208341728  0.49552191014718155  0.50252792721303807  0.50883471182573847
  0.51449985516685059  0.52171637226939727  0.53690001318087077  0.55459262966295997
  0.56954258745015807  0.58212503308287789  0.59619481426337062  0.61233078563321697
  0.62838371997482245  0.64345229526720349  0.65764518256246585  0.66779450341175273
  0.67669759264857243  0.68544665433371410  0.69355534704193211  0.70273593688532854
  0.71286818427856358  0.72233042693997918  0.73163272176888838  0.74229024261083920
  0.75483333738858172  0.76876559971494851  0.78202077662882852  0.79401083864086985
  0.80485869946987931  0.81544643212677592  0.82702391763108185  0.83953638865511815
  0.85110728318899298  0.85866791252825092  0.86525019372169709  0.87165196524930622
  0.87742322277451035  0.88441649141018952  0.89237896505288972  0.90032509460155774
  0.90817981190795150  0.91724720334154863  0.92863890085729983  0.94217086677530715
  0.95670391253259057  0.97058587368175309  0.98593482844033731  1.00000000000000000
  0.00078000844239026  0.00214016307769739  0.00346054667649272  0.00463640511024887
  0.00570293856082348  0.00669755088278661  0.00769121547180280  0.00874914739502786
  0.00983358279710491  0.01091778444982141  0.01194904858103499  0.01297236349099143
  0.01399131948988900  0.01499919402168056  0.01597168244261498  0.01687172104156170
  0.01779270856731419  0.01873676405794906  0.01969770469615096  0.02066714185270027
  0.02174018154873783  0.02277681552990524  0.02376541692693938  0.02469532649909552
  0.02562214598858190  0.02662076696134728  0.02781549732143476  0.02894672506053436
  0.02995682615558528  0.03086252078869682  0.03179970536737140  0.03289090304280123
  0.03402048243798989  0.03521334150091647  0.03678317376324367  0.03837714831524004
  0.03976107958619331  0.04126224998344841  0.04273945646544550  0.04434795238330187
  0.04583416230641568  0.04707728810930180  0.04841061359659231  0.04986600402635318
  0.05148139226022170  0.05396280972323390  0.05614055238816753  0.05703368035690254
  0.05792680832563754  0.05872338515131348  0.05948558946935181  0.06025876370413750
  0.06104812040418146  0.06196993422329437  0.06421731297153059  0.06657896681397701
  0.06844477359846317  0.07037525633906525  0.07232719124222213  0.07422803203923233
  0.07565436725087951  0.07705225030123072  0.07842542931591731  0.08008750314050227
  0.08250900132813166  0.08646549600077931  0.09079559525552017  0.09509815023831836
  0.09869813187298566  0.10076749272836119  0.10160184387884018  0.10264482286118079
  0.10352429901589712  0.10429390631658500  0.10484693354459322  0.10534859101689882
  0.10594652973808291  0.10670650960210100  0.10729452222080288  0.10900315529807229
  0.11352344100713999  0.11784723812549201  0.12308194732517244  0.12924627812367334
  0.13504417960973455  0.13729799960338226  0.13955034291226234  0.14117782822916269
  0.14280531354606307  0.14422014768311595  0.14547690512866884  0.14752351732333191
  0.16882769180305815  0.17972946395119799  0.19854464465460087  1.00000000000000000
 -0.00349499049244284  0.01638535080564861  0.03379232579750148  0.05194106154105308
  0.07014497812078611  0.08718203942461458  0.10067463887367452  0.11038736772583489
  0.11815092138342195  0.12609644611411844  0.13436117111940771  0.14250941927989538
  0.15484245192659263  0.17196402718874376  0.18883664681842502  0.20495665463212978
  0.21906157471332474  0.23181426547894260  0.24369780690151946  0.25454202754569999
  0.26458497330335062  0.27629322500469000  0.29003779788236655  0.30444833453961828
  0.31695600500928534  0.32642046419290416  0.33578729370721183  0.34545383333143148
  0.35636678470290184  0.36672941743356369  0.37847954972333830  0.38912519625973885
  0.39823628413227080  0.40538455978348054  0.41422495644995827  0.42192538694001397
  0.42738212888228466  0.43213387418092614  0.43696777058503511  0.44219614612752056
  0.44662273159016241  0.45262331241783105  0.46380301185392359  0.47442969820463610
  0.48311227958765662  0.49173125071633172  0.50087309837767990  0.51085382994758144
  0.52071669774356300  0.52993000768596044  0.53839701595093736  0.54637650792635051
  0.55539208745690050  0.56481286117669127  0.57224375564958119  0.57935012854169088
  0.58517198074258314  0.59154257149044542  0.59848955412788007  0.60538039979765779
  0.61436545295340961  0.62423944292027844  0.63452545947083117  0.64682052420141667
  0.65931343327116898  0.67416780251466724  0.68558350892131015  0.69607634289822840
  0.70625446931279767  0.71539216890729640  0.72609820009003057  0.73855081579925641
  0.75090004569087065  0.76326896524756849  0.77522291574879076  0.78837984723797216
  0.80061450697012537  0.81043814637283607  0.81948060173619752  0.82846315164506534
  0.83956666985505746  0.85691522491318128  0.87281886215403770  0.88141863302410617
  0.88794450600938279  0.89450971380705180  0.90166267018828528  0.90921626683757761
  0.91910263490895061  0.92847666612482227  0.93492860273099110  0.94195259397901432
  0.95093649156723703  0.96475794754732191  0.97914951744872158  1.00000000000000000
  0.01608842394946310  0.29403242817064479  0.39318725073335575  0.46162511780394666
  0.50984924467333437  0.54880347883694858  0.57557932655194544  0.60386051610042679
  0.62595165698006283  0.64611474549602421  0.66916288549035874  0.68894519148885747
  0.70815472540249802  0.72354534500441914  0.73254386289588724  0.74066554264893270
  0.75018929928072975  0.76030901847899746  0.77084000780010220  0.77566939187199202
  0.78032365618450350  0.78588460180936803  0.79137133779615021  0.79985298259579607
  0.80866756283105479  0.81687828283410191  0.82506060548366067  0.83344627297887708
  0.84130832472349271  0.84835029796407591  0.85478737565135865  0.86011275085624417
  0.86499226440998966  0.86945148972379549  0.87396285029200138  0.87858207800986865
  0.88258533224487179  0.88630217466462013  0.88995144592201225  0.89335498588710160
  0.89710438452539110  0.90097025231280192  0.90430782340058424  0.90726787616736893
  0.91021990330977232  0.91306234441410228  0.91566958589994518  0.91795251513164400
  0.91986714803960035  0.92165404305135135  0.92357061032862520  0.92561122183958866
  0.92755308740284348  0.92967758373280573  0.93165799870965216  0.93353588557192513
  0.93554597103651882  0.93738534111551541  0.93914198047369313  0.94094682697122911
  0.94284040585065487  0.94423150932492461  0.94551194781099568  0.94675057898605108
  0.94799749653302190  0.94919936029579632  0.95038350345161171  0.95173973988576721
  0.95333480846360952  0.95515948666256878  0.95703878904384287  0.95903031930929417
  0.96106463428403932  0.96296842452053422  0.96465028582474810  0.96617760329663027
  0.96764111514711859  0.96903868620233924  0.97045758511896385  0.97193455221491754
  0.97351871571206117  0.97493599208161874  0.97628822847581387  0.97768369229091068
  0.97930627407498982  0.98055072136809784  0.98190188960991509  0.98334031140001688
  0.98462519312014907  0.98587633299800759  0.98747205733170029  0.98916970401614157
  0.99112682453919854  0.99330794318308446  0.99623049894471682  1.00000000000000000
   4.6223980088851013E-021  -1.0000000000000000     
 F F F F F F F F F F F F F F F F F F F F F F F F F F F F F F F F
  <DiscreteSampler_grid>
  grouped_processes
  1 # 1 for a reference and 2 for a running grid.
  10 # Attribute 'min_bin_probing_points' of the grid.
  1 # Attribute 'grid_mode' of the grid. 1=='default',2=='initialization'
  0.0000000000000000 # Attribute 'small_contrib_threshold' of the grid.
  0.5000000000000000 # Attribute 'damping_power' of the grid.
 # binID   n_entries weight   weight_sqr   abs_weight
    10   10   3.119290812877010E-014   9.096235156209132E-027   3.119290812877010E-014
  </DiscreteSampler_grid>
