  0.00215172035653090  0.00216186718453289  0.00216792923940222  0.00217431990047238
  0.00218629575654119  0.00219832731000824  0.00221086279563213  0.00222339828125602
  0.00223441196956138  0.00224539957089200  0.00225690165144450  0.00226884148099585
  0.00228125147886108  0.00229484686304329  0.00230872369456189  0.00233035610516465
  0.00235292483714141  0.00237655331966152  0.00240385275249528  0.00242884241608758
  0.00245291661396245  0.00247710078926343  0.00250240132246688  0.00252860615873447
  0.00256239275657282  0.00259760959910394  0.00263572395386854  0.00267764972695706
  0.00272047538988849  0.00276401636097139  0.00280782746825882  0.00285345418658258
  0.00290317975025798  0.00295610097015546  0.00301184893868199  0.00308070422947164
  0.00315625616794241  0.00324434250945900  0.00333969337650996  0.00343607788325233
  0.00352781734771151  0.00362243524849634  0.00371982633186720  0.00381592081171617
  0.00391605297410978  0.00401397328777959  0.00411873126534484  0.00422363450202484
  0.00434509212518502  0.00450110002516337  0.00468648211332050  0.00489582587226631
  0.00511835902068080  0.00533411463579030  0.00552324436301786  0.00570791432519748
  0.00592000057050992  0.00613067196203187  0.00634451162629580  0.00655797619496428
  0.00681286315716855  0.00709421593725383  0.00738126714189158  0.00772875408881290
  0.00809950842034055  0.00853242699403257  0.00902483421029791  0.00960861564852591
  0.01020995096212872  0.01083017506144804  0.01154987421926976  0.01229865876383110
  0.01307117287819011  0.01386757091454596  0.01467960179507966  0.01601952742368243
  0.01760086019186801  0.01940865993268465  0.02165691419057109  0.02420009355611820
  0.02704488879572077  0.03010182062354953  0.03343407181905721  0.03710125917705447
  0.04104162325447722  0.04534374403429278  0.05170687094834464  0.06265004908282766
  0.07612565847297516  0.08535904875201200  0.09566866546827654  0.10910500500200787
  0.13142929945917023  0.20651027024204430  0.65133849433654434  1.00000000000000000
  0.00622627694706723  0.00820781449490540  0.00927642516459803  0.01002777649205496
  0.01068404217524595  0.01136517442601145  0.01212586174410021  0.01299342692228378
  0.01399318215696988  0.01511353222924340  0.01631642555856683  0.01757177142850044
  0.01876477882451595  0.02005673399247821  0.02151525865070449  0.02309085728039102
  0.02436113212053543  0.02559059280033010  0.02707535812346789  0.02874487489491608
  0.02987005458622664  0.03087541874211953  0.03197330062239456  0.03298551361966647
  0.03408393944431654  0.03557815481048147  0.03736591476915501  0.03895811865443732
  0.04048325447013952  0.04184162273578430  0.04350256198525519  0.04525353047941909
  0.04717111378597865  0.04904217411589851  0.05090323195891086  0.05283231012136522
  0.05484372183805137  0.05696761772772722  0.05881553323573552  0.06054235689708346
  0.06227776066084002  0.06416857959682766  0.06642834904308800  0.06866023355821137
  0.07095802639411315  0.07311910798171056  0.07526924037624133  0.07736935214647522
  0.07922591141467167  0.08073479846000677  0.08211638590235380  0.08357896247898998
  0.08556531697867180  0.08762838419012266  0.08959633749245595  0.09158832439087196
  0.09321925824617038  0.09423723954379044  0.09718220104920601  0.10031911439404061
  0.10370161105690465  0.10821444539026691  0.11206026471513550  0.11569315396950082
  0.11858296141689328  0.12130441475644405  0.12437457951280806  0.12832603953207447
  0.13462781681744967  0.14064503898622871  0.14497863346879597  0.14921430888931914
  0.15373823226365935  0.15855293815006591  0.16396335696127987  0.17026826766401942
  0.17682516521016778  0.18205375606010663  0.18679024275519365  0.19135971068570645
  0.19585806706893083  0.20055376109292122  0.20666737537388316  0.21303877685115025
  0.22278721666028317  0.23154277834069348  0.24011686472284177  0.24863313128160172
  0.26355573508469538  0.29502290472099463  0.33431998302333249  0.34970549623442559
  0.36851391667839667  0.39985873570972252  0.53856415547843017  1.00000000000000000
  0.00000216843801693  0.00002267340416611  0.00006377978666160  0.00012263287040521
  0.00019378220091816  0.00027441618361205  0.00042138149229605  0.00057647925978872
  0.00072737410972492  0.00089683915620382  0.00112687924062003  0.00136975678156752
  0.00160114546929283  0.00184637138869421  0.00213322852645229  0.00245681292113040
  0.00285849636262785  0.00325445643686141  0.00371795392399480  0.00424665148821542
  0.00495713441217791  0.00562130984535146  0.00623622643161157  0.00688795294299989
  0.00748084717682912  0.00801834700983193  0.00857249683707019  0.00918415116671998
  0.00987073233638574  0.01062722654535838  0.01142237643206193  0.01240053427139372
  0.01346725808516301  0.01447704340533128  0.01550500067842589  0.01651929757322560
  0.01753648371472060  0.01861775407632902  0.01977287055404072  0.02105714700244264
  0.02258412467029480  0.02440862003650141  0.02600650258273475  0.02755313208026258
  0.02906170135958029  0.02988460391966147  0.03077069762179059  0.03172223711374986
  0.03265276689583270  0.03354906956650040  0.03450610387213077  0.03537843568565102
  0.03623830129897817  0.03702201806963902  0.03776676762666119  0.03848896829406095
  0.03939531427884545  0.04053127010728456  0.04151223574279043  0.04238296462956527
  0.04325922573133786  0.04426998271166601  0.04560201947517063  0.04747834444473894
  0.04955895061126166  0.05133999682202259  0.05319782868793770  0.05504397818549968
  0.05686255931459368  0.05856592618696216  0.06019296619001934  0.06176665626430874
  0.06402030962941033  0.06747572702040376  0.07196366401636961  0.07737850292669497
  0.08576611494131131  0.09478977371219804  0.10288706550679429  0.10695834653821411
  0.11125698588966634  0.11567508071180624  0.12024991684886840  0.12523619862466934
  0.13071949659115520  0.13603636321191459  0.14172376970825587  0.14782097523437260
  0.15512647411046490  0.16588709843840782  0.17936991996778998  0.19259939494315778
  0.20747150531135006  0.21459635461040308  0.57450901618385442  1.00000000000000000
 -0.00291961987977118  0.01648146703308161  0.03253016636115421  0.05045057101294398
  0.06878360122665260  0.08494908957005225  0.09874892316621453  0.11089795659360933
  0.12189841134024834  0.13366776913600356  0.14893798480236051  0.16543236209219164
  0.17935678678103156  0.19296140154160599  0.20828644004346464  0.22385965253905213
  0.23686267122966045  0.24836559499237251  0.25984975491446749  0.27630612177996006
  0.29698909480554331  0.31526359572498486  0.32940971053231655  0.34127584686245183
  0.35176482667087006  0.36065955142047534  0.37039123328480067  0.38279536723307034
  0.39697346975062553  0.41032381127659295  0.42519838785514358  0.44066772608695925
  0.45509036383325502  0.46806397797262961  0.48122945945742596  0.49407087970207242
  0.50673858340388434  0.51904903321582541  0.53065871479690241  0.54186798025568939
  0.55076477939117219  0.55883413713564067  0.56753731721163769  0.57734947230026379
  0.58815133623118454  0.59796545427921355  0.60857281622690806  0.61824244539667605
  0.62850892391998847  0.63990540673909890  0.65106831502850926  0.66316245345049962
  0.67486614158341296  0.68458099934769978  0.69289898634355507  0.69951904125764874
  0.70721223275802403  0.71554032607822260  0.72446664510290903  0.73653983067966577
  0.74637490315243260  0.75514053862433705  0.76381408854126576  0.77179398983825576
  0.78001102116483367  0.78860591859728613  0.79741501366173706  0.80584207079926939
  0.81309914147349749  0.81919111575240777  0.82601033575130711  0.83243266491841406
  0.83910081211733023  0.84658113563339010  0.85673713910377003  0.86786233976597882
  0.87808989898587941  0.88746583638394971  0.89566145809801778  0.90298734989007068
  0.91028001941842940  0.91800293380478848  0.92519695104134414  0.93216985001542829
  0.93830283012218973  0.94420140269311992  0.95030160883383630  0.95681407742999736
  0.96377148704285864  0.96957853123313431  0.97441750210436207  0.97862060201032397
  0.98324140514561464  0.98835165379938317  0.99397746039525903  1.00000000000000000
 -0.00093153772087889  0.00508542724768126  0.01110894947378047  0.01846348471933777
  0.02806835378091748  0.03707012786253258  0.04634248410271097  0.05917773307303396
  0.07199407227359275  0.08324827215038111  0.09328554595173989  0.10375184809365914
  0.11250193087007293  0.12079403402818693  0.12951344257059871  0.13859996356056484
  0.14738258058770262  0.15827040645352958  0.16918962829874298  0.17870116754253898
  0.18738739145416394  0.19593403593738551  0.20603931169163459  0.21909737426350553
  0.23484519062621048  0.24789940472032712  0.26051347775267297  0.27372743863211935
  0.28734504448590059  0.30169415884148748  0.31631968297724616  0.32951394498272080
  0.34153843152468050  0.35313828679123821  0.36446702274939413  0.37587675639998586
  0.38757498192240120  0.39913829316799326  0.41088841535564286  0.42259436647181942
  0.43421599042208575  0.44697596363028702  0.45793979672691237  0.46770713111998924
  0.47725589664049878  0.48638369474992710  0.49546883343247772  0.50600513895597365
  0.51865462736874191  0.53322983833003079  0.54683293653638199  0.55642191617535075
  0.56383764187995589  0.56915224733675385  0.57450440012757464  0.57909544953429448
  0.58504457136790289  0.59301537564158302  0.60210588378298413  0.61174434148908052
  0.62088581727514658  0.63141207521368492  0.64312334553828221  0.65470477498690804
  0.66422352010731034  0.67555917656690589  0.68940581040635274  0.70330560224689609
  0.71845007738790889  0.73456624461390641  0.75050362303243967  0.76190892058728510
  0.77262527846028017  0.78345238202042733  0.79378775655580369  0.80317993006426347
  0.81185818121659492  0.82000303842459021  0.82793907457144211  0.83708380575457986
  0.84651805120057655  0.85589347972789387  0.86566878446076856  0.87653759172103907
  0.88904995032780432  0.89903571249724701  0.90689276193452173  0.91384086095200268
  0.92128833205016214  0.93016739667985937  0.94196020924522816  0.95509374690895699
  0.96694638715381109  0.97835859485394172  0.98938936934516120  1.00000000000000000
 -0.00439649270541297  0.02580220445141281  0.04643207761504962  0.06040705564429324
  0.07467285135974847  0.09576378224381957  0.12253039585862410  0.14698060570344179
  0.16946634807992547  0.19014406561545238  0.20678910729061528  0.22288550834055565
  0.23645000743911032  0.24806411980250567  0.25908805940607876  0.27120883992015860
  0.28266452920337259  0.29344253965948386  0.30418290312514351  0.31646173781797693
  0.32780006067740758  0.33718368178320146  0.34838570212407172  0.35988143107668441
  0.37473682678104409  0.38636243323306985  0.39647832875805622  0.40436247349427484
  0.41138575744165701  0.41899772152602366  0.42635050489167381  0.43495059231313898
  0.44621960240897679  0.46038777283537013  0.47648219232486166  0.49381127110152673
  0.51006214249122761  0.52309030403998957  0.53433217004497557  0.54365571520922862
  0.55374745583436347  0.56502924845392288  0.57709179930527887  0.58853315513249949
  0.59945831942481598  0.60929111515109113  0.61789499780348744  0.62778891365013945
  0.63841480687047736  0.64891081336401035  0.65865242642820510  0.66857319372521418
  0.67829549114536369  0.68657011231434684  0.69279530440570924  0.69813464420515470
  0.70346541303759169  0.70898546882329705  0.71565832521209216  0.72331074469093548
  0.73076613424581127  0.73681847212025464  0.74237764422145147  0.74804363834865184
  0.75501437136519889  0.76134436252679272  0.76708616366822280  0.77257097857654655
  0.77960498328990879  0.78729905499294628  0.79550319270062864  0.80515119758603937
  0.81336942399260814  0.82121966977845595  0.82952849168313092  0.83956055764296666
  0.85093600573635375  0.85955430921380493  0.86625998532141479  0.87252218578873675
  0.87936568681632910  0.88689137698318754  0.89541036440669008  0.90234378916536639
  0.91030234461778647  0.91940111931080848  0.92880069641744423  0.93622421417161061
  0.94337463834013646  0.95092454714177144  0.96004876218945245  0.96861150252915296
  0.97706738280438665  0.98603096533018120  0.99339112179337563  1.00000000000000000
 -0.00169962802849394  0.01203778955651005  0.02394918693077427  0.03579924282269659
  0.04695790195954341  0.05873531146296680  0.07233953999993728  0.08443835516434227
  0.09370065343922834  0.10300257844883025  0.11234798033838470  0.12157788812771785
  0.13001148830078380  0.13867675497588078  0.14836400744581754  0.15871339957393699
  0.17120513900272633  0.18334734283661902  0.19502368341345161  0.20689562201363429
  0.21928880563567107  0.23156562504411035  0.24338140371379807  0.25422712900629713
  0.26491875699225620  0.27540902706356563  0.28504033317502442  0.29256490134118518
  0.30034195679141473  0.30840722344565175  0.31695511604129789  0.32626835512644231
  0.33839816968221559  0.35387046130436417  0.37080838311626829  0.38187591955933842
  0.38840998293294043  0.39479734641990366  0.40357866714283136  0.41314054074444484
  0.42192451137240716  0.43013295451503430  0.43746794007809614  0.44708852886575090
  0.45861595112927994  0.47120810690148501  0.48486320619862339  0.50358964573465170
  0.52094126074998470  0.53345425827747106  0.54430028154511645  0.55542437477900353
  0.56615903101509102  0.57656131560118151  0.59002626642233325  0.59950272974386576
  0.60881785091361573  0.61793968506497188  0.62833135808433971  0.63812667262160017
  0.64805754819380035  0.65842274353366037  0.66976441895677474  0.68119477722891120
  0.69511819789034912  0.70876656960876039  0.71921601999925211  0.73005026063120659
  0.74104116461139324  0.74993845542361448  0.75827266009389116  0.76694661249619800
  0.77389496496650523  0.77992544950278286  0.78586166287407433  0.79223439375039828
  0.79970246738036299  0.80812638505665968  0.81711469656612667  0.82655223735741501
  0.83596897517987212  0.84478845477239317  0.85340529464884418  0.86163332188571784
  0.87066647381345619  0.88155332431085065  0.89433384583658193  0.90740932384950024
  0.91889988513313503  0.92988124030240638  0.94088239462896683  0.95241809048310599
  0.96602786233997406  0.97805393303147103  0.98965651529569076  1.00000000000000000
 -0.00223134215582124  0.00930854805343637  0.02096535641186387  0.03162920091020437
  0.04691461524301023  0.06163323852737489  0.07590699393880262  0.08929343990579885
  0.10158285625803062  0.11188981982578126  0.12177101781771725  0.13088190275963804
  0.14181374829853297  0.15292505929260780  0.16437540001421186  0.17835569167835824
  0.19179595965470153  0.20345809972974466  0.21331047265391698  0.22281994369378139
  0.23202988730306229  0.24043831682101835  0.24874627607494421  0.25817352019041567
  0.26808970531280724  0.27741894236041226  0.28735367633707964  0.29582183538761847
  0.30588741426233651  0.31497876170818478  0.32522126419611286  0.33367620400239323
  0.34176895839616817  0.34932343764769858  0.35638259829969138  0.36448904438425150
  0.37377539359117851  0.38481979325633969  0.40089114909313650  0.41820574462196092
  0.42653933182870157  0.43542406887713536  0.44591488070169549  0.45570791332209204
  0.46482674920069589  0.47362710447929313  0.48346511850456042  0.49814917771100564
  0.51270309589236451  0.52523090175245479  0.53835794495768174  0.55258693883951682
  0.56875365017002610  0.58286815619517518  0.59624112462634826  0.60800331081675785
  0.61735698012128681  0.62511564021773103  0.63264985530330142  0.64015036637841127
  0.64984445201566476  0.66013366538543139  0.67125122012666649  0.68254554637721210
  0.69367903370871742  0.70377867414509521  0.71369022261325377  0.72430204584969782
  0.73521043885294801  0.74516104442251629  0.75443907400376697  0.76266559975574932
  0.76932954104253293  0.77493450698679978  0.78101358716838909  0.78890255645156193
  0.79910034378241357  0.80930286811094954  0.81870730616419596  0.82847557295256669
  0.84129870529456252  0.85223425816405263  0.86256142674140523  0.87312145776965389
  0.88635513227866991  0.89913390111453984  0.91143242061886642  0.92598191210256109
  0.94036392327061713  0.95210603854741094  0.96146975952740910  0.96945758555163186
  0.97717117089689887  0.98459291621699296  0.99268091248801282  1.00000000000000000
 -0.01559318341757295  0.34144986233899982  0.46631554155473404  0.54340644191089837
  0.60162209311487269  0.64809245450813091  0.68891550588009232  0.71945555371215431
  0.74697189540748044  0.76683220306081123  0.78392407640229778  0.79874518727618760
  0.81209357806316429  0.82246681063062765  0.83184227482628659  0.84062757059070292
  0.84860257625008173  0.85618528964251828  0.86347389839553457  0.87002615987278642
  0.87614385431401354  0.88181231597691245  0.88709220174880621  0.89194330477353889
  0.89658696315484754  0.90035036403423840  0.90390065751235360  0.90711726624561173
  0.91013909475154153  0.91324690701692746  0.91683144426992402  0.92060292297283053
  0.92372754194207218  0.92686473959046067  0.92970261771195395  0.93224534106922230
  0.93476940055584445  0.93691102887870548  0.93889934072066161  0.94056192735758171
  0.94228018198862962  0.94395634964911201  0.94550157445651584  0.94688951158279622
  0.94823134859950342  0.94973898428235026  0.95142210880677847  0.95298518333611193
  0.95436870732019929  0.95572862157220739  0.95700106888014669  0.95823581590798601
  0.95963635750834442  0.96088791259986150  0.96214549539463456  0.96333403022276154
  0.96445959682352056  0.96566559960129195  0.96676800696704590  0.96770851686621240
  0.96852975932849683  0.96935255103394669  0.97018110571324789  0.97114651589628342
  0.97216463494311978  0.97324098929632064  0.97437595588584769  0.97515794935812650
  0.97592638163441159  0.97669198639635924  0.97735488735256981  0.97796086568958307
  0.97862981099235669  0.97933036122261685  0.97998155161241463  0.98066521859263944
  0.98142491666357978  0.98210659168473924  0.98280251641178362  0.98352278942886473
  0.98427491802865275  0.98502527550784547  0.98576026437312902  0.98647264377895805
  0.98715895271113419  0.98787156584847613  0.98859053459359447  0.98930837785600112
  0.99005900544972869  0.99089376543562513  0.99180646922505444  0.99272685047108267
  0.99385338152721259  0.99521626102584460  0.99719022472412244  1.00000000000000000
   1.3945837926082344E-010  -1.0000000000000000     
 F F F F F F F F F F F F F F F F F F F F F F F F F F F F F F F F
  <DiscreteSampler_grid>
  grouped_processes
  1 # 1 for a reference and 2 for a running grid.
  10 # Attribute 'min_bin_probing_points' of the grid.
  1 # Attribute 'grid_mode' of the grid. 1=='default',2=='initialization'
  0.0000000000000000 # Attribute 'small_contrib_threshold' of the grid.
  0.5000000000000000 # Attribute 'damping_power' of the grid.
 # binID   n_entries weight   weight_sqr   abs_weight
    10   10   4.172382425053613E-004   5.099936215376426E-007   4.172382425053613E-004
  </DiscreteSampler_grid>
