  0.00181754140425739  0.00488637420117585  0.00662443007940921  0.00808979722205218
  0.00954172960954304  0.01063589928573873  0.01165566481790255  0.01282303573317415
  0.01405223812729067  0.01522737876167683  0.01633559013935054  0.01734851402175483
  0.01843167528098374  0.01961829535188936  0.02084418072764707  0.02214423180642343
  0.02318006528669850  0.02418340811792287  0.02507405433270675  0.02588772651618284
  0.02675990106708001  0.02774425747300209  0.02891457169039108  0.03021898030172286
  0.03156308055213529  0.03272391053473048  0.03376974872034646  0.03482745145415162
  0.03590894671521503  0.03718496823083192  0.03837914322652568  0.03958589008227159
  0.04090514658823056  0.04229127298775908  0.04354743429759670  0.04468264426546411
  0.04582742128752383  0.04719453080115046  0.04876974658308161  0.05018145139979728
  0.05153809057646633  0.05294319970298874  0.05455718404353967  0.05637487051516884
  0.05797531353982363  0.05918956196784751  0.06053184316778123  0.06262381414710848
  0.06534789164701600  0.06836796676783870  0.07114287213262106  0.07324634229784963
  0.07522229181139890  0.07725064350513502  0.07935530797461877  0.08142516238137872
  0.08344845715331044  0.08540786677768963  0.08800866554118562  0.09098254343656871
  0.09420245697766873  0.09774680889340172  0.10138113409866320  0.10501714449208294
  0.10871618680835367  0.11066029410929647  0.11239928928518036  0.11410283420297877
  0.11612518546874620  0.11840031141242301  0.12097675797980206  0.12426639160881588
  0.12737079732833495  0.13022335186142212  0.13310883155813422  0.13677504356423809
  0.14108210772068194  0.14480351614169115  0.14772106222138695  0.15466205776012074
  0.16328893851734441  0.17377646167752575  0.18480398247349408  0.20010602391272078
  0.21752946006202634  0.23725669774720551  0.25723482112676765  0.26715592079114325
  0.27404181429697239  0.28753438098662371  0.30047400731044982  0.31513548459579788
  0.38015434664166142  0.50814775168764259  0.72438338120185675  1.00000000000000000
  0.00103995648783455  0.00187427806519801  0.00233217555060170  0.00268422834994399
  0.00303928923297259  0.00336271215647588  0.00369267714872410  0.00405043042555104
  0.00443625571457838  0.00480226922284181  0.00518014099936465  0.00555084109730758
  0.00595493028303414  0.00638608666906399  0.00685746980066080  0.00726120522804719
  0.00761202539142635  0.00793057770874524  0.00825786228636084  0.00861653316438583
  0.00906790540243676  0.00950810444352211  0.00989071328629209  0.01031373621624815
  0.01076862916068435  0.01123838481745119  0.01161491788380344  0.01196710663736362
  0.01250456199910894  0.01310085368683206  0.01369473221337020  0.01427088637363323
  0.01489292748577124  0.01547720522344560  0.01605353214186666  0.01665000418293588
  0.01727546367489336  0.01788609840420972  0.01840150561323748  0.01906106381946712
  0.01980498987515956  0.02064355481910730  0.02144739202063348  0.02218409362307835
  0.02302738442528028  0.02389025391650855  0.02475202092996117  0.02564597983466212
  0.02655696554318039  0.02726791962867486  0.02808928944831478  0.02882243767032291
  0.02951869939598440  0.03021700627831812  0.03112683193689790  0.03243375840055722
  0.03360597265434764  0.03453221293788939  0.03537640959699169  0.03639634547737444
  0.03760266103863987  0.03876247771465843  0.03983381812644057  0.04085770373466116
  0.04253887037651984  0.04486902587105918  0.04773567906289267  0.05070617097224853
  0.05210535385469280  0.05386491472461365  0.05534403077999664  0.05683876609092117
  0.05814151450638542  0.05957920220260345  0.06118996966145627  0.06329526420458516
  0.06550812061330602  0.06765469437861321  0.06964227100330730  0.07134560191442867
  0.07393284290033240  0.07765701072607721  0.08292688388725206  0.09586391771670415
  0.10498978005852339  0.11130198190482167  0.11823571246489849  0.12970487634594735
  0.15400796431456654  0.16036227699102029  0.16848752491545305  0.17782823691603503
  0.18517140416479450  0.29538376123823912  0.60709257761892277  1.00000000000000000
  0.00035362792003304  0.00041802509125766  0.00048242226248228  0.00054635264958603
  0.00060996121122918  0.00068360406227774  0.00077711645541090  0.00087831192896969
  0.00099296645821248  0.00112020144169429  0.00122258245165555  0.00136440879652299
  0.00149993664626308  0.00163232051169493  0.00180336112172838  0.00210316989893569
  0.00246551905605427  0.00284021621019833  0.00332183716403678  0.00386719946834018
  0.00454486175609040  0.00531802226737601  0.00613069366665012  0.00696396077808971
  0.00791603349484465  0.00901624286819950  0.01017423807208719  0.01126545236743238
  0.01236758463749217  0.01362012318668978  0.01481568669213323  0.01586356504948864
  0.01689607619055032  0.01803529959928831  0.01922951967015175  0.02053822973979390
  0.02166173834877347  0.02274430642786475  0.02390036319069177  0.02541335057210891
  0.02720029479589587  0.02887875324407718  0.03042258251435033  0.03172643057473686
  0.03295837540061670  0.03427193652633785  0.03579761536760222  0.03766022230617069
  0.03948889375213393  0.04129092262879036  0.04298698398281767  0.04462033188379807
  0.04641086711280418  0.04869410892096732  0.05197535792550550  0.05533016078368429
  0.05788193156257509  0.06030197357493580  0.06331101871364300  0.06628012268755873
  0.06911164446790025  0.07171824105436103  0.07438707877417593  0.07727025004902789
  0.07997290601625640  0.08254740812021226  0.08483687791357580  0.08682168047429865
  0.08913591879550238  0.09177148327986434  0.09552671320415276  0.10115485074800284
  0.10767215884488376  0.11332744075273593  0.11650978601804034  0.12072992871386630
  0.12495603317921106  0.12917255743233025  0.13401897121479159  0.14311050884174670
  0.15519067031030695  0.16825174119935743  0.17268909491494308  0.17950960652303141
  0.18539114685429134  0.19085168592929089  0.19657726450887733  0.20199668612668872
  0.20848268896146596  0.24776078395535475  0.26315951180884911  0.27871678418211271
  0.30157464594881367  0.41559318869144446  0.54217046039287020  1.00000000000000000
 -0.00146440836961521  0.00460510934634006  0.01069720271464828  0.01688146969374912
  0.02351545572045188  0.03079902322030990  0.03779701065605186  0.04499476180030289
  0.05206438428037232  0.05885290999596346  0.06529760170514577  0.07184924354655839
  0.07949990086959648  0.08885617498523342  0.09653557814531508  0.10360900541662373
  0.11055284896781289  0.11752679085607058  0.12462542709289016  0.13152750532122257
  0.13880295815040067  0.14796568538179819  0.15574351707348622  0.16249638851140297
  0.16861745945724865  0.17480975922502187  0.18125296477078476  0.18903787596256941
  0.19811328023492672  0.20723768470090945  0.21582347814385081  0.22409890673679397
  0.23272889006241471  0.24156680616438228  0.25121690765043303  0.26203885781256236
  0.27254049388758250  0.28298120623801981  0.29270890941649697  0.30189322892492521
  0.31164667848158623  0.32195958198643665  0.33329633550407317  0.34489493373561730
  0.35458941272270661  0.36242704614736787  0.37006770436494346  0.37799155297300729
  0.38725713105638487  0.39708357955974583  0.40568198957389473  0.41337126641143712
  0.42200473116075882  0.43201680482555416  0.44131220670499033  0.45162579381789653
  0.46188402683764207  0.47283692918668269  0.48465611512860868  0.49598385686532542
  0.50603536338107191  0.51510241329917839  0.52257841878842626  0.52873251063226090
  0.53481585184114000  0.54223975908514688  0.55153648789562781  0.56147029776597579
  0.57137558578164871  0.58145611031294031  0.59286664278102819  0.60434254875448168
  0.61435654562497921  0.62438296286236572  0.63454688622480393  0.64717943759621444
  0.66048068368990187  0.67319420578725475  0.68517470839106165  0.69662829115494362
  0.70824201674489051  0.72098263072550217  0.73484789616472224  0.74931366276055422
  0.76549373472591975  0.78157647920581208  0.79693170596152596  0.81301417975555579
  0.83008438746063462  0.84783943766154946  0.86522621799865473  0.88496243271631936
  0.90585193463464730  0.92912652774015858  0.96078074662659674  1.00000000000000000
 -0.00192481156966957  0.00606234790863644  0.01493952856338309  0.02296796449308067
  0.03115392648993487  0.03999608814249385  0.05122457211748958  0.06381699422999450
  0.07734236554306166  0.09216927497674475  0.10703685171419604  0.11943000232612305
  0.13065499649332130  0.14144399688678508  0.15202464866650628  0.16341747102689480
  0.17275748733708715  0.18204076165273336  0.19045313948940068  0.19988269126633354
  0.20954963597694115  0.22221995184480409  0.23349077628556125  0.24415435699446605
  0.25290483589566742  0.26090716531438196  0.26938037322820568  0.27803106909871089
  0.28684276738867287  0.29519681417299781  0.30286191400859308  0.30996133909407786
  0.32317285009045671  0.33747038486984932  0.35143947227634925  0.36247233277870078
  0.37307354924128977  0.38292472001165145  0.39254302270246366  0.40179041675218163
  0.41194805660516320  0.42500186718240840  0.43852790758614146  0.45043617568544547
  0.46305259700720652  0.47292777938269404  0.48220952117580740  0.49092441824577271
  0.50080391451437778  0.51229610824141880  0.52508179231776220  0.53856209574542901
  0.55077611480782307  0.56225357295715850  0.57358267788861650  0.58496612159003358
  0.59484311816651192  0.60319785562749628  0.61160921599701645  0.62072518444643998
  0.63154788691359487  0.64485861392736676  0.65904869702724311  0.67225920991908350
  0.68220225732463236  0.69244131945026921  0.70305936960827531  0.71288302141976401
  0.72341913208784603  0.73463989780244032  0.74603625632927828  0.75628016333927306
  0.76640277716618177  0.77839291451810733  0.79027067006334406  0.80095553804361341
  0.81125526274742898  0.82232045667424913  0.83465194054792335  0.84621456553073737
  0.85742959399686036  0.86849448735417523  0.87931312141860574  0.88994337737545148
  0.90068861390028687  0.91096652060273464  0.92210988126668758  0.93223368570341425
  0.94073952085305779  0.94738909604893962  0.95389382123054534  0.96131031133521339
  0.97071847993894533  0.98035802196417399  0.99041972596327699  1.00000000000000000
 -0.00153665691570081  0.00622719457205528  0.01330880293881075  0.02038207546102749
  0.02702294389476711  0.03263648940060750  0.03803152589851247  0.04371187907350529
  0.05006666862831588  0.05571543540831440  0.06095267372238609  0.06654052980479418
  0.07268519752038889  0.07975789134697162  0.08678336315740907  0.09348303517456170
  0.09999515443415063  0.10693086156749840  0.11417003883199429  0.12119564081990084
  0.12928286673581219  0.13721059398150587  0.14439786997569870  0.15075843557790727
  0.15666643928130747  0.16329133584706340  0.17002136941035403  0.17594803656803401
  0.18191564814613456  0.18801812104513052  0.19365279251568573  0.19865388096387604
  0.20361754739492155  0.20913360354129579  0.21533699016113272  0.22154221352389225
  0.22687400305211519  0.23233441041060032  0.23842021709222408  0.24476396403652101
  0.25105804238081503  0.25739983624224727  0.26365217620211989  0.27091457979550654
  0.27897686588501464  0.28723978260651994  0.29574936932471707  0.30388951529290864
  0.31268500163654728  0.32128584963984202  0.33013721943393021  0.33794936579016921
  0.34567782084418713  0.35492787108878188  0.36618460877213177  0.37816135722630201
  0.38973936424588312  0.40167230385939362  0.41354818014373540  0.42602049973325545
  0.43839922444855084  0.44984727642898426  0.46067292667280202  0.47169800100360754
  0.48270170944235724  0.49418126172440435  0.50525923931198080  0.51541369750220967
  0.52605131008240302  0.53835198954525609  0.55108137665842005  0.56441851170529223
  0.57651835062065038  0.58712353564506992  0.59758014118180058  0.60968162097801926
  0.62455508805440585  0.64031825578110224  0.65469535674571622  0.66879461738171131
  0.68410354208179924  0.69811818039803253  0.71133932270361599  0.72620356800987929
  0.74173307378329612  0.75740344425970907  0.77380391345239874  0.78887044846687293
  0.80191597523395364  0.81602283982256585  0.83425893824948538  0.86073426294404043
  0.89114852901022812  0.92396864380384813  0.95474302464543903  1.00000000000000000
 -0.00299356507627980  0.01242276537359754  0.02479975483100624  0.03693127655935712
  0.05058949700748511  0.06451689588887541  0.07785867837600723  0.09125101511234700
  0.10483780457203963  0.11539942000886681  0.12539105129801992  0.13413930769342811
  0.14314869355665766  0.15237906259912720  0.16173841457532617  0.17038424390958049
  0.17896446280404529  0.18799818197396165  0.19736301077479093  0.20669468537826602
  0.21560858860935189  0.22490337799665888  0.23596199901847817  0.24817749503590333
  0.26174941020253961  0.27462615920588967  0.28362359556882777  0.29237362980790194
  0.29976312650308307  0.30808298225287495  0.31489070625169580  0.32077411613412243
  0.32701515575345913  0.33477059990100455  0.34211133780959818  0.34846932026107247
  0.35559514073228193  0.36304487854725725  0.36995039049580314  0.37701683845873701
  0.38396635037530219  0.39276767527138845  0.40650973969055376  0.41883935905576919
  0.42967044105520108  0.43947199323729108  0.44884044875002088  0.45859906519063076
  0.46921496726064366  0.48174485831861108  0.49526919905640643  0.50938725948258690
  0.52421263906600746  0.53958232691501407  0.55120230719264540  0.56105622633052421
  0.57253980847199348  0.58238451321612994  0.59130505504240172  0.59996577052484112
  0.60989654392135528  0.61882995712365041  0.62628858563356593  0.63324625915324917
  0.64017276098373121  0.64760416344630878  0.65691796816075743  0.66842670093360468
  0.68118562485971113  0.69325999165857355  0.70489090945148936  0.71555460567631135
  0.72472025887670966  0.73360849103507386  0.74244042910467545  0.75209400605417287
  0.76245890617178114  0.77326965696107053  0.78431029759907855  0.79592405779450115
  0.80716482652585897  0.81931790894997902  0.83159177804884532  0.84296524653210947
  0.85426893681438099  0.86603363497758701  0.87899344735108043  0.89109876241976227
  0.90325049269455637  0.91567965862262246  0.92829260712142914  0.94131455679360954
  0.95493469712862078  0.96918633170765189  0.98415032625624344  1.00000000000000000
 -0.00196842725628636  0.00780759115828542  0.01586106914776676  0.02491775747569284
  0.03427476220739589  0.04269349855354883  0.05035866668844887  0.05705939938860723
  0.06439865725571940  0.07253417170037441  0.08339329673711425  0.09406344320496167
  0.10342846598866311  0.11471081758845728  0.12595631079981634  0.13715361418579011
  0.14802124547437731  0.15922658678188700  0.17017978215391186  0.18080164732525525
  0.19192009940459126  0.20247021864378550  0.21324118905661471  0.22192710170878804
  0.23101812914657488  0.24062654830931254  0.25181295428868988  0.26367125569255268
  0.27500204619123236  0.28615908262943590  0.29844898442363310  0.31138931510810569
  0.32411317647721849  0.33632920961939261  0.34801241006233968  0.36005334471313627
  0.37198028774964015  0.38453876453510066  0.39672177506115613  0.40937191942031670
  0.42027835246044715  0.43128287718866692  0.44156059321760938  0.45128880391084836
  0.46080825907022455  0.47075824716338510  0.48090366127758527  0.48895381962646184
  0.49764564489602026  0.50667747778111072  0.51672204047662795  0.52737890960141431
  0.53701707498973494  0.54687148211686953  0.55766555673629437  0.56884360438736692
  0.58098395621841115  0.59339023908555633  0.60639276836541423  0.61981161319015043
  0.63294555317579593  0.64636206483371539  0.65936244449838566  0.67049584117704764
  0.68042942525290018  0.68924303776825069  0.69751923395400395  0.70823901788836618
  0.71803407200130942  0.73058786961901934  0.74450942230763117  0.75696676045930877
  0.76757464346036708  0.77850938828847682  0.78957813499455243  0.80158260837433903
  0.81302685219457749  0.82473834775797883  0.83591647182333928  0.84789585421230840
  0.85882273229509054  0.86788192548007403  0.87601113014918952  0.88371399611799795
  0.89119665707919060  0.89890053835094974  0.90675177129408957  0.91491095435092762
  0.92601920670230120  0.93748624240329281  0.94710813758589762  0.95743442214283569
  0.97013263828100182  0.98153362440027170  0.99095513885542674  1.00000000000000000
 -0.03477236452768946  0.54191209630064896  0.65907230953558282  0.72005270376325481
  0.75891982900102850  0.78725682916636230  0.81092258507706805  0.82939884441912282
  0.84392719703242502  0.85586495504621996  0.86352288755092066  0.87047358945662723
  0.87720069692400549  0.88371293711740084  0.88927018121920065  0.89382055273500272
  0.89776291006256714  0.90158527435764357  0.90564333730737845  0.90982564835022506
  0.91368291856337780  0.91708944802889236  0.91988815843177918  0.92250726241138836
  0.92509608046983582  0.92761401897904383  0.92998635746022029  0.93202115623067394
  0.93386426386420995  0.93566962762469741  0.93743785819376824  0.93909402674474329
  0.94079202956773889  0.94253286682577631  0.94425136853750546  0.94581836812698106
  0.94722286456686200  0.94857154278987299  0.94978699319381954  0.95091637490600067
  0.95199364432432632  0.95309667528528097  0.95425862722341392  0.95544104989818734
  0.95665962239987834  0.95785868681532482  0.95910142222877637  0.96021790212624214
  0.96130955955937392  0.96230843525793130  0.96319782811303878  0.96406321622949298
  0.96490736050277548  0.96573450560658514  0.96657873294997154  0.96742601314526566
  0.96826641656991808  0.96910809864847025  0.96998157721983980  0.97092617672774717
  0.97176625010446283  0.97257012048827474  0.97333860038717934  0.97406990154961737
  0.97478941908003336  0.97549332121507426  0.97617862486763129  0.97682586744834399
  0.97748494744907155  0.97814933055703812  0.97879086835632190  0.97945693913120990
  0.98015742431351660  0.98080937558659409  0.98142920628559527  0.98201524314787958
  0.98257249082716336  0.98312131859775387  0.98366022474591974  0.98424426666187037
  0.98485663256790179  0.98548406064319338  0.98602874476419422  0.98661029130696098
  0.98721825023800402  0.98785485122876560  0.98850561072899179  0.98918606790375485
  0.98992794924059802  0.99067015067710951  0.99146069807381154  0.99230752376377085
  0.99326032515121843  0.99448600548148780  0.99668431793022105  1.00000000000000000
   1.6770802157165331E-018  -1.0000000000000000     
 F F F F F F F F F F F F F F F F F F F F F F F F F F F F F F F F
  <DiscreteSampler_grid>
  grouped_processes
  1 # 1 for a reference and 2 for a running grid.
  10 # Attribute 'min_bin_probing_points' of the grid.
  1 # Attribute 'grid_mode' of the grid. 1=='default',2=='initialization'
  0.0000000000000000 # Attribute 'small_contrib_threshold' of the grid.
  0.5000000000000000 # Attribute 'damping_power' of the grid.
 # binID   n_entries weight   weight_sqr   abs_weight
    10   10   3.957402144002351E-013   4.003703537415300E-025   3.957402144002351E-013
  </DiscreteSampler_grid>
