  0.00161715305862549  0.01066400016831628  0.02167748204772949  0.03437718242612335
  0.04773470542519179  0.06100498600662374  0.07372423594058386  0.08632336581302930
  0.09927639597759018  0.11199152411257345  0.12442999337955922  0.13687289918746945
  0.14918379932428252  0.16125633043852966  0.17317428968354789  0.18530904101942011
  0.19755512330419267  0.20956216944374984  0.22117048874644693  0.23260096493722202
  0.24429259863379515  0.25614018878945893  0.26796174026132369  0.27952616619724979
  0.29078860998779826  0.30194784321585411  0.31293465154658262  0.32424846341958069
  0.33570472904981363  0.34754115318082063  0.35935963549346195  0.37124550716803123
  0.38320274567293977  0.39510908978354947  0.40662895438618935  0.41810621817459898
  0.42986517745722513  0.44160822183689508  0.45332113664036883  0.46528250611547867
  0.47714298021949553  0.48836670085973105  0.49938913113261474  0.51084734649967545
  0.52252808867254819  0.53385508886373134  0.54515558945845000  0.55653310841034409
  0.56769669939199763  0.57874210466741860  0.59004878981231690  0.60172731721478212
  0.61300052256898951  0.62428301808802522  0.63546825963967990  0.64690807079137425
  0.65788234276915669  0.66890968028406994  0.67926969805278792  0.68979652960960303
  0.70053646538060488  0.71100814129667145  0.72147394188914071  0.73205472770566737
  0.74283512143245989  0.75326275551189437  0.76317136659553975  0.77305752545485085
  0.78310373007438094  0.79317719567545619  0.80297113773367823  0.81287000965067657
  0.82337052553151469  0.83420732654093477  0.84460010355044512  0.85504199077298082
  0.86573387077289332  0.87652108678399898  0.88690122765347901  0.89693845764481139
  0.90661348296578670  0.91601877226818673  0.92516453862157133  0.93411216764619220
  0.94283555601447078  0.95141485324684671  0.95928828836462132  0.96640538682232446
  0.97296764219174092  0.97886336458523082  0.98400390608671739  0.98826683277023208
  0.99162782048892040  0.99456374547538073  0.99733998349156039  1.00000000000000000
  0.00028620519029947  0.00030251831351808  0.00032244605959523  0.00035151959933109
  0.00039403453736826  0.00043642472773980  0.00047984552529776  0.00052846910545327
  0.00057696933179124  0.00062553596836732  0.00067517629562839  0.00072490081660512
  0.00077827109885175  0.00083583456950999  0.00089850240637299  0.00096068455332681
  0.00102087084039834  0.00108278386048109  0.00114457111575279  0.00121058814418726
  0.00128365673892087  0.00135945006935032  0.00143582516599013  0.00151577160249014
  0.00160368698296926  0.00170414526152370  0.00181568778458119  0.00193149557891863
  0.00205132600494757  0.00217886628437793  0.00232106787087111  0.00248120250700605
  0.00265205885590378  0.00283934640505059  0.00304089629334995  0.00325120459804283
  0.00346876515629706  0.00369009971745328  0.00391384238549743  0.00415320744836755
  0.00439772522072353  0.00465732516390948  0.00493173649430257  0.00522876039907279
  0.00553866266569248  0.00586091054373271  0.00621464835627279  0.00658222183806978
  0.00696460428849331  0.00735763842446633  0.00776273069437525  0.00818198578877172
  0.00862067285617650  0.00909855487817146  0.00960413072435157  0.01016122135467997
  0.01076073441005568  0.01136884113051186  0.01200894521242680  0.01267957596364223
  0.01337707927740532  0.01409922672826973  0.01486320165275454  0.01569552947008555
  0.01656745993237177  0.01748892428543617  0.01846661559119901  0.01949531605179232
  0.02061314015638796  0.02183417491710773  0.02307200337093546  0.02440686536640540
  0.02591683754319943  0.02749616096629750  0.02913752102825003  0.03083800369505986
  0.03259469157977655  0.03439125814803372  0.03644970563355959  0.03900492125567863
  0.04204512611831942  0.04538176314390324  0.04903302257578131  0.05270768421052054
  0.05655605903432298  0.06134390777009467  0.06790406314986681  0.07428889040804715
  0.08002833502344807  0.08667115686584193  0.09447252002193307  0.10451142837945282
  0.12031767672445848  0.20263705253118852  0.39389080239344099  1.00000000000000000
  0.00000244546035960  0.00000268297644185  0.00000293725239421  0.00000323056203449
  0.00000352857316977  0.00000386170209224  0.00000423708910989  0.00000462031591507
  0.00000502530995340  0.00000553896615301  0.00000618122515459  0.00000684293107536
  0.00000755504820854  0.00000832656935855  0.00000923419371127  0.00001027378905815
  0.00001147653810093  0.00001278485989807  0.00001410964779680  0.00001556119006658
  0.00001717651568811  0.00001927882637936  0.00002175544457142  0.00002455392022132
  0.00002768819437163  0.00003090919234785  0.00003443367799355  0.00003845128485742
  0.00004279731121614  0.00004775657084382  0.00005337943767401  0.00005949113886928
  0.00006627477142679  0.00007361027613870  0.00008181153998389  0.00009106073295838
  0.00010155059645749  0.00011296358623908  0.00012499448874477  0.00013750533724243
  0.00015080496085441  0.00016577540723110  0.00018242096682402  0.00020040882460363
  0.00022058083703545  0.00024294684182463  0.00026750270423943  0.00029407594806790
  0.00032270730840657  0.00035303559885540  0.00038464115208476  0.00041801657360392
  0.00045441621953549  0.00049469152632991  0.00053927725496141  0.00058749049684020
  0.00063869759435230  0.00069294346086557  0.00075044555215115  0.00081341917009682
  0.00088316452175121  0.00095706458079619  0.00103899581380100  0.00112607230144642
  0.00122334546308614  0.00133822341770054  0.00146770012375105  0.00160978441673476
  0.00175831905479204  0.00192519371434841  0.00210896633834318  0.00230858502825240
  0.00254382695618559  0.00281769805010097  0.00313122786855079  0.00348294991857263
  0.00387665342911848  0.00430862404839128  0.00479964808908519  0.00537243512662368
  0.00603896247593036  0.00685213912078616  0.00781089179520271  0.00889428962668621
  0.01012661372699407  0.01156857703825216  0.01342511794920005  0.01586571158292864
  0.01911216519033202  0.02318846392292629  0.02851811835558229  0.03634398989708656
  0.04644917496967595  0.07013855349547815  0.16863526853317831  1.00000000000000000
 -0.00253717586271342  0.00915486788997881  0.01948517564643538  0.02968358694041501
  0.04029681486607377  0.05116628580881467  0.06146366996767838  0.07133922572862421
  0.08122862420128439  0.09128305556706187  0.10143631396651598  0.11126899208229102
  0.12153405188413821  0.13271167393397576  0.14386744415125971  0.15375312570256411
  0.16291783934447573  0.17221885698061543  0.18187840570255129  0.19183918619946014
  0.20178785336121316  0.21166549043293137  0.22164924797757876  0.23168419737741541
  0.24203234907912460  0.25246538205154873  0.26296475121325225  0.27338548367386556
  0.28370826702911733  0.29412212618720057  0.30464033682370667  0.31520440527493432
  0.32569875168673490  0.33631139938851318  0.34729552977685274  0.35787427197210708
  0.36845808062321977  0.37868905787778073  0.38891077199517665  0.39909109662008174
  0.40908357583096744  0.41933361978824180  0.42979240801870611  0.44065249356794312
  0.45166366915103912  0.46264393957032851  0.47351243949129945  0.48414175657901215
  0.49477054524544140  0.50573183029327928  0.51688882863592067  0.52755752119791088
  0.53829169209616390  0.54852110941325849  0.55938959805182553  0.57016296049406279
  0.58115620888881991  0.59178046440326360  0.60242530055867960  0.61346011250203036
  0.62419809042976182  0.63481997394833223  0.64523535920839681  0.65688947542575027
  0.66894750124354985  0.68119217067945670  0.69351185464189025  0.70582091520118684
  0.71711382649230793  0.72783010393479330  0.73812521028979250  0.74828844417238172
  0.75859944915703670  0.76925596155659914  0.78046431865222610  0.79154800049971308
  0.80228690943812020  0.81264767029007801  0.82293179553269746  0.83302036165668669
  0.84340478219054649  0.85338997147166507  0.86387707653647283  0.87446065450410182
  0.88531668030623356  0.89600265179852934  0.90655172748450052  0.91712001531558918
  0.92803273439412348  0.93839572737956378  0.94844392379254339  0.95803558683587864
  0.96824413417486876  0.97850946738566813  0.98924582285921303  1.00000000000000000
 -0.00197811266909842  0.01021990478641630  0.02021939722277566  0.03019883372889817
  0.03973819183624278  0.04907269875428691  0.05889944409500888  0.06981546777717623
  0.08108026392098504  0.09150242922398627  0.10144522836861855  0.11123557933975070
  0.12110279140367489  0.13109553644787203  0.14128894379539522  0.15214578115955454
  0.16316959474591974  0.17449363765150860  0.18583348457075419  0.19760235471652726
  0.20897913113670583  0.21995072315973621  0.23089322408068336  0.24160038965763225
  0.25219234430736170  0.26288783454178355  0.27403881137180003  0.28480473526011391
  0.29548995721710125  0.30581105592174179  0.31610616264800839  0.32622363453032116
  0.33638709531121819  0.34673041933122978  0.35676707226470983  0.36717989268557311
  0.37755397639100569  0.38810140756287737  0.39882794030177110  0.40989989072213090
  0.42086304363582594  0.43158786140011751  0.44253951613211867  0.45396674740650811
  0.46528807805336120  0.47636684750250385  0.48613614961237467  0.49555898243804308
  0.50501585859304987  0.51444800008207492  0.52365382878391398  0.53216783952989777
  0.54027856737224877  0.54951118979322466  0.55937754123405281  0.56931284788229075
  0.57917162949692824  0.58922531957458202  0.59954611347938125  0.60974705738309298
  0.61964167844154416  0.63000557418741687  0.64029816235645121  0.65061018022373551
  0.66068844950958783  0.67097720812302186  0.68178483991638617  0.69234652656759965
  0.70320885758644713  0.71361051114245833  0.72415060629277161  0.73461401085694211
  0.74530117729078460  0.75632878048841357  0.76771931792209558  0.77903589654247696
  0.79003390759946091  0.80112086907719737  0.81226998894579960  0.82313119827353420
  0.83399951733938360  0.84513228522765971  0.85627376596217186  0.86747371840658527
  0.87830427827345081  0.88903562264184921  0.89967148581039713  0.91065621847358347
  0.92190825372244301  0.93284600585662947  0.94359574825337567  0.95414173247634260
  0.96462060881080458  0.97560756047618802  0.98735059471080266  1.00000000000000000
 -0.00228318559839806  0.01041078935802607  0.02146016521070518  0.03249852960475780
  0.04348608570685152  0.05331768875576287  0.06316189212726853  0.07321057636292777
  0.08366338552104613  0.09453549125982857  0.10539656385384120  0.11678543440333701
  0.12831160571913069  0.13982318678587988  0.15145781034443753  0.16300812001034040
  0.17389889538466233  0.18389895767529016  0.19379954751418255  0.20369496153138322
  0.21377163581619107  0.22386786421646007  0.23402800933908888  0.24461407335268556
  0.25561914410730618  0.26669481278472823  0.27778676219902720  0.28854426357712454
  0.29937217939028316  0.31017298542856647  0.32090505348184584  0.33174510451198863
  0.34241211179476833  0.35283515174652119  0.36303547277047793  0.37315093468322696
  0.38361443194603523  0.39458367401074029  0.40592176721997364  0.41698957052902547
  0.42704661334166633  0.43646561288882629  0.44590088859919214  0.45601925062413395
  0.46687989840842054  0.47793128567161586  0.48865238693685764  0.49892812988381818
  0.50884343767942875  0.51877395736341581  0.52879969403016236  0.53910712469693978
  0.54966213678256792  0.56029715364508226  0.57087581966284706  0.58161215075478323
  0.59249553828323276  0.60315209298493300  0.61307135743238761  0.62247619757230188
  0.63209343806698215  0.64216344200811493  0.65276461285561227  0.66354840984535657
  0.67432290342232359  0.68483196521978185  0.69501273263713614  0.70526667892417405
  0.71555596870743743  0.72589010266806631  0.73606532300907801  0.74632284142151628
  0.75618784437619013  0.76585618444205161  0.77551331087897923  0.78569542798020842
  0.79583671928234823  0.80551196829607330  0.81533524138699109  0.82555550663240196
  0.83608013283867588  0.84679403923159136  0.85780370785275450  0.86877729730044528
  0.87961596789085983  0.89025877347945703  0.90109672220007508  0.91200254755751142
  0.92294431967165524  0.93374625979050285  0.94447649572931081  0.95535550338851938
  0.96653255407988758  0.97781326755883258  0.98893182036930194  1.00000000000000000
  0.00106129544506601  0.00358526204428729  0.00667151622363115  0.00937421598318572
  0.01185499426084173  0.01421098965593390  0.01646322636609458  0.01864623177930299
  0.02080790128522899  0.02296063333909253  0.02513535704499419  0.02732154080652880
  0.02949122483269792  0.03162272063630735  0.03373015250611953  0.03584991579659238
  0.03797478562877471  0.04017838268106499  0.04219537226652040  0.04417442593487832
  0.04607401071477975  0.04799717200486454  0.04995595773554175  0.05193508582862850
  0.05386251506841948  0.05568287012666729  0.05745637190283247  0.05928513298521143
  0.06119751661928066  0.06320779355806705  0.06509612523763793  0.06688949347516901
  0.06865725982868473  0.07048730936170310  0.07244875767282989  0.07446896333878811
  0.07642137155852508  0.07844804194311589  0.08041888384580519  0.08239842770995669
  0.08442597352252225  0.08661635457615499  0.08889916731520346  0.09113960519208709
  0.09335383034260823  0.09563927882692486  0.09787141069102695  0.10021890281786056
  0.10239205503704270  0.10452991416700563  0.10629347470805042  0.10788218262089140
  0.10945844966280312  0.11095781063663410  0.11255889041212259  0.11468726827918599
  0.11694939205831453  0.11926650937392837  0.12221072675341056  0.12499704840971276
  0.12704804305527215  0.12915985943313563  0.13126772219330657  0.13378262494921386
  0.13663497089032767  0.13954317071175124  0.14246230665380974  0.14545721673644488
  0.14821029128159768  0.15097549383402392  0.15347379903414868  0.15591162402289244
  0.15840594037281391  0.16106723889543142  0.16377409862753686  0.16629347957565183
  0.16896665769396613  0.17167684947654469  0.17470807500167751  0.17856173287740273
  0.18334231815320695  0.18854233671998505  0.19259710554021189  0.19670951304587272
  0.20210587923558854  0.20891487326994507  0.21651434847185830  0.22393779675367007
  0.23081071436492631  0.24184217537795041  0.25579465575814303  0.26980913509379345
  0.28800476176787942  0.31312486626798314  0.60500081924115034  1.00000000000000000
 -0.00251549211787422  0.00962874286127883  0.02011185864424373  0.03054734931609033
  0.04143456351466213  0.05212406719729030  0.06265380346710686  0.07291211957507127
  0.08398444329414945  0.09611720536802595  0.10725064546113774  0.11772928851515502
  0.12795544334745437  0.13823900779669432  0.14905709151671370  0.15977904808951865
  0.17060202098793847  0.18154918982823151  0.19237419204771097  0.20275919150227614
  0.21307097824610288  0.22334913439612042  0.23399340689666900  0.24519801579247025
  0.25707532353355722  0.26936406305865629  0.28071192397321276  0.29215427624968288
  0.30405351066717401  0.31594745694990778  0.32732771950805201  0.33840765659510763
  0.34948845543872081  0.36052547979980804  0.37160810422006602  0.38224558362401617
  0.39244025931938403  0.40202734886282016  0.41129421739942273  0.42042257276963224
  0.42909284695269251  0.43742470185516463  0.44611027243131424  0.45533223435400944
  0.46528947226524481  0.47544033527783508  0.48498373310906467  0.49481094576234957
  0.50450909582014969  0.51357862587373282  0.52265917282099417  0.53219649567751104
  0.54232144627923673  0.55301801529246963  0.56364933255112515  0.57425797761224773
  0.58496822433187579  0.59581215478904792  0.60700022896013528  0.61836242848310785
  0.62975978288655232  0.64128120662576871  0.65269697204212496  0.66384067594837270
  0.67502061542974190  0.68611094559662134  0.69698696562605922  0.70789787566221396
  0.71869691861392870  0.72928376213482760  0.73959974512128568  0.75009968108744773
  0.76142652665112176  0.77251008228433282  0.78338162373719500  0.79396514115721206
  0.80478380071753519  0.81535822500311383  0.82577922612495647  0.83582583842780589
  0.84600470654761939  0.85578766478459101  0.86594262298170410  0.87588024674711895
  0.88653730423717580  0.89681275029645879  0.90742135212682828  0.91791728700635744
  0.92831037838400343  0.93849577930134198  0.94863836783296152  0.95898242500720288
  0.96958361273566107  0.97996640027104343  0.99013155621572790  1.00000000000000000
  0.00286470159583936  0.16481956081899102  0.22677023089336493  0.27137020002135925
  0.30749253600659704  0.33841800734690342  0.36538524751338158  0.38900268394420262
  0.41042865804774958  0.42982936522642340  0.44731393652849227  0.46285751591500840
  0.47731698403179101  0.49145201505734470  0.50559130816065134  0.51933131619963324
  0.53254961485064345  0.54521252177370538  0.55742624120706830  0.56915445916675900
  0.58050458086913947  0.59127369571770017  0.60166348549023230  0.61173459338717651
  0.62120612382939500  0.63043480038591337  0.63932363601390763  0.64820042870652617
  0.65688012940825891  0.66544362753296415  0.67366147005863697  0.68168585973986706
  0.68948531526672285  0.69685823733451990  0.70392903332877466  0.71071187337197650
  0.71718293141313272  0.72340579666778237  0.72946942650843272  0.73533098857606904
  0.74130633890436826  0.74744128214237160  0.75359359433757134  0.75986542141396940
  0.76595896721472267  0.77197157018551343  0.77768452618285566  0.78323787817987911
  0.78866445091321069  0.79395229815934820  0.79911219221014085  0.80422679672739583
  0.80927909066809567  0.81419323147806000  0.81897991424911087  0.82356926128497343
  0.82826531509215084  0.83289155029980477  0.83759083687559222  0.84226536099304949
  0.84689160855375456  0.85144784721415157  0.85586756756544935  0.86011241263578553
  0.86424257918437464  0.86834079852136792  0.87239977335113095  0.87637216639636228
  0.88028877957374629  0.88422867808658279  0.88824394551593011  0.89227489169398266
  0.89626600524078959  0.90017896654464957  0.90393127440922960  0.90767422866755842
  0.91147266488352274  0.91520253761252868  0.91901378099002407  0.92287693616437139
  0.92663050984959972  0.93027740090160904  0.93394717406897820  0.93764869203766255
  0.94154414833111799  0.94554870400068192  0.94952679124710093  0.95341535340221850
  0.95726714216338926  0.96120467122776676  0.96535180312746705  0.96974526098631120
  0.97473633886491906  0.98050719539401365  0.98837037103746961  1.00000000000000000
   1.5332869889546557E-010  -1.0000000000000000     
 F F F F F F F F F F F F F F F F F F F F F F F F F F F F F F F F
  <DiscreteSampler_grid>
  grouped_processes
  1 # 1 for a reference and 2 for a running grid.
  10 # Attribute 'min_bin_probing_points' of the grid.
  1 # Attribute 'grid_mode' of the grid. 1=='default',2=='initialization'
  0.0000000000000000 # Attribute 'small_contrib_threshold' of the grid.
  0.5000000000000000 # Attribute 'damping_power' of the grid.
 # binID   n_entries weight   weight_sqr   abs_weight
    10   10   2.175295069057754E-001   2.742399346846892E-001   2.175295069057754E-001
  </DiscreteSampler_grid>
