  0.00174358356349620  0.00615011814674896  0.00899254926026028  0.01087411254144550
  0.01299547720128645  0.01505268557937191  0.01731075342612049  0.01962118207749880
  0.02183319089778988  0.02360968860070316  0.02515073884640376  0.02668359064121397
  0.02851419914773685  0.03055836529054148  0.03256463289005219  0.03448998748739268
  0.03630214787516962  0.03803720301972571  0.03975461825067166  0.04161375281479403
  0.04408097660686704  0.04697584196969690  0.04947014462125024  0.05195315128864632
  0.05445881678658723  0.05695725768657209  0.05935266166218959  0.06184369433905618
  0.06421309690232013  0.06696219118590381  0.06916968087777417  0.07196788408943269
  0.07537198711510588  0.07990146321600911  0.08370448120654260  0.08718827570786043
  0.09036873293736784  0.09333693719497531  0.09629179126416230  0.09933461849195581
  0.10199866872044379  0.10419482720760773  0.10627994099355161  0.10848416986706966
  0.11095756496825936  0.11357602659002676  0.11585321150537876  0.11795451928937487
  0.12008878619297136  0.12219525710714724  0.12413155389018664  0.12607230257343632
  0.12795499671651880  0.12978726435829449  0.13160919212667171  0.13346718314971601
  0.13534030097104624  0.13728584615814773  0.13925624407591558  0.14143776858130805
  0.14398226008438322  0.14685232187846173  0.14985197299797651  0.15233891295494317
  0.15416200589628626  0.15711858131866893  0.16224192175284138  0.16813791361710140
  0.17276507192436857  0.17702647822088591  0.18111750812440056  0.18465088529754414
  0.18808943753520296  0.19155740348716208  0.19556922976469909  0.19980395501617385
  0.20424572459694826  0.20920616166734649  0.21353991251390531  0.22035164478697042
  0.23328831291563093  0.25887834387724201  0.27356447786107430  0.28270179450783012
  0.28896905463519507  0.29451665332834365  0.29975396872520282  0.30568964769604234
  0.30973141879647914  0.31638075831861318  0.32824348987364960  0.33035590276408405
  0.33035590276409404  0.38421242601640920  0.45537369404753758  1.00000000000000000
  0.00021288021634184  0.00031846741966419  0.00038062688199972  0.00044863081441446
  0.00053003771101266  0.00066116418194652  0.00087653116967510  0.00125613688899443
  0.00162324060224904  0.00204513914259497  0.00246162627424066  0.00283919809624155
  0.00318872221400391  0.00352267993079762  0.00387981184723827  0.00425928605357953
  0.00471543663296428  0.00524519661687462  0.00571322305984722  0.00613625057735191
  0.00657906368206404  0.00710613453573258  0.00768845720212811  0.00817422116334905
  0.00858345174774073  0.00909066303935763  0.00969224092508962  0.01042257037015292
  0.01114505675317254  0.01184866342311934  0.01247833195588198  0.01319305762502763
  0.01390579376051556  0.01460798780004752  0.01533740617371625  0.01613353411126556
  0.01695259224198895  0.01771383327590175  0.01851188630345406  0.01946446095237633
  0.02045972613302819  0.02142971702669412  0.02243128579224157  0.02348837378334068
  0.02473564310850048  0.02638328958931934  0.02840729186929808  0.03069242010080950
  0.03312564072779075  0.03496490252703657  0.03671926001028193  0.03841452692830393
  0.04014168229628093  0.04184718055314634  0.04368246941670136  0.04558803089635022
  0.04717382127682059  0.04845065470379793  0.04968275823045452  0.05094614147735314
  0.05236287804873324  0.05408100036403936  0.05579422630455610  0.05745588590573847
  0.05916786189039662  0.06107029218054581  0.06307911537613299  0.06515205005683491
  0.06694635167749415  0.06887067095551502  0.07046967227298072  0.07171028436917179
  0.07300492038099887  0.07481252669200730  0.07714733991376391  0.07963950255081040
  0.08320081583148917  0.08822824084046006  0.09328217155102526  0.10188430491884928
  0.11744550124229575  0.12641327397362570  0.13424404971227588  0.14420495499505434
  0.15550037144368148  0.16071694690882679  0.16547587092095190  0.16988414810303976
  0.17442688193603845  0.17941319599089314  0.18786660168790431  0.18786660168791430
  0.20570768444021195  0.22561246453017719  0.25968426611769313  1.00000000000000000
  0.00029686471217368  0.00047708870084528  0.00057978856625011  0.00064569351483155
  0.00071254336815990  0.00078181649059218  0.00085019864492358  0.00091412938099480
  0.00098276788634745  0.00113714768910155  0.00128868315769624  0.00161190030546727
  0.00195000262039721  0.00226788822305932  0.00252524979868385  0.00281209942147065
  0.00330785368074013  0.00389108973582317  0.00464285837016475  0.00568129791080603
  0.00671235289060776  0.00735940843737695  0.00803355959099386  0.00903877843676292
  0.01044216553624799  0.01195986741363202  0.01318309928248268  0.01415367745376928
  0.01505285785478591  0.01606929777727031  0.01720318390843116  0.01833661888536267
  0.01961103515489623  0.02112321499101448  0.02265596011329094  0.02424619936596905
  0.02532894061687856  0.02637167631887029  0.02745411081595420  0.02855457954935145
  0.02969378499941431  0.03082841182734695  0.03237234153829420  0.03389058533382460
  0.03531027304740722  0.03666513451876870  0.03811562607826922  0.03964635456730999
  0.04155674942329186  0.04366290752136340  0.04623029362806286  0.04904979092343504
  0.05103582234753575  0.05265420684317763  0.05420115754102049  0.05572648662736829
  0.05732055081925184  0.05864103699328786  0.05955871042812059  0.06045136894360870
  0.06152583305949790  0.06275302063943285  0.06413719141346014  0.06554338076208630
  0.06685143261297755  0.06829245992806549  0.06991177904054685  0.07159584870847818
  0.07311466974859555  0.07489608631350668  0.07710748508533506  0.07943117362557846
  0.08179091550327681  0.08427759527710700  0.08700309476617074  0.08983577738567761
  0.09265526160213138  0.09605268318659151  0.09937316444966961  0.10217713601927060
  0.10467855751420432  0.10718255777945523  0.10984921465465874  0.11276350563945900
  0.11563488479143322  0.11847335897921109  0.12193057987359752  0.13165387388229735
  0.14870545939845653  0.18212781481198265  0.23039341974616315  0.27669452946476958
  0.32122766033537392  0.35076086084018915  0.35834208762167913  1.00000000000000000
 -0.00148522563199745  0.00595214497863375  0.01187587064806972  0.01683826212707537
  0.02131212461338742  0.02613323404120555  0.03132882885580116  0.03716640226264389
  0.04302367694406936  0.04737266331264926  0.05195608066873916  0.05680542372245265
  0.06246967853548381  0.06756420775730680  0.07294884073907527  0.07841271328197126
  0.08369422295719058  0.08866946868804652  0.09412165934436212  0.09938329505264117
  0.10417037000104895  0.11093246561959511  0.11879101625847069  0.12617511827645728
  0.13417649906120949  0.14373628748796149  0.14999646983709616  0.15749929134732849
  0.16576147045593806  0.17436718357014408  0.18099156153278273  0.18700055934990564
  0.19300511654183009  0.19939904527221361  0.20491389592306500  0.21407628422484859
  0.22345268930086992  0.23160992074512524  0.23809779750227480  0.24356992383105891
  0.24954666610839807  0.25610402572941954  0.26398392441665602  0.27191020590846177
  0.27785958659476978  0.28403390468480655  0.29042331271743871  0.29927474636207141
  0.30816602074403654  0.31811251589741557  0.32941875389940994  0.34047765119191542
  0.35028680166786175  0.35842575447620034  0.36567281868142865  0.37298029771011987
  0.38017403741661027  0.38760899902923873  0.39551139202763064  0.40381651590986362
  0.41265832255556834  0.42568103407703756  0.43933531200141673  0.45301207188088033
  0.46689310594432076  0.48176278550853463  0.49474555605634024  0.50739795490297979
  0.52033365316720026  0.53534675356705663  0.55350974794295027  0.57007952120335215
  0.58608602527903975  0.60027737492685351  0.61107361371755575  0.62085414313385778
  0.63123799264800395  0.64421943694263262  0.65872261759729989  0.67453586869276116
  0.69201232030632687  0.70937633210673623  0.72687342363116869  0.74310250468927563
  0.75791395126675454  0.77352643162905721  0.79252627823305721  0.81263882849300373
  0.82907077487631797  0.84628373128670475  0.86639696328073812  0.88825086444069123
  0.91115436480612211  0.93861546572408905  0.96781174844966000  1.00000000000000000
 -0.00308793225540670  0.01087474456860354  0.02272698900065157  0.02695896704164919
  0.03377010895256062  0.03948796319651529  0.04547511392051198  0.05184810905661202
  0.05958150515709692  0.06642462028610606  0.07237070144937661  0.07834587314022570
  0.08602803881980495  0.09765105622139134  0.10778702946437355  0.11762770048662560
  0.12678577176361341  0.13464957350060039  0.14189998645002799  0.15007444274057496
  0.15932170934236772  0.16861741682501727  0.17557919418928769  0.18070853654418226
  0.18915725567480371  0.20259874593334243  0.22048555366296319  0.24029612590350236
  0.25873204022860918  0.27328388841758788  0.28391346319936861  0.29341956404910058
  0.30153476590388600  0.30893461101322733  0.31673703956765542  0.32515349892327761
  0.33278329370007059  0.34308762410146498  0.35957070677716801  0.37437099217401781
  0.38894577758870585  0.40338183121038385  0.41766797043899540  0.43193680227103048
  0.44546874925388091  0.45851602935096508  0.47175209682505542  0.48448259110263242
  0.49750034318236747  0.51142052172013652  0.52507519558662519  0.53755925313947894
  0.54949052675772869  0.56212987464406328  0.57658047619091568  0.59150836700098752
  0.60546226400273806  0.61637075625210858  0.62696049576782897  0.63810487206387101
  0.65033118134950341  0.66547517995291039  0.67600041901087915  0.68631270837008596
  0.69716587945531072  0.70714996378342032  0.71671427915094732  0.72603168708770693
  0.73365857360501274  0.74257680178948027  0.75441548931909586  0.76573963612521723
  0.77517008411354615  0.78451803141915577  0.79537635406217355  0.80698028262587285
  0.81749977709795629  0.82750932090341611  0.83705429579074431  0.84625021541102807
  0.85558192954213819  0.86517456425892347  0.87468346460378621  0.88444305796974343
  0.89467318616571212  0.90421552364929891  0.91357642428901142  0.92358601254896222
  0.93544213847120494  0.94543498082635791  0.95640962036478760  0.96714892386677598
  0.97698345264318132  0.98536720888940121  0.99291049184681590  1.00000000000000000
 -0.00583171959817951  0.02203647913574603  0.04174140014754663  0.05861979031703247
  0.07324201492646529  0.08583710670960139  0.09636672260649955  0.10504658611134669
  0.11420945250039286  0.12405868763465305  0.13529752850007329  0.14415383063320442
  0.15361541234781398  0.16428586785354390  0.17646189380607397  0.18973628545923524
  0.20131834852752872  0.21265800515922387  0.22429563209950037  0.23560943703402942
  0.24836570088520735  0.26107337982251561  0.27227858452663972  0.28172459662867272
  0.29108892816897702  0.30314723783368214  0.31581937094792700  0.32851267470212403
  0.34225525664724860  0.35936195317129760  0.37735002585592353  0.39361675708155042
  0.40939461917235642  0.42356235502173040  0.43609038581528176  0.44713713134497252
  0.45839680454040660  0.47148146309410793  0.48422776047509070  0.49475459129682053
  0.50323580046622496  0.51151246307634735  0.51990887889829362  0.52821943249904035
  0.53836031555129282  0.54994474659221937  0.56372385966577676  0.57870739439771990
  0.59397217548061809  0.60876480792672460  0.62261752333576770  0.63264941687481158
  0.63965325411688345  0.64575929071503912  0.65217896446010692  0.65965682891555366
  0.66633096890912924  0.67089671803314233  0.67532824621927334  0.68122703236054838
  0.68833512285189102  0.69653590095895823  0.70445035115151522  0.71222403869679118
  0.72033241999112041  0.72820945061682985  0.73597471012008586  0.74383463112594395
  0.75228058502712025  0.76204456287755262  0.77248140590667269  0.78615111402714144
  0.80007086304981423  0.81231200453128172  0.82103607107778609  0.82987293423710340
  0.83809228021370408  0.84549947159949357  0.85264442576795230  0.85910483743970278
  0.86506698803340454  0.87041972769854925  0.87648017667172717  0.88724095417020354
  0.89799846359907010  0.90620056472939892  0.91436718783215132  0.92313223106226661
  0.93215259603088418  0.94138401204006972  0.95110012491506657  0.96112793581640810
  0.97108481191806950  0.98109902747381617  0.99054209404910876  1.00000000000000000
 -0.00431365592408843  0.03813684238949145  0.05700117446109470  0.07063506489331745
  0.08175375790300442  0.09004547524117096  0.09694787592595448  0.10354991711195437
  0.11033079209004976  0.11744672505390523  0.12476984841717324  0.13180974609378091
  0.13887510145783827  0.14539559456680085  0.14929342581099159  0.15293073478137806
  0.15691848035855666  0.16096316635913560  0.16451155337551118  0.16730756223237930
  0.16977507978404313  0.17226003844195661  0.17514194092836124  0.17796809665214702
  0.18065920819799880  0.18336232514325493  0.18595307999035943  0.18838739509901598
  0.19087439441326193  0.19362867451785382  0.19689866767901398  0.20015706749228204
  0.20290884920079405  0.20505177524305460  0.20696724921467693  0.20942644247216674
  0.21267964411435805  0.21648263084177219  0.22001441857024526  0.22312761079843899
  0.22618989124955927  0.23003918320550298  0.23435433501909916  0.23952208132375080
  0.24545193979211422  0.25196724812802501  0.25821052624723118  0.26431530842545037
  0.27028127635887572  0.27613237281997405  0.28093869854601294  0.28697757616643832
  0.29232166606591331  0.29565737606599057  0.29938398651249770  0.30263952625193824
  0.30629047011543598  0.31022643814696832  0.31447123964083834  0.31886707905520739
  0.32383311541669629  0.32751003259930306  0.33130380742525362  0.33509311227844502
  0.33898318711732828  0.34337415233188162  0.34835566134479551  0.35295958459464549
  0.35673168709079262  0.36120107751027097  0.36583008801440592  0.37032346504970343
  0.37622809009971714  0.38319004095155201  0.39084189971760064  0.39891655101513479
  0.40652386073257540  0.41268896281808670  0.41791380370868708  0.42275519248392945
  0.42678067997773839  0.43086858799209393  0.43657822296650117  0.44189788260130064
  0.44706706938221208  0.45519139983604828  0.46174239958127011  0.46941312602915658
  0.48045128885486948  0.49441895896856353  0.50367632656730998  0.50925444160007394
  0.51355156763602727  0.53839002229621191  0.74347103166922601  1.00000000000000000
 -0.00123263021537694  0.00774787497676443  0.01683441615897751  0.02913622976451085
  0.04268310215071160  0.05677967890717946  0.07595835604770994  0.09311444857541910
  0.10456148479769097  0.11666984342321939  0.12824630180315336  0.13834893793652600
  0.14871668737564006  0.16004415066065220  0.17045515095732966  0.17929679079567984
  0.18985367613775186  0.20207547169032908  0.21687789449699788  0.23115489092515415
  0.24418971580606558  0.25686047312939131  0.26928571650945143  0.27911204730578354
  0.28749178768366895  0.29478660700910742  0.30158974993081006  0.30901474502350412
  0.31626942188405543  0.32312513021526607  0.32992814007731974  0.33653796638945555
  0.34349693327368774  0.34974377393177719  0.35678529651581786  0.36520744918876058
  0.37361493058948048  0.38097803346851183  0.38876909743283278  0.39613868296029908
  0.40270585335867692  0.40971480589004855  0.41745636152876314  0.42631618019780898
  0.43545748949325280  0.44304733390406514  0.44855004694906592  0.45429174179243742
  0.46158805887443038  0.47352272303119236  0.48208538991743372  0.48929754044326484
  0.49610415278728004  0.50353689301070781  0.51193660098935578  0.51955764624667999
  0.52700040255713676  0.53339689280118585  0.54002169580102843  0.54828270548429525
  0.55777212643391749  0.56693551681694510  0.57618196893611884  0.58515193108000196
  0.59435128169822182  0.60579876264352017  0.61748101406911582  0.62611800198222223
  0.63483695258160078  0.64348236032958428  0.65270027315231849  0.66259433587392380
  0.67204104880318538  0.68075212335830271  0.69059287109581724  0.70277938108113092
  0.71420702465796704  0.72389559675819026  0.73401085201337124  0.74506097305381680
  0.75590153414010708  0.76767357188558705  0.78290732980672229  0.79949029938817162
  0.81330800187389884  0.82606651608862369  0.83673703824638068  0.84730575964127486
  0.85971717067560405  0.87204665501264256  0.88788382197049709  0.90530068340704162
  0.92745697840388286  0.95301903497564044  0.97649613205410379  1.00000000000000000
 -0.03294498652041082  0.69745201526659639  0.80064220728881175  0.84658890606931703
  0.87595877131245858  0.89448075882431599  0.90653088085370170  0.91670321994397530
  0.92394805382883682  0.93056726978926019  0.93629408675154591  0.94001155672618375
  0.94312985079896461  0.94628731639497921  0.94904267254079822  0.95142820939505102
  0.95366338106755366  0.95583342436088825  0.95784468332129691  0.95929264272535808
  0.96044191565410197  0.96148822743318774  0.96239054042298511  0.96325472359166520
  0.96417972157299991  0.96524889198749220  0.96624151175184192  0.96722551334464901
  0.96823231870659254  0.96925033525024284  0.97021710117513782  0.97118745872112611
  0.97207820531937406  0.97284785871760293  0.97360701677323447  0.97432477367388459
  0.97503693709188588  0.97573277825796900  0.97641004219317640  0.97709856005749818
  0.97782980167658828  0.97860140750146529  0.97931662635254257  0.97991904293544008
  0.98046048642663053  0.98093987560454754  0.98137326935420643  0.98178656251274377
  0.98215848728567379  0.98248876207812108  0.98279361197073423  0.98308722698074247
  0.98340458251847462  0.98378652462562888  0.98416469022672948  0.98455772746665782
  0.98495693977044207  0.98533923140391655  0.98573247679394949  0.98609152140395928
  0.98644636976432842  0.98680716117659328  0.98717345370108933  0.98756301140661362
  0.98793090617804058  0.98826836583260591  0.98858137650771316  0.98887345090562817
  0.98917175403066249  0.98947384896688806  0.98978168830024471  0.99010709497291816
  0.99043629896887064  0.99074095351382585  0.99101930496288326  0.99128088364835087
  0.99153089081881596  0.99178522938412961  0.99204287339534658  0.99230413923926508
  0.99259788896007006  0.99287466188823892  0.99313922370594865  0.99344867180884644
  0.99376142205930706  0.99407676073924578  0.99442018776442398  0.99476940264927238
  0.99515420562742818  0.99553506540929593  0.99589043054140025  0.99629105238011240
  0.99676216486656610  0.99740269783999036  0.99836793621192588  1.00000000000000000
   5.5723224721578059E-017  -1.0000000000000000     
 F F F F F F F F F F F F F F F F F F F F F F F F F F F F F F F F
  <DiscreteSampler_grid>
  grouped_processes
  1 # 1 for a reference and 2 for a running grid.
  10 # Attribute 'min_bin_probing_points' of the grid.
  1 # Attribute 'grid_mode' of the grid. 1=='default',2=='initialization'
  0.0000000000000000 # Attribute 'small_contrib_threshold' of the grid.
  0.5000000000000000 # Attribute 'damping_power' of the grid.
 # binID   n_entries weight   weight_sqr   abs_weight
    10   10   4.375626632315234E-012   8.195786800622050E-023   4.375626632315234E-012
  </DiscreteSampler_grid>
