  0.00625458354626819  0.00638264197115768  0.00657921818402947  0.00672251188404696
  0.00686228006227303  0.00700455864425466  0.00714583960236135  0.00729254427523257
  0.00743901720988519  0.00758112134417177  0.00773259641099194  0.00788298954422903
  0.00803206531108226  0.00818756982192750  0.00834243358337611  0.00850226835959674
  0.00866635961899433  0.00882804255143460  0.00897208035232719  0.00912166179276411
  0.00927354143642643  0.00942626664489683  0.00958424504191086  0.00975522795045170
  0.00993152301582030  0.01011244521852729  0.01030479583799105  0.01050146898173552
  0.01070395318238096  0.01092195613898088  0.01116464135127651  0.01140767699785629
  0.01165497614236568  0.01191887288766107  0.01220841845425246  0.01252142985327793
  0.01286638549939774  0.01322890857187010  0.01355411575139898  0.01383340493319059
  0.01410984788220030  0.01439136430877743  0.01470401189863292  0.01500692756755210
  0.01531886356188008  0.01563292675716055  0.01597220088726192  0.01630541390541341
  0.01677111559420769  0.01722296022331105  0.01769224965708523  0.01817561768080247
  0.01866703572137294  0.01916073712963492  0.01965279453778238  0.02016459178177964
  0.02072378151606401  0.02130432386556841  0.02191152789228497  0.02251797624816171
  0.02308291582403055  0.02370341369569131  0.02438292551871879  0.02513995300823670
  0.02591951496235742  0.02671207301303937  0.02752384967799175  0.02839880146099389
  0.02924090753374742  0.03023669947095224  0.03146104293807498  0.03282322427975938
  0.03433748920939170  0.03582435102375126  0.03727183305482712  0.03868875729095052
  0.03999845652789895  0.04126870135577036  0.04276018927216126  0.04458284927971069
  0.04678963252821697  0.04951713015448427  0.05259339851446493  0.05590445385739198
  0.05932489506659458  0.06301297548156025  0.06758306013100841  0.07413865320460357
  0.08124357012126175  0.08957202845847051  0.09975080830202003  0.11215505321507933
  0.13679824747455130  0.17633786058662060  0.50877665843069597  1.00000000000000000
  0.00000267752559537  0.00001682553243778  0.00004119952692449  0.00007534084330057
  0.00012004005774064  0.00018120931061086  0.00025781245509529  0.00034333254936192
  0.00043763191420520  0.00053444166335520  0.00063214363978269  0.00073101026109779
  0.00083549957069165  0.00094502412989079  0.00105758794297303  0.00117635759105655
  0.00131467110133106  0.00145436434760356  0.00160391061243033  0.00176055050601380
  0.00191986467602292  0.00208606013591396  0.00225349684545596  0.00243252259755691
  0.00262841461825674  0.00281904793199709  0.00299757696957107  0.00317436411058894
  0.00336014979193437  0.00356908378771125  0.00379942078719740  0.00405774186869264
  0.00432698592553142  0.00459130327110480  0.00486811826208638  0.00516119785426763
  0.00546310071357668  0.00578636836822348  0.00609279320769579  0.00640837815515906
  0.00674907219722053  0.00709415415827665  0.00751812102116799  0.00796072227597280
  0.00842649602739527  0.00887756067048626  0.00933782620370070  0.00983534839796680
  0.01038172088034422  0.01099121613217677  0.01167247112423019  0.01240605457638072
  0.01306960321229718  0.01381412979382619  0.01460749943241357  0.01542875027293198
  0.01633049700578762  0.01737355205531307  0.01828428346200006  0.01919421837606364
  0.02008751899474611  0.02112358147437675  0.02224625472057374  0.02332690488502719
  0.02434605311827902  0.02528300829959277  0.02633569214080822  0.02746680249084726
  0.02857879380216427  0.02974879270391128  0.03103241096436174  0.03233855748314125
  0.03378667287993307  0.03570456920599085  0.03789063556120354  0.04021269270418953
  0.04239384610744733  0.04444218432691698  0.04633955938790924  0.04882171209616772
  0.05131415014924297  0.05426139380173856  0.05753932647143750  0.06091975751599717
  0.06623631018747353  0.07380050839018520  0.08175045404254820  0.08938183758141836
  0.09744422912296688  0.10692308913546505  0.13036677913598324  0.16140429954889102
  0.17089263842227834  0.17907269510318774  0.18668953385781040  1.00000000000000000
 -0.00000329813373158  0.00019383004348929  0.00056421893663961  0.00102321410275840
  0.00145881746253277  0.00184628809353367  0.00226243793802233  0.00266262363218723
  0.00306411691983226  0.00348327847718255  0.00394087282848586  0.00440264876510332
  0.00487846971933183  0.00535406296780634  0.00587627258459636  0.00639702139989421
  0.00693081403315317  0.00746645732114099  0.00802777012553192  0.00860835257790574
  0.00920816683993515  0.00981217704640226  0.01039797325693494  0.01099551434953293
  0.01164374106672685  0.01227982951556831  0.01287865106824511  0.01348357964227974
  0.01412754787686876  0.01478471909542930  0.01541374834185986  0.01616751442473414
  0.01697576558322256  0.01777353386381021  0.01849985676984773  0.01920489872050026
  0.01992097777241328  0.02066314333820209  0.02138917633314614  0.02209952713596896
  0.02285445871913477  0.02363121589076793  0.02443405104268330  0.02527880348431915
  0.02620590433285983  0.02716442678712419  0.02806637480637789  0.02885273542753803
  0.02971597400725540  0.03069601240942931  0.03171009905804884  0.03307917876163442
  0.03445843042502159  0.03586343848554960  0.03722356723015944  0.03857032817267913
  0.04001549620073845  0.04164433831706796  0.04337709829585047  0.04506152168997758
  0.04683876941879087  0.04884308497017691  0.05103510620342838  0.05356034845415979
  0.05706726443313925  0.06085313300866079  0.06430013965889463  0.06642680791624955
  0.06857123001589038  0.07073972718086600  0.07310482914381758  0.07574289112060863
  0.07872133238672960  0.08212779059782702  0.08556181758644994  0.08895237774650497
  0.09208005672512207  0.09499021509323749  0.09793011374811036  0.10169231322810472
  0.10637925633511659  0.11168216947746758  0.11592404976589085  0.12307865639639592
  0.13226194820091650  0.14290203180894642  0.15767891951644519  0.16689344753946009
  0.17521694157272327  0.18366031894370297  0.19154795460266250  0.19895684088522872
  0.20586870378453312  0.21226838205134457  0.23074101921011381  1.00000000000000000
 -0.00224630012352958  0.00999605663296663  0.01908840647489653  0.02778724032176734
  0.03580384395073950  0.04622555793383967  0.05827455195204949  0.07289555494487021
  0.08541703342370212  0.09683290682137713  0.10726737609266514  0.11772769005582348
  0.12910656713083202  0.14042675700850785  0.15225182593899089  0.16419995883687022
  0.17405032824930874  0.18153169612861189  0.18974989880313323  0.19920299796680568
  0.20927131117241896  0.21879078140730801  0.22762949019985934  0.23724207560759220
  0.24826635168258268  0.26031641720465570  0.27495702621271123  0.28977635510864502
  0.30364592007123442  0.31575434903067057  0.32693063152517987  0.33885224770468331
  0.35143269991466830  0.36441894896512467  0.37624240446245788  0.38645688902013681
  0.39628830626875500  0.40724576829517878  0.41813312257270141  0.42736907412244435
  0.43628787186050033  0.44560720703812190  0.45550620904868300  0.46519767494311232
  0.47476158749771435  0.48422555093420772  0.49351207732923352  0.50342727215990779
  0.51450832272929592  0.52720251184590217  0.53882798129236453  0.54932752462535728
  0.55919575458457449  0.56931063052122033  0.57876029307358545  0.58817676191943202
  0.59807477294473677  0.60905114770050195  0.62104013724395302  0.63292307119778879
  0.64419695266563670  0.65516618195966458  0.66605470123731603  0.67736420136751374
  0.68868728558989634  0.69948251982150589  0.71010471168848011  0.72120109829569579
  0.73286161517961679  0.74541177745926779  0.75755277562057466  0.76961409551940085
  0.77963628548387309  0.78900010071430371  0.79878179902720192  0.80954201590026431
  0.82048434765765033  0.82992910888553317  0.83955913733948306  0.84965560527583806
  0.86070308425492337  0.87262713427806426  0.88406583169512498  0.89510644436657050
  0.90426887490727748  0.91228558165837648  0.91970738925724294  0.92765801500063350
  0.93651847695166679  0.94401792117102090  0.95122510530473980  0.95914715521934757
  0.96895288458861761  0.97836007648120327  0.98870283982751772  1.00000000000000000
 -0.00233425355211319  0.00780419913448704  0.01715251722280582  0.02724811298767624
  0.03856533122277502  0.05117888678089288  0.06355617373551087  0.07504594963925136
  0.08544245447333253  0.09558716212944979  0.10531573080030300  0.11478870006107049
  0.12433412799055631  0.13303465191495067  0.14168648341650392  0.15064748227666325
  0.16014030761272099  0.17179667100980586  0.18353371013727049  0.19289067872203472
  0.20081678480960388  0.21018486473971534  0.21994531659956340  0.22843623219574705
  0.23681031331711763  0.24507143664941136  0.25340604640504760  0.26224982353243703
  0.27141544965026204  0.28108671368301014  0.29124078927579622  0.30076206776582282
  0.31000094571051429  0.31951187019531246  0.33035892174322745  0.34095312125657401
  0.35186501783337948  0.36226541030922521  0.37231413771311872  0.38256489498584267
  0.39277898794002658  0.40308747100184711  0.41215462191809660  0.42106550078545979
  0.43056539745028383  0.44139426182079017  0.45367898239665350  0.46534818709576775
  0.47715093816082815  0.48856627236049377  0.49949140780287632  0.51022707821576951
  0.52112344807840372  0.53267674960217715  0.54450477168257982  0.55593651870048844
  0.56602585284527862  0.57490575106016162  0.58387960162115748  0.59245147484967831
  0.60085720315322932  0.60990147312849174  0.61879104045029165  0.62848390601882709
  0.64018432826519567  0.65244349316085104  0.66356245953437398  0.67370670114139830
  0.68410153561170739  0.69506946294552896  0.70596592141538872  0.71645370225112059
  0.72706339067784642  0.73783840002927792  0.74870594068372065  0.76011198994761175
  0.77227437776671537  0.78499537672041886  0.79722667387640089  0.80825906063344133
  0.81914774393707157  0.82963415873468704  0.84200009233965356  0.85380566722810092
  0.86531272898473000  0.87697750114991269  0.88956922298873087  0.90235147309000752
  0.91476917796237023  0.92779793662567955  0.94088169030963476  0.95383442247110717
  0.96665951827026197  0.97901239367713799  0.98970490129355526  1.00000000000000000
 -0.00311157484088431  0.01071121598683512  0.02162185066173036  0.03251266772485863
  0.04352819584508483  0.05476090362301596  0.06617162244571401  0.07790416399192057
  0.08875339081663032  0.09764515865786132  0.10532233015517890  0.11319906724980833
  0.12178326846963702  0.13198156811965175  0.14199328346046280  0.15281229145861830
  0.16623013518479843  0.17788468083734582  0.18892557665040302  0.19902220735501014
  0.20878930524231948  0.21795387762935101  0.22713041211268434  0.23662913135602792
  0.24588548433516252  0.25594732762900735  0.26708109491618764  0.27915075322964378
  0.29112921054786239  0.30297274808539859  0.31455825545476795  0.32544841741570146
  0.33633549702006293  0.34756589516981995  0.35806627521436496  0.36796333053239932
  0.37776635254834912  0.38785255096622478  0.39932598950676845  0.41058764950284393
  0.42096775044523277  0.43116522846761102  0.44060420916024484  0.45061872700973993
  0.46024460549692497  0.47016216878269895  0.48083649471981288  0.49165930081669784
  0.50372957108462013  0.51678490279437228  0.52812325989857023  0.53813746829218245
  0.54871334280552930  0.55972087450755259  0.57058501896198899  0.58111845746597135
  0.59146558499118418  0.60194854048583590  0.61329490457575508  0.62478535852061068
  0.63571203127904718  0.64608750325500530  0.65689315472671639  0.66848903523911041
  0.68042040437972928  0.69242382154010229  0.70352865888606853  0.71396178982606073
  0.72395214990611811  0.73357718407839001  0.74355542812433695  0.75438306030002922
  0.76606322468959276  0.77785678631868538  0.78950144641000541  0.80126046015178143
  0.81306482081690568  0.82492426087953252  0.83621778437701644  0.84668921596771651
  0.85619727081054298  0.86443059632351715  0.87250329559355033  0.88010314412995638
  0.88689498892395102  0.89447529887652411  0.90149098697814301  0.90860187011801197
  0.91667440980501291  0.92799901963954778  0.94059667756294862  0.95326334512649302
  0.96513569912405228  0.97699053969135063  0.98821897432654049  1.00000000000000000
  0.00555270535777999  0.01145784446488309  0.01547936051274499  0.01873217469576796
  0.02169364855528162  0.02461255311070709  0.02737723473231445  0.03012000757170557
  0.03257732705075495  0.03483704037898699  0.03697057515978500  0.03900334413230404
  0.04100653007572163  0.04283194392506479  0.04449100104258709  0.04606158568779025
  0.04757709697680870  0.04914427825421917  0.05075599745882501  0.05233237037094229
  0.05392661887689379  0.05563646565317261  0.05728643245691479  0.05896435179483785
  0.06070642202622521  0.06248737710212501  0.06425969575819161  0.06602974179947312
  0.06785462395308195  0.06977167003668383  0.07181990918098440  0.07392930331030559
  0.07590525844032227  0.07776989009823600  0.07953799800084226  0.08128650929999170
  0.08318033147632124  0.08512545342580502  0.08743919307984671  0.08951935057113403
  0.09163891817246983  0.09372928895253771  0.09585777828330660  0.09801817185176348
  0.10019205130300965  0.10247217222937509  0.10487607418036940  0.10833428291197199
  0.11184619573498635  0.11571601199378313  0.11936395777844243  0.12280460422955723
  0.12608350839216789  0.12917715659745405  0.13255246234025078  0.13612665703483817
  0.13996679299281486  0.14410188365652676  0.14756008329875470  0.15091292543844778
  0.15458883115000893  0.15856846515952111  0.16252624619396824  0.16629731744946369
  0.17018375873046820  0.17436351126650676  0.17826511898453096  0.18198013112307643
  0.18559782988751408  0.18898185598442291  0.19381014952241654  0.19881305403262203
  0.20413074453579436  0.21074120437382829  0.21947300451756888  0.22606136075367766
  0.22918758179253676  0.23195649764424667  0.23399174699901329  0.23575873864341582
  0.23893611028629694  0.24296111745226154  0.24707382794803395  0.25154928018829004
  0.25727771850308301  0.26419032356537803  0.27508103967495773  0.28451350487332322
  0.28984010457769527  0.29649913017440294  0.31519625001108043  0.34366043379616767
  0.36450614784813562  0.39321884831336951  0.48543310215796953  1.00000000000000000
 -0.00326429185380457  0.01402846082343704  0.02800810896005247  0.04094359122656011
  0.05402127788812658  0.06585345293652561  0.07676673521648199  0.08885189448946737
  0.10214620172666738  0.11471979822757955  0.12652963507476145  0.13843065443114216
  0.14947029466996622  0.15945858819470446  0.17038793965179647  0.18210851258575170
  0.19445892204218146  0.20621978003869595  0.21859015765288031  0.23076153454307208
  0.24276034262104274  0.25342146187620984  0.26415273978880777  0.27432660631412464
  0.28516851421623041  0.29556217930061940  0.30616614442953699  0.31463337096311284
  0.32167251066847008  0.32843229736971924  0.33504245252121534  0.34176190042715376
  0.34893809621899835  0.35734918014795292  0.36560681483211571  0.37359389095399986
  0.38256366432837519  0.39441722039681187  0.40637591089561581  0.41812719680290905
  0.42879110116326757  0.43926567272509581  0.45117493022392302  0.46297614305747370
  0.47327583738713463  0.48267668202267272  0.49233265506387164  0.50176579548745359
  0.51016428153099114  0.51802907122293096  0.52611527204069697  0.53503313608762071
  0.54477496168011330  0.55502207165722428  0.56571386848151295  0.57662656910298804
  0.58652924866091172  0.59478775437789688  0.60272517209282628  0.61021933366390135
  0.61804381342560966  0.62703000701999489  0.63536207617304474  0.64340730712295058
  0.65167553243903353  0.66028678747767067  0.66934163336248109  0.67812121263150438
  0.68707896616949860  0.69628879510515906  0.70470628339130348  0.71379665088879607
  0.72317530815039155  0.73311238650596633  0.74300423121754111  0.75264907812991999
  0.76143654369980585  0.76988087296296137  0.77826320865923493  0.78725829049073581
  0.79802378607395819  0.81036550480672720  0.82451203703286757  0.83694507151856312
  0.84804347176538231  0.85956780372187713  0.87240345738228608  0.88673233474574042
  0.90247228322577844  0.91812133990259170  0.93172380763192841  0.94455559303879300
  0.95708861511635335  0.97101179909997215  0.98491715934313329  1.00000000000000000
  0.02787938244845458  0.30348262747607374  0.41422272389267917  0.48184902799905055
  0.52842530091321904  0.56461939358078983  0.59418748022487688  0.61901425510113506
  0.63862710593743444  0.65599866238534155  0.67234343491033821  0.68575156886175970
  0.69799698882364403  0.70861809877279014  0.71918730480648607  0.73048126347807185
  0.74296293296069393  0.75446590592673402  0.76453870748567110  0.77308608313386973
  0.77972476720809192  0.78649877619300668  0.79269946578156314  0.79828064992600578
  0.80363477650305659  0.80912809406918174  0.81432956811411195  0.81931659289786507
  0.82422605252860115  0.82916634497381103  0.83425605586224572  0.83932304204366925
  0.84412180750674759  0.84843547392718854  0.85256645560848110  0.85663080535705849
  0.86073887636376312  0.86484717300400638  0.86897371670611712  0.87284591856142268
  0.87688005899625943  0.88068584568105723  0.88413276667384255  0.88741627317202054
  0.89061791034917093  0.89386555627945630  0.89728159964028009  0.90049791629095222
  0.90359275641123438  0.90681484720341632  0.91026236139208239  0.91390286978835167
  0.91693181730388917  0.91957485485863200  0.92183348390965392  0.92399102693666268
  0.92608963830328273  0.92814836120775490  0.93020550903317256  0.93229269746555854
  0.93442828238929720  0.93661596255104806  0.93868448762403778  0.94062953159436646
  0.94247446421743308  0.94419467423117043  0.94592913510757926  0.94765264435979957
  0.94941905639730917  0.95128764085493656  0.95314446760506777  0.95479842154307881
  0.95643651983672229  0.95802685628998607  0.95958520457065444  0.96113735096315767
  0.96260501028262180  0.96406046830446479  0.96550559329667385  0.96695062830717060
  0.96858742489249661  0.97016434181132460  0.97169737885808205  0.97320271209546605
  0.97473942447333606  0.97632318248208472  0.97791772561287993  0.97950276201030551
  0.98106995047522549  0.98273523393372342  0.98448248835323815  0.98627976892774116
  0.98831962812486196  0.99084576534315827  0.99412905367860616  1.00000000000000000
   3.2820566805276009E-012  -1.0000000000000000     
 F F F F F F F F F F F F F F F F F F F F F F F F F F F F F F F F
  <DiscreteSampler_grid>
  grouped_processes
  1 # 1 for a reference and 2 for a running grid.
  10 # Attribute 'min_bin_probing_points' of the grid.
  1 # Attribute 'grid_mode' of the grid. 1=='default',2=='initialization'
  0.0000000000000000 # Attribute 'small_contrib_threshold' of the grid.
  0.5000000000000000 # Attribute 'damping_power' of the grid.
 # binID   n_entries weight   weight_sqr   abs_weight
    10   10   1.210320514111900E-005   4.397040704385614E-010   1.210320514111900E-005
  </DiscreteSampler_grid>
