# W0 [GeV]	Sigma_LHeC [pb]	Sigma_muLHC [pb]
1.61000000e+02	3.71912868e-02	2.58423933e-01
1.61580467e+02	3.71507190e-02	2.58285429e-01
1.62163028e+02	3.71100049e-02	2.58146426e-01
1.62747688e+02	3.70691440e-02	2.58006922e-01
1.63334457e+02	3.69860735e-02	2.57721525e-01
1.63923341e+02	3.68879304e-02	2.57384037e-01
1.64514348e+02	3.67894335e-02	2.57045331e-01
1.65107486e+02	3.66905815e-02	2.56705405e-01
1.65702763e+02	3.65783616e-02	2.56316981e-01
1.66300186e+02	3.64528723e-02	2.55880420e-01
1.66899762e+02	3.63269307e-02	2.55442284e-01
1.67501501e+02	3.62005350e-02	2.55002569e-01
1.68105409e+02	3.60692553e-02	2.54544237e-01
1.68711494e+02	3.59252772e-02	2.54037233e-01
1.69319764e+02	3.57807800e-02	2.53528401e-01
1.69930228e+02	3.56357618e-02	2.53017735e-01
1.70542892e+02	3.54898903e-02	2.52503862e-01
1.71157765e+02	3.53324677e-02	2.51942571e-01
1.71774855e+02	3.51744776e-02	2.51379256e-01
1.72394170e+02	3.50159179e-02	2.50813910e-01
1.73015718e+02	3.48567865e-02	2.50246526e-01
1.73639507e+02	3.46908947e-02	2.49649030e-01
1.74265545e+02	3.45227768e-02	2.49041994e-01
1.74893840e+02	3.43540528e-02	2.48432770e-01
1.75524400e+02	3.41847205e-02	2.47821349e-01
1.76157233e+02	3.40118848e-02	2.47192722e-01
1.76792349e+02	3.38361013e-02	2.46549773e-01
1.77429754e+02	3.36596841e-02	2.45904506e-01
1.78069457e+02	3.34826308e-02	2.45256913e-01
1.78711466e+02	3.33039162e-02	2.44600503e-01
1.79355790e+02	3.31223570e-02	2.43927788e-01
1.80002437e+02	3.29401433e-02	2.43252646e-01
1.80651416e+02	3.27572726e-02	2.42575071e-01
1.81302735e+02	3.25736116e-02	2.41893819e-01
1.81956401e+02	3.23877941e-02	2.41196031e-01
1.82612425e+02	3.22013067e-02	2.40495726e-01
1.83270813e+02	3.20141469e-02	2.39792897e-01
1.83931576e+02	3.18263123e-02	2.39087534e-01
1.84594720e+02	3.16399502e-02	2.38370559e-01
1.85260256e+02	3.14533153e-02	2.37649316e-01
1.85928191e+02	3.12660076e-02	2.36925473e-01
1.86598534e+02	3.10780245e-02	2.36199020e-01
1.87271294e+02	3.08893637e-02	2.35465787e-01
1.87946480e+02	3.07000227e-02	2.34727209e-01
1.88624100e+02	3.05099990e-02	2.33985968e-01
1.89304163e+02	3.03192903e-02	2.33242054e-01
1.89986678e+02	3.01278939e-02	2.32493901e-01
1.90671654e+02	2.99358075e-02	2.31740390e-01
1.91359099e+02	2.97430285e-02	2.30984161e-01
1.92049023e+02	2.95495545e-02	2.30225206e-01
1.92741434e+02	2.93553830e-02	2.29463312e-01
1.93436342e+02	2.91605114e-02	2.28697336e-01
1.94133755e+02	2.89649372e-02	2.27928598e-01
1.94833682e+02	2.87686579e-02	2.27157089e-01
1.95536133e+02	2.85716709e-02	2.26382798e-01
1.96241117e+02	2.83782916e-02	2.25606595e-01
1.96948642e+02	2.81847216e-02	2.24827696e-01
1.97658718e+02	2.79904536e-02	2.24045988e-01
1.98371355e+02	2.77954853e-02	2.23261462e-01
1.99086560e+02	2.76021578e-02	2.22475991e-01
1.99804345e+02	2.74093525e-02	2.21688667e-01
2.00524717e+02	2.72158521e-02	2.20898504e-01
2.01247686e+02	2.70216540e-02	2.20105493e-01
2.01973262e+02	2.68284201e-02	2.19311673e-01
2.02701454e+02	2.66367818e-02	2.18517816e-01
2.03432272e+02	2.64444526e-02	2.17721096e-01
2.04165724e+02	2.62514299e-02	2.16921504e-01
2.04901821e+02	2.60585119e-02	2.16120212e-01
2.05640571e+02	2.58684555e-02	2.15321285e-01
2.06381985e+02	2.56777139e-02	2.14519477e-01
2.07126072e+02	2.54862846e-02	2.13714778e-01
2.07872842e+02	2.52941652e-02	2.12907179e-01
2.08622304e+02	2.51058165e-02	2.12108288e-01
2.09374469e+02	2.49170396e-02	2.11307170e-01
2.10129345e+02	2.47275821e-02	2.10503164e-01
2.10886943e+02	2.45374416e-02	2.09696259e-01
2.11647272e+02	2.43501078e-02	2.08886445e-01
2.12410342e+02	2.41635289e-02	2.08073712e-01
2.13176164e+02	2.39762773e-02	2.07258048e-01
2.13944747e+02	2.37883506e-02	2.06439443e-01
2.14716101e+02	2.36021950e-02	2.05624626e-01
2.15490235e+02	2.34181055e-02	2.04814405e-01
2.16267161e+02	2.32333524e-02	2.04001262e-01
2.17046888e+02	2.30479331e-02	2.03185188e-01
2.17829427e+02	2.28631151e-02	2.02370228e-01
2.18614786e+02	2.26817578e-02	2.01565515e-01
2.19402977e+02	2.24997466e-02	2.00757900e-01
2.20194010e+02	2.23170792e-02	1.99947373e-01
2.20987895e+02	2.21337533e-02	1.99133924e-01
2.21784642e+02	2.19581315e-02	1.98317543e-01
2.22584262e+02	2.17818892e-02	1.97498218e-01
2.23386764e+02	2.16050114e-02	1.96675939e-01
2.24192160e+02	2.14274960e-02	1.95850695e-01
2.25000460e+02	2.12493405e-02	1.95036744e-01
2.25811674e+02	2.10705428e-02	1.94224339e-01
2.26625813e+02	2.08911004e-02	1.93409004e-01
2.27442887e+02	2.07110110e-02	1.92590730e-01
2.28262906e+02	2.05348318e-02	1.91776718e-01
2.29085883e+02	2.03621616e-02	1.90966328e-01
2.29911826e+02	2.01888689e-02	1.90153015e-01
2.30740748e+02	2.00149514e-02	1.89336771e-01
2.31572658e+02	1.98420907e-02	1.88521634e-01
2.32407567e+02	1.96727931e-02	1.87713630e-01
2.33245486e+02	1.95028850e-02	1.86902712e-01
2.34086427e+02	1.93323644e-02	1.86088871e-01
2.34930399e+02	1.91615253e-02	1.85273206e-01
2.35777414e+02	1.89957079e-02	1.84475743e-01
2.36627483e+02	1.88292925e-02	1.83675405e-01
2.37480617e+02	1.86622772e-02	1.82872182e-01
2.38336827e+02	1.84946598e-02	1.82066062e-01
2.39196124e+02	1.83336789e-02	1.81257036e-01
2.40058519e+02	1.81737864e-02	1.80445093e-01
2.40924023e+02	1.80133175e-02	1.79630223e-01
2.41792647e+02	1.78522700e-02	1.78812415e-01
2.42664403e+02	1.76906418e-02	1.78005355e-01
2.43539303e+02	1.75284309e-02	1.77205490e-01
2.44417356e+02	1.73656352e-02	1.76402742e-01
2.45298576e+02	1.72022525e-02	1.75597100e-01
2.46182972e+02	1.70413563e-02	1.74794048e-01
2.47070557e+02	1.68858936e-02	1.73998847e-01
2.47961343e+02	1.67298705e-02	1.73200779e-01
2.48855340e+02	1.65732848e-02	1.72399833e-01
2.49752560e+02	1.64167475e-02	1.71597683e-01
2.50653014e+02	1.62650717e-02	1.70807543e-01
2.51556716e+02	1.61128491e-02	1.70014554e-01
2.52463675e+02	1.59600777e-02	1.69218706e-01
2.53373905e+02	1.58067554e-02	1.68419988e-01
2.54287416e+02	1.56580732e-02	1.67632968e-01
2.55204221e+02	1.55096696e-02	1.66845398e-01
2.56124331e+02	1.53607310e-02	1.66054989e-01
2.57047759e+02	1.52112553e-02	1.65261729e-01
2.57974516e+02	1.50649948e-02	1.64476554e-01
2.58904614e+02	1.49204397e-02	1.63695056e-01
2.59838065e+02	1.47753634e-02	1.62910741e-01
2.60774882e+02	1.46297640e-02	1.62123599e-01
2.61715077e+02	1.44870680e-02	1.61340530e-01
2.62658661e+02	1.43492199e-02	1.60565450e-01
2.63605648e+02	1.42108748e-02	1.59787575e-01
2.64556048e+02	1.40720309e-02	1.59006896e-01
2.65509875e+02	1.39326865e-02	1.58226125e-01
2.66467142e+02	1.37928396e-02	1.57457603e-01
2.67427859e+02	1.36524885e-02	1.56686310e-01
2.68392040e+02	1.35116315e-02	1.55912236e-01
2.69359698e+02	1.33702665e-02	1.55135371e-01
2.70330844e+02	1.32364947e-02	1.54380500e-01
2.71305491e+02	1.31029826e-02	1.53625178e-01
2.72283653e+02	1.29689891e-02	1.52867132e-01
2.73265341e+02	1.28345126e-02	1.52106354e-01
2.74250569e+02	1.27034858e-02	1.51342833e-01
2.75239348e+02	1.25738491e-02	1.50576559e-01
2.76231693e+02	1.24437450e-02	1.49807522e-01
2.77227615e+02	1.23131718e-02	1.49035713e-01
2.78227129e+02	1.21846680e-02	1.48277433e-01
2.79230245e+02	1.20589136e-02	1.47537050e-01
2.80236979e+02	1.19327057e-02	1.46793998e-01
2.81247342e+02	1.18060428e-02	1.46048267e-01
2.82261347e+02	1.16800829e-02	1.45299848e-01
2.83279009e+02	1.15581776e-02	1.44548730e-01
2.84300340e+02	1.14358327e-02	1.43794903e-01
2.85325353e+02	1.13130468e-02	1.43038359e-01
2.86354061e+02	1.11898181e-02	1.42279088e-01
2.87386479e+02	1.10740832e-02	1.41544103e-01
2.88422619e+02	1.09581952e-02	1.40807368e-01
2.89462494e+02	1.08418894e-02	1.40067976e-01
2.90506119e+02	1.07251643e-02	1.39325919e-01
2.91553506e+02	1.06080183e-02	1.38594694e-01
2.92604669e+02	1.04904500e-02	1.37865820e-01
2.93659623e+02	1.03724578e-02	1.37134318e-01
2.94718380e+02	1.02540402e-02	1.36400178e-01
2.95780954e+02	1.01392429e-02	1.35672726e-01
2.96847359e+02	1.00281915e-02	1.34952243e-01
2.97917609e+02	9.91673971e-03	1.34229164e-01
2.98991717e+02	9.80488612e-03	1.33503477e-01
3.00069698e+02	9.69398958e-03	1.32780024e-01
3.01151566e+02	9.58664295e-03	1.32068045e-01
3.02237334e+02	9.47890929e-03	1.31353500e-01
3.03327017e+02	9.37078721e-03	1.30636378e-01
3.04420629e+02	9.26237626e-03	1.29917039e-01
3.05518183e+02	9.15866835e-03	1.29213686e-01
3.06619695e+02	9.05458653e-03	1.28507797e-01
3.07725178e+02	8.95012945e-03	1.27799364e-01
3.08834646e+02	8.84529577e-03	1.27088376e-01
3.09948115e+02	8.74407130e-03	1.26389590e-01
3.11065598e+02	8.64359339e-03	1.25692400e-01
3.12187110e+02	8.54275322e-03	1.24992697e-01
3.13312666e+02	8.44154948e-03	1.24290472e-01
3.14442280e+02	8.34270688e-03	1.23596039e-01
3.15575966e+02	8.24578593e-03	1.22907730e-01
3.16713740e+02	8.14851555e-03	1.22216940e-01
3.17855616e+02	8.05089447e-03	1.21523659e-01
3.19001609e+02	7.95442276e-03	1.20836543e-01
3.20151733e+02	7.86097962e-03	1.20166436e-01
3.21306004e+02	7.76719959e-03	1.19493912e-01
3.22464437e+02	7.67308144e-03	1.18818964e-01
3.23627046e+02	7.57896191e-03	1.18141582e-01
3.24793848e+02	7.48892939e-03	1.17461758e-01
3.25964855e+02	7.39857227e-03	1.16779483e-01
3.27140085e+02	7.30788937e-03	1.16094748e-01
3.28319552e+02	7.21687953e-03	1.15407544e-01
3.29503271e+02	7.12944846e-03	1.14741656e-01
3.30691258e+02	7.04248142e-03	1.14078113e-01
3.31883529e+02	6.95520083e-03	1.13412177e-01
3.33080098e+02	6.86760556e-03	1.12743840e-01
3.34280981e+02	6.78242467e-03	1.12089760e-01
3.35486193e+02	6.69878406e-03	1.11444599e-01
3.36695751e+02	6.61484189e-03	1.10797111e-01
3.37909670e+02	6.53059708e-03	1.10147290e-01
3.39127965e+02	6.44764470e-03	1.09495125e-01
3.40350653e+02	6.36723930e-03	1.08840609e-01
3.41577749e+02	6.28654401e-03	1.08183733e-01
3.42809270e+02	6.20555778e-03	1.07524490e-01
3.44045230e+02	6.12481224e-03	1.06866326e-01
3.45285647e+02	6.04759284e-03	1.06230564e-01
3.46530535e+02	5.97009504e-03	1.05592509e-01
3.47779912e+02	5.89231783e-03	1.04952155e-01
3.49033794e+02	5.81426020e-03	1.04309491e-01
3.50292196e+02	5.73967059e-03	1.03689166e-01
3.51555135e+02	5.66529757e-03	1.03069796e-01
3.52822628e+02	5.59065640e-03	1.02448194e-01
3.54094690e+02	5.51574611e-03	1.01824350e-01
3.55371339e+02	5.44448095e-03	1.01198257e-01
3.56652591e+02	5.37508546e-03	1.00569907e-01
3.57938462e+02	5.30543977e-03	9.99392916e-02
3.59228969e+02	5.23554298e-03	9.93064023e-02
3.60524128e+02	5.16539419e-03	9.86827036e-02
3.61823958e+02	5.09499248e-03	9.80732028e-02
3.63128473e+02	5.02433694e-03	9.74615046e-02
3.64437692e+02	4.95342667e-03	9.68476009e-02
3.65751632e+02	4.88330291e-03	9.62346161e-02
3.67070308e+02	4.81787299e-03	9.56342887e-02
3.68393739e+02	4.75220717e-03	9.50317969e-02
3.69721941e+02	4.68630459e-03	9.44271328e-02
3.71054932e+02	4.62016442e-03	9.38202887e-02
3.72392729e+02	4.55733369e-03	9.32364208e-02
3.73735350e+02	4.49451489e-03	9.26521390e-02
3.75082811e+02	4.43146960e-03	9.20657506e-02
3.76435130e+02	4.36819701e-03	9.14772481e-02
3.77792324e+02	4.30725230e-03	9.08866239e-02
3.79154412e+02	4.24718497e-03	9.02938701e-02
3.80521411e+02	4.18690107e-03	8.96989793e-02
3.81893338e+02	4.12639983e-03	8.91019437e-02
3.83270212e+02	4.06732181e-03	8.85153645e-02
3.84652050e+02	4.00993788e-03	8.79413209e-02
3.86038870e+02	3.95234706e-03	8.73652077e-02
3.87430689e+02	3.89454861e-03	8.67870174e-02
3.88827527e+02	3.83768230e-03	8.62107594e-02
3.90229401e+02	3.78452725e-03	8.56462170e-02
3.91636330e+02	3.73118055e-03	8.50796392e-02
3.93048331e+02	3.67764151e-03	8.45110186e-02
3.94465422e+02	3.62390944e-03	8.39403480e-02
3.95887623e+02	3.56998366e-03	8.33850411e-02
3.97314952e+02	3.51586344e-03	8.28279308e-02
3.98747426e+02	3.46154811e-03	8.22688119e-02
4.00185066e+02	3.40703694e-03	8.17076772e-02
4.01627888e+02	3.35826069e-03	8.11576306e-02
4.03075912e+02	3.31127185e-03	8.06099405e-02
4.04529157e+02	3.26411360e-03	8.00602758e-02
4.05987642e+02	3.21678533e-03	7.95086293e-02
4.07451385e+02	3.16928642e-03	7.89638641e-02
4.08920405e+02	3.12161625e-03	7.84255170e-02
4.10394722e+02	3.07377422e-03	7.78852290e-02
4.11874354e+02	3.02575970e-03	7.73429930e-02
4.13359321e+02	2.97757207e-03	7.68035690e-02
4.14849642e+02	2.92921070e-03	7.62746332e-02
4.16345335e+02	2.88067498e-03	7.57437904e-02
4.17846422e+02	2.83196426e-03	7.52110337e-02
4.19352920e+02	2.78332434e-03	7.46770429e-02
4.20864850e+02	2.74037752e-03	7.41574787e-02
4.22382231e+02	2.69727586e-03	7.36360414e-02
4.23905083e+02	2.65401880e-03	7.31127241e-02
4.25433425e+02	2.61060578e-03	7.25875200e-02
4.26967278e+02	2.56928029e-03	7.20738837e-02
4.28506661e+02	2.52835628e-03	7.15616977e-02
4.30051593e+02	2.48728472e-03	7.10476651e-02
4.31602096e+02	2.44606508e-03	7.05317792e-02
4.33158189e+02	2.40623062e-03	7.00278685e-02
4.34719892e+02	2.36742996e-03	6.95327618e-02
4.36287226e+02	2.32848941e-03	6.90358701e-02
4.37860211e+02	2.28940846e-03	6.85371868e-02
4.39438867e+02	2.25104310e-03	6.80367056e-02
4.41023215e+02	2.21428857e-03	6.75344200e-02
4.42613274e+02	2.17740152e-03	6.70303234e-02
4.44209067e+02	2.14038147e-03	6.65244094e-02
4.45810613e+02	2.10345676e-03	6.60189536e-02
4.47417933e+02	2.06866058e-03	6.55342359e-02
4.49031048e+02	2.03373896e-03	6.50477707e-02
4.50649979e+02	1.99869142e-03	6.45595515e-02
4.52274747e+02	1.96351753e-03	6.40695721e-02
4.53905373e+02	1.93026214e-03	6.35916729e-02
4.55541878e+02	1.89723463e-03	6.31144053e-02
4.57184284e+02	1.86408805e-03	6.26354169e-02
4.58832610e+02	1.83082197e-03	6.21547016e-02
4.60486880e+02	1.79886038e-03	6.16820273e-02
4.62147114e+02	1.76766645e-03	6.12137069e-02
4.63813333e+02	1.73636005e-03	6.07436981e-02
4.65485560e+02	1.70494078e-03	6.02719947e-02
4.67163816e+02	1.67425049e-03	5.98046052e-02
4.68848123e+02	1.64482217e-03	5.93453326e-02
4.70538502e+02	1.61528776e-03	5.88844042e-02
4.72234976e+02	1.58564686e-03	5.84218139e-02
4.73937567e+02	1.55620438e-03	5.79597953e-02
4.75646295e+02	1.52847971e-03	5.75094907e-02
4.77361185e+02	1.50065507e-03	5.70575625e-02
4.79082257e+02	1.47273013e-03	5.66040049e-02
4.80809534e+02	1.44470450e-03	5.61488121e-02
4.82543039e+02	1.41926276e-03	5.57058779e-02
4.84282794e+02	1.39400663e-03	5.52627825e-02
4.86028821e+02	1.36865944e-03	5.48180896e-02
4.87781144e+02	1.34322086e-03	5.43717934e-02
4.89539784e+02	1.31769057e-03	5.39339949e-02
4.91304765e+02	1.29206823e-03	5.34996179e-02
4.93076109e+02	1.26635351e-03	5.30636748e-02
4.94853840e+02	1.24054608e-03	5.26261599e-02
4.96637980e+02	1.21588791e-03	5.21966226e-02
4.98428553e+02	1.19277513e-03	5.17781065e-02
5.00225581e+02	1.16957902e-03	5.13580815e-02
5.02029088e+02	1.14629928e-03	5.09365421e-02
5.03839098e+02	1.12328219e-03	5.05134829e-02
5.05655633e+02	1.10161378e-03	5.00888985e-02
5.07478718e+02	1.07986724e-03	4.96627832e-02
5.09308376e+02	1.05804229e-03	4.92351316e-02
5.11144630e+02	1.03613866e-03	4.88059382e-02
5.12987505e+02	1.01577142e-03	4.83964841e-02
5.14837023e+02	9.95401502e-04	4.79864862e-02
5.16693211e+02	9.74958146e-04	4.75750101e-02
5.18556090e+02	9.54441083e-04	4.71620504e-02
5.20425686e+02	9.35013711e-04	4.67629286e-02
5.22302023e+02	9.15967364e-04	4.63683088e-02
5.24185124e+02	8.96852348e-04	4.59722663e-02
5.26075015e+02	8.77668415e-04	4.55747958e-02
5.27971719e+02	8.59161384e-04	4.51758924e-02
5.29875262e+02	8.41384690e-04	4.47755507e-02
5.31785668e+02	8.23543903e-04	4.43737656e-02
5.33702962e+02	8.05638793e-04	4.39705320e-02
5.35627168e+02	7.88030014e-04	4.35710771e-02
5.37558311e+02	7.71461014e-04	4.31861786e-02
5.39496418e+02	7.54832276e-04	4.27998925e-02
5.41441512e+02	7.38143586e-04	4.24122136e-02
5.43393618e+02	7.21408222e-04	4.20232709e-02
5.45352763e+02	7.05989279e-04	4.16465803e-02
5.47318971e+02	6.90514744e-04	4.12685316e-02
5.49292269e+02	6.74984417e-04	4.08891199e-02
5.51272680e+02	6.59398097e-04	4.05083403e-02
5.53260232e+02	6.44770329e-04	4.01366656e-02
5.55254950e+02	6.30389012e-04	3.97667400e-02
5.57256859e+02	6.15955845e-04	3.93954808e-02
5.59265987e+02	6.01470641e-04	3.90228830e-02
5.61282357e+02	5.87601234e-04	3.86560769e-02
5.63305998e+02	5.74262214e-04	3.82941475e-02
5.65336935e+02	5.60875102e-04	3.79309131e-02
5.67375194e+02	5.47439724e-04	3.75663692e-02
5.69420801e+02	5.34308750e-04	3.72044460e-02
5.71473784e+02	5.21961495e-04	3.68504863e-02
5.73534169e+02	5.09569723e-04	3.64952505e-02
5.75601982e+02	4.97133274e-04	3.61387339e-02
5.77677251e+02	4.84720498e-04	3.57817250e-02
5.79760001e+02	4.73313795e-04	3.54355923e-02
5.81850261e+02	4.61865968e-04	3.50882117e-02
5.83948057e+02	4.50376866e-04	3.47395786e-02
5.86053416e+02	4.38846342e-04	3.43896886e-02
5.88166366e+02	4.28148168e-04	3.40490600e-02
5.90286934e+02	4.17598091e-04	3.37094509e-02
5.92415147e+02	4.07009976e-04	3.33686173e-02
5.94551034e+02	3.96383687e-04	3.30265550e-02
5.96694621e+02	3.86304966e-04	3.26906795e-02
5.98845936e+02	3.76602623e-04	3.23588201e-02
6.01005008e+02	3.66865299e-04	3.20257642e-02
6.03171865e+02	3.57092868e-04	3.16915075e-02
6.05346533e+02	3.47613302e-04	3.13603954e-02
6.07529042e+02	3.38709848e-04	3.10361805e-02
6.09719420e+02	3.29774293e-04	3.07107967e-02
6.11917695e+02	3.20806522e-04	3.03842397e-02
6.14123896e+02	3.11905914e-04	3.00578724e-02
6.16338051e+02	3.03755986e-04	2.97410834e-02
6.18560188e+02	2.95576674e-04	2.94231523e-02
6.20790338e+02	2.87367872e-04	2.91040749e-02
6.23028528e+02	2.79129475e-04	2.87838470e-02
6.25274787e+02	2.71586642e-04	2.84729130e-02
6.27529146e+02	2.64119621e-04	2.81623418e-02
6.29791632e+02	2.56625678e-04	2.78506509e-02
6.32062275e+02	2.49104717e-04	2.75378363e-02
6.34341105e+02	2.42052105e-04	2.72314192e-02
6.36628150e+02	2.35254809e-04	2.69281614e-02
6.38923442e+02	2.28433005e-04	2.66238103e-02
6.41227009e+02	2.21586607e-04	2.63183619e-02
6.43538881e+02	2.15006710e-04	2.60164475e-02
6.45859088e+02	2.08837647e-04	2.57203624e-02
6.48187661e+02	2.02646342e-04	2.54232097e-02
6.50524629e+02	1.96432715e-04	2.51249857e-02
6.52870022e+02	1.90307650e-04	2.48275599e-02
6.55223872e+02	1.84724891e-04	2.45385907e-02
6.57586208e+02	1.79122004e-04	2.42485797e-02
6.59957062e+02	1.73498917e-04	2.39575231e-02
6.62336463e+02	1.67855556e-04	2.36654171e-02
6.64724443e+02	1.62774930e-04	2.33826586e-02
6.67121032e+02	1.57721675e-04	2.30996956e-02
6.69526262e+02	1.52650200e-04	2.28157125e-02
6.71940164e+02	1.47560441e-04	2.25307055e-02
6.74362769e+02	1.42855758e-04	2.22522712e-02
6.76794109e+02	1.38315394e-04	2.19762484e-02
6.79234214e+02	1.33758661e-04	2.16992304e-02
6.81683117e+02	1.29185499e-04	2.14212137e-02
6.84140849e+02	1.24841117e-04	2.11470896e-02
6.86607442e+02	1.20777476e-04	2.08778927e-02
6.89082928e+02	1.16699183e-04	2.06077253e-02
6.91567339e+02	1.12606187e-04	2.03365838e-02
6.94060708e+02	1.08652859e-04	2.00667476e-02
6.96563066e+02	1.05246287e-04	1.98042316e-02
6.99074446e+02	1.01827433e-04	1.95407691e-02
7.01594881e+02	9.83962530e-05	1.92763567e-02
7.04124402e+02	9.49527021e-05	1.90109911e-02
7.06663044e+02	9.14967359e-05	1.87548320e-02
7.09210839e+02	8.80283096e-05	1.84979672e-02
7.11767819e+02	8.45473783e-05	1.82401764e-02
7.14334018e+02	8.10538969e-05	1.79814561e-02
7.16909469e+02	7.81765528e-05	1.77293892e-02
7.19494206e+02	7.55078900e-05	1.74790566e-02
7.22088262e+02	7.28296057e-05	1.72278215e-02
7.24691670e+02	7.01416651e-05	1.69756805e-02
7.27304464e+02	6.74440334e-05	1.67276946e-02
7.29926679e+02	6.47366758e-05	1.64837901e-02
7.32558348e+02	6.20195570e-05	1.62390062e-02
7.35199505e+02	5.92926420e-05	1.59933397e-02
7.37850185e+02	5.67051179e-05	1.57494222e-02
7.40510421e+02	5.45170745e-05	1.55118429e-02
7.43180248e+02	5.23211422e-05	1.52734070e-02
7.45859701e+02	5.01172928e-05	1.50341114e-02
7.48548815e+02	4.79152480e-05	1.47942484e-02
7.51247624e+02	4.60139952e-05	1.45628691e-02
7.53956163e+02	4.41058877e-05	1.43306556e-02
7.56674467e+02	4.21909007e-05	1.40976049e-02
7.59402572e+02	4.02690095e-05	1.38637139e-02
7.62140513e+02	3.85687822e-05	1.36365102e-02
7.64888325e+02	3.69219877e-05	1.34104494e-02
7.67646044e+02	3.52692558e-05	1.31835737e-02
7.70413706e+02	3.36105653e-05	1.29558799e-02
7.73191346e+02	3.21488147e-05	1.27325713e-02
7.75979001e+02	3.08438120e-05	1.25126142e-02
7.78776706e+02	2.95341041e-05	1.22918641e-02
7.81584499e+02	2.82196743e-05	1.20703181e-02
7.84402414e+02	2.69005055e-05	1.18508754e-02
7.87230489e+02	2.55765805e-05	1.16368367e-02
7.90068760e+02	2.42478823e-05	1.14220264e-02
7.92917265e+02	2.29143935e-05	1.12064416e-02
7.95776039e+02	2.16031700e-05	1.09911552e-02
7.98645120e+02	2.05896809e-05	1.07871106e-02
8.01524546e+02	1.95725378e-05	1.05823304e-02
8.04414353e+02	1.85517275e-05	1.03768118e-02
8.07314579e+02	1.75272367e-05	1.01705523e-02
8.10225261e+02	1.67121114e-05	9.96354912e-03
8.13146437e+02	1.59331431e-05	9.75579962e-03
8.16078146e+02	1.51513663e-05	9.54730109e-03
8.19020424e+02	1.43667708e-05	9.33805085e-03
8.21973310e+02	1.35793466e-05	9.13600826e-03
8.24936843e+02	1.27890835e-05	8.93837780e-03
8.27911060e+02	1.19959711e-05	8.74003480e-03
8.30896001e+02	1.11999993e-05	8.54097670e-03
8.33891703e+02	1.04838827e-05	8.34431655e-03
8.36898206e+02	9.90570279e-06	8.15223964e-03
8.39915549e+02	9.32543829e-06	7.95947021e-03
8.42943770e+02	8.74308170e-06	7.76600577e-03
8.45982910e+02	8.17437605e-06	7.57346157e-03
8.49033006e+02	7.70570122e-06	7.39070798e-03
8.52094100e+02	7.23533664e-06	7.20729550e-03
8.55166229e+02	6.76327620e-06	7.02322174e-03
8.58249435e+02	6.28951381e-06	6.83848433e-03
8.61343758e+02	5.90401677e-06	6.65308086e-03
8.64449236e+02	5.52750394e-06	6.46700895e-03
8.67565911e+02	5.14963364e-06	6.28026617e-03
8.70693822e+02	4.77040097e-06	6.09285011e-03
8.73833011e+02	4.44543568e-06	5.91269429e-03
8.76983518e+02	4.14804824e-06	5.73598988e-03
8.80145384e+02	3.84958859e-06	5.55864838e-03
8.83318650e+02	3.55005289e-06	5.38066749e-03
8.86503356e+02	3.27906770e-06	5.20527921e-03
8.89699545e+02	3.04766258e-06	5.03368559e-03
8.92907257e+02	2.81542315e-06	4.86147331e-03
8.96126534e+02	2.58234641e-06	4.68864013e-03
8.99357418e+02	2.35911961e-06	4.51658196e-03
9.02599950e+02	2.18211078e-06	4.35005335e-03
9.05854173e+02	2.00446378e-06	4.18292435e-03
9.09120129e+02	1.82617628e-06	4.01519278e-03
9.12397859e+02	1.64724600e-06	3.84685647e-03
9.15687408e+02	1.51189286e-06	3.68493347e-03
9.18988816e+02	1.37846192e-06	3.52280928e-03
9.22302127e+02	1.24454991e-06	3.36010058e-03
9.25627384e+02	1.11015509e-06	3.19680525e-03
9.28964630e+02	1.00164031e-06	3.03804246e-03
9.32313908e+02	9.03454094e-07	2.88078957e-03
9.35675261e+02	8.04913883e-07	2.72296973e-03
9.39048733e+02	7.06018396e-07	2.56458089e-03
9.42434368e+02	6.20495131e-07	2.40895276e-03
9.45832210e+02	5.49912147e-07	2.25646415e-03
9.49242302e+02	4.79074683e-07	2.10342575e-03
9.52664689e+02	4.07981824e-07	1.94983559e-03
9.56099414e+02	3.41881582e-07	1.79732038e-03
9.59546524e+02	2.92461964e-07	1.64950510e-03
9.63006061e+02	2.42864168e-07	1.50115689e-03
9.66478072e+02	1.93087553e-07	1.35227382e-03
9.69962600e+02	1.43131474e-07	1.20285398e-03
