  0.00009380303969281  0.00018729681432736  0.00023885707064283  0.00030019950633326
  0.00035880775766860  0.00041700557758766  0.00048101903443626  0.00054958902228542
  0.00061756992539516  0.00068479516089792  0.00074892850457551  0.00081652711320887
  0.00089078909721440  0.00097773679126237  0.00106974863049128  0.00116500099396556
  0.00126393085461544  0.00135964685439490  0.00146934430991249  0.00159157610318066
  0.00172756033152565  0.00186339882581285  0.00199727205661643  0.00213350488679083
  0.00227566213304682  0.00242666196167153  0.00259392306153768  0.00276450318051952
  0.00293662312162944  0.00311793742273773  0.00330208196537051  0.00350252042628703
  0.00371386472095778  0.00393538222815059  0.00417588655342851  0.00442488535662309
  0.00468394293384098  0.00495791475025482  0.00524077114054229  0.00554631980822940
  0.00587260178786969  0.00618832219404106  0.00651468537928275  0.00684271809974289
  0.00718654658887510  0.00755588758360028  0.00794849964385957  0.00833849489839711
  0.00874190586947152  0.00914247891951855  0.00957358060985169  0.01002732524426865
  0.01053441514036411  0.01109050386658240  0.01166518529817651  0.01226154577345141
  0.01284041637919000  0.01340207732425426  0.01407095097106589  0.01475865059988065
  0.01546835927846014  0.01624165574132121  0.01703707106293066  0.01787227804475972
  0.01887809253236657  0.02012376829349695  0.02146372798857259  0.02271697405551746
  0.02392484131399932  0.02500509467418939  0.02630406530569382  0.02774614334095784
  0.02944129601234273  0.03133009950176426  0.03310788188823641  0.03484403439723608
  0.03666220282371203  0.03872497533254045  0.04087645248839185  0.04336178396045744
  0.04595361483863786  0.04865085991267814  0.05111415913890888  0.05427520919291227
  0.06076076376999762  0.07194744962152110  0.08517387543324789  0.09450784109196875
  0.10478437831388550  0.11923818010354775  0.14586686784651209  0.17513834645242210
  0.18994410344062815  0.19623466258045222  0.20252522172027609  1.00000000000000000
  0.00000262294766619  0.00000275877581573  0.00000291083881854  0.00000307563276677
  0.00000324275830341  0.00000341096152004  0.00000359080824345  0.00000376771608258
  0.00000394711273493  0.00000413190532530  0.00000432641505019  0.00000453902922525
  0.00000477259153531  0.00000500520360518  0.00000524261847426  0.00000549790739569
  0.00000576882504218  0.00000607566208517  0.00000644812892498  0.00000688605106823
  0.00000736727409393  0.00000788371010514  0.00000842872142019  0.00000897058908844
  0.00000956391386131  0.00001025579378864  0.00001107117017063  0.00001205223377474
  0.00001320456869184  0.00001454471976284  0.00001601485096058  0.00001757869960854
  0.00001925116725585  0.00002100667574228  0.00002280453257571  0.00002479429000436
  0.00002703640513997  0.00002954342151883  0.00003180063931132  0.00003394673375836
  0.00003624197309148  0.00003896797527659  0.00004215426871248  0.00004552633398217
  0.00004920468915712  0.00005319688916295  0.00005804508505655  0.00006372343454066
  0.00007048000276383  0.00007794504233782  0.00008568937493752  0.00009330677317073
  0.00010235167126941  0.00011293112454508  0.00012420262404337  0.00013750780219853
  0.00015188105943661  0.00016856063734553  0.00018651829983297  0.00020580304796198
  0.00022726002986873  0.00025052177344966  0.00027629949926906  0.00030697740075586
  0.00034492302179943  0.00039165500118869  0.00044636714402580  0.00050415909347347
  0.00056337869834548  0.00062506634550723  0.00069320143779008  0.00077710633630130
  0.00088334054709583  0.00100839865687614  0.00116321614572200  0.00135387835327222
  0.00157792558594938  0.00183091064567220  0.00213756564048184  0.00251954008471250
  0.00298065178344504  0.00347125436691809  0.00396859904625960  0.00459383341280311
  0.00541836696992497  0.00655902169176746  0.00789061196112764  0.00978490519483453
  0.01208356976702923  0.01435208126004071  0.01780043556709387  0.02517441716051018
  0.03636499022816262  0.05505349703986666  0.07352986844131527  1.00000000000000000
  0.00023632478475902  0.00032094675898048  0.00046510653398816  0.00058971105851517
  0.00071387788334359  0.00083266767143104  0.00093545764301940  0.00102775010289182
  0.00111109826041965  0.00119480392252004  0.00127787352976924  0.00136996685622183
  0.00146947743247923  0.00157797932744099  0.00169769087749325  0.00181771448984836
  0.00194481372440894  0.00208154182962922  0.00222112591978711  0.00237046618025156
  0.00252612792137314  0.00270620200563370  0.00289849464020348  0.00310391439613944
  0.00332128802468629  0.00353624975400606  0.00374943628602193  0.00397272430319234
  0.00419898550497533  0.00445790025032541  0.00474598604072194  0.00503502379806080
  0.00533554287802711  0.00565211148806691  0.00598977853164034  0.00633491776372245
  0.00670066316450819  0.00710260887949125  0.00756602594143678  0.00803823870195483
  0.00848311354014730  0.00891970465989269  0.00936133403119436  0.00982219015502998
  0.01032699319398582  0.01086892027763067  0.01144091947722438  0.01204158252630394
  0.01268213883536166  0.01336756950015884  0.01415140013030501  0.01502483947761536
  0.01583287531305817  0.01659983098022705  0.01741714671560565  0.01824032750467241
  0.01908741867073968  0.02011751543477373  0.02133488263133690  0.02278657943408595
  0.02420616283103686  0.02524608854520443  0.02614717512997295  0.02708773765248047
  0.02800195868770975  0.02889610384473673  0.02977081529652690  0.03094086503925910
  0.03245256684367227  0.03418038931155603  0.03600255371433148  0.03789974720724275
  0.04007154024128742  0.04219020704948372  0.04412172938322391  0.04653401121602128
  0.05013489741618832  0.05479543967607031  0.05971003199012497  0.06346621505278370
  0.06700236871780003  0.07037925687550632  0.07284126821403736  0.07463759373165858
  0.07624183999227173  0.07802457179597562  0.08018686041302396  0.08432060399529399
  0.08870624451082249  0.09310379638098275  0.09752772052081543  0.10326110651082039
  0.10993588974936033  0.12781361099874916  0.15675974540833862  1.00000000000000000
 -0.00210118777096314  0.00836429387413473  0.01851157891632811  0.02947883300536359
  0.04112946961340853  0.05271134654344242  0.06386434286297690  0.07429052249430756
  0.08448516497697789  0.09414147593740618  0.10351356245002319  0.11294866877564583
  0.12338421658443068  0.13478985096471302  0.14677266585834323  0.15865937706835581
  0.17067586696400078  0.18175030388880112  0.19255589350364399  0.20347052407927180
  0.21376463559177258  0.22413400709045961  0.23426659336928052  0.24417248141128778
  0.25423545438213341  0.26442683707773490  0.27443598852010792  0.28474932665335950
  0.29594611652511099  0.30763092057854524  0.31915858240999390  0.33002690819764002
  0.34106297410280051  0.35173523663224082  0.36310729141144554  0.37426542475746560
  0.38504363638255923  0.39557751270724884  0.40501013344160364  0.41419629783696471
  0.42308631947295372  0.43209707973456407  0.44242530520502976  0.45349196803068859
  0.46266419062189629  0.47133288519040162  0.48028625213707632  0.49111161923771046
  0.50154306818420635  0.51207416250142446  0.52240787062797966  0.53362980122242454
  0.54475800108257422  0.55609880344452212  0.56722479930006076  0.57733594059182891
  0.58761480236130725  0.59663588451062599  0.60573406133077601  0.61482792883156523
  0.62365378500929447  0.63305796427466710  0.64341784344227215  0.65439711825906977
  0.66588726134641563  0.67687465492530285  0.68736757524468806  0.69821731210900551
  0.71001406067549833  0.72119506783878184  0.73311884653544324  0.74462866915766956
  0.75714979932746185  0.76790309780765942  0.77893946679300119  0.78993598230264772
  0.80137474891608063  0.81299093249960575  0.82406953910765424  0.83515135082821523
  0.84526013606834349  0.85618450668017687  0.86702356766064781  0.87808404006712160
  0.88890873178645879  0.90000339755562153  0.91144058981175646  0.92094604606714903
  0.92919446548400431  0.93736529020790704  0.94573252180636991  0.95514875427518786
  0.96472867152030806  0.97406483591122073  0.98519063626618386  1.00000000000000000
  0.00144984596711718  0.00618460752012267  0.01118171568809511  0.01529175667663999
  0.01900026846954016  0.02236190147902611  0.02544754736285965  0.02842102986037614
  0.03127467283977798  0.03415937770481614  0.03695094942076132  0.03963304878218557
  0.04208682696512183  0.04435744988412638  0.04668196705044476  0.04917011033628738
  0.05184293441817091  0.05456989411441053  0.05738476095990533  0.05969586787645422
  0.06184688489414666  0.06366077846402844  0.06547979806491369  0.06736286846582923
  0.06933138758399192  0.07140829742673785  0.07382464831354031  0.07610149955190708
  0.07845778568099178  0.08074732229892040  0.08287050762860503  0.08482701352967578
  0.08671965913713087  0.08843973076328394  0.09000827021829406  0.09157371095596868
  0.09321271285780865  0.09502322480048490  0.09736125749525633  0.09965572300515074
  0.10121590900425705  0.10272260666996688  0.10417653831393392  0.10551260397417268
  0.10675224948972979  0.10802616521768819  0.10997325930304352  0.11188141446039056
  0.11361005745298478  0.11531244655144110  0.11718078507147785  0.11934946913707128
  0.12157859363350604  0.12398136847437956  0.12657694070330502  0.12959913248080202
  0.13323113666964459  0.13713917192921657  0.14061875372790475  0.14459455466840737
  0.14874323974443640  0.15228770518266527  0.15560343498913945  0.15882753324030344
  0.16151678483425599  0.16387029364426867  0.16572636996305051  0.16770133702976894
  0.16949839109578962  0.17118591840355105  0.17358241428213342  0.17744504160856323
  0.18248280424955152  0.18849341780217507  0.19437802239720747  0.19777965690942839
  0.20052600516640476  0.20391721626592155  0.20683801018994863  0.21506585653864657
  0.22180339178604944  0.22648584111541381  0.23062360958057615  0.23606248359296844
  0.24506087945088956  0.25456934835373907  0.26504870030878469  0.27516769052292389
  0.29031834865505957  0.31110010269757443  0.32552505332278792  0.33728664975979461
  0.34378073374393103  0.35166128834416283  0.36507662747517916  1.00000000000000000
 -0.00285541353600419  0.01160712720754014  0.02332178534462336  0.03536725539784938
  0.04669111181340044  0.05681263564856465  0.06674964459367294  0.07703855945642243
  0.08823595095194459  0.09923739098481779  0.10909981960795498  0.11918326797815586
  0.12898819307327569  0.13969852783016529  0.15069583310420806  0.16202068677562664
  0.17302923952151239  0.18395204474449806  0.19519298803728530  0.20703585076800829
  0.21936633378169157  0.23230468396289994  0.24457471391683286  0.25572759149837510
  0.26627177808188707  0.27699582114646348  0.28785043117951981  0.29762323878046854
  0.30713267161664343  0.31638594555410554  0.32680761669501385  0.33705605444290232
  0.34710946696422912  0.35696707087026824  0.36746172959696577  0.37889428812486042
  0.39065476645456648  0.40198195575020718  0.41282839428755524  0.42323645252267633
  0.43362955525563418  0.44425494203674937  0.45494808062262765  0.46597684494881969
  0.47651581480088917  0.48744081342350715  0.49759310872789320  0.50922617981488039
  0.52073034247985861  0.53185196746927166  0.54173582207323412  0.55049348182498858
  0.55928589561139141  0.56859919862596786  0.57889080620797917  0.58917430035279106
  0.59977291546648293  0.61020259714168701  0.62038361783500018  0.63075498251110418
  0.64051785647744364  0.65028961224803883  0.66029486157215034  0.67057405192005071
  0.68093039297823776  0.69064284090648609  0.69984079703434721  0.70892954056676472
  0.71794596159842783  0.72718947966659198  0.73673908259366050  0.74618900197282756
  0.75594096734861016  0.76628138797795220  0.77676878923344783  0.78757462849418525
  0.79885095963015762  0.81130298841368964  0.82387016580346262  0.83559232551924845
  0.84605818838785996  0.85664844086098357  0.86668080263949210  0.87648199078978783
  0.88499483554491110  0.89444161578441461  0.90386118791269077  0.91268644413083955
  0.92236337701439453  0.93272739895589962  0.94307554463570775  0.95488657194343007
  0.96687868253906795  0.97851087147873961  0.98958644684566999  1.00000000000000000
  0.00200676390652106  0.00274118248757127  0.00359075728377949  0.00453171566845220
  0.00542970310331621  0.00629813035869821  0.00716445250718677  0.00806879479775986
  0.00898317571880441  0.00989526953487646  0.01080654032878781  0.01177646785092817
  0.01280906715744611  0.01387474405683700  0.01495848206381540  0.01606483228673125
  0.01712948387236713  0.01824936626447762  0.01942652090383511  0.02062226274148482
  0.02191442192888487  0.02323107538362479  0.02454303504075775  0.02588052686691745
  0.02725447177194079  0.02864018539500295  0.03010899053231004  0.03169768448681483
  0.03336353443899018  0.03491215036048988  0.03617774445483964  0.03743842809081733
  0.03872077861138709  0.04006272959480885  0.04158788994273169  0.04287979357954501
  0.04413943860707072  0.04543341373180125  0.04688045036406419  0.04841210885427276
  0.04976573139655298  0.05103838132948367  0.05233274038429910  0.05376785928395945
  0.05534778557848700  0.05685906476419045  0.05819815839553000  0.05941457786940826
  0.06042280450876269  0.06120268907429393  0.06190098127120072  0.06269280915509974
  0.06360794866754312  0.06500825842456094  0.06623466660230493  0.06736121350983150
  0.06882581854315449  0.07054321653244618  0.07224286524384203  0.07380491192889596
  0.07534650564932917  0.07714077978188251  0.07930764869988473  0.08172559599487082
  0.08398184748837251  0.08623713516373918  0.08876846896538076  0.09132733738050976
  0.09343970605467919  0.09532642920817302  0.09705792209233918  0.09863455487655380
  0.10038896246428837  0.10250178230370276  0.10429586700448139  0.10596338849122017
  0.10747849608677239  0.10867780808774513  0.11018145747537816  0.11278127674818859
  0.11680909061211747  0.12026301491455259  0.12268630738648087  0.12501616523345349
  0.12687756110492221  0.12919792469464991  0.13124983379333113  0.13418675015983023
  0.13916375415837998  0.14323729773905255  0.15129520171714589  0.15741356669579351
  0.16109696424038636  0.16628003224981214  0.39719052899552243  1.00000000000000000
 -0.00344199707364740  0.01523374602546919  0.03091860551756846  0.04780604640167394
  0.06244677677362370  0.07660618817381040  0.09055186082056718  0.10413518840829243
  0.11732564262372921  0.13090539126571840  0.14518989446295583  0.15921008883805876
  0.17299663407705884  0.18647654504064295  0.19942828355703363  0.21165478716718586
  0.22271132079431308  0.23257071809186361  0.24202778660680141  0.25157326315910683
  0.26148457188840718  0.27104120472895360  0.28041835155533335  0.29008820064404989
  0.30034888743220117  0.31110402206718146  0.32111428014077159  0.33050663578889289
  0.33983162235497211  0.34880790566522318  0.35745832173613606  0.36520610656412905
  0.37335684053365847  0.38103341938595314  0.38932371142581901  0.39729816846922422
  0.40446352853943934  0.41120936871019836  0.41803135080600523  0.42537048032285363
  0.43272042088766349  0.44074109562971220  0.44940230768843070  0.45771106144304785
  0.46583352328799971  0.47325098459666187  0.48120898743502877  0.48873918296203439
  0.49647909881930574  0.50350771917430104  0.50960714815478081  0.51570102992355971
  0.52174252549660771  0.52815339683542917  0.53448399326100682  0.54126441849536600
  0.54934915560367970  0.55814850090242996  0.56710661754502090  0.57580868579905875
  0.58416426619260531  0.59248352850447217  0.60068097169651347  0.60878868220198012
  0.61688329854383994  0.62543253661021592  0.63404595918243201  0.64282398311944844
  0.65134106101198830  0.65998066355438756  0.66898429819276795  0.67984109325406561
  0.69087622779945868  0.70229591717253537  0.71393798947742593  0.72655396708174136
  0.73997034219303048  0.75345407292804389  0.76657117357752180  0.78046013269763648
  0.79326492579231289  0.80526165766052560  0.81735337321487334  0.83029040830334866
  0.84474669860576512  0.85983186407070367  0.87319896538939989  0.88551424420369240
  0.89805648279087802  0.91159445371601566  0.92673490366837963  0.94188952221477074
  0.95711814926256822  0.97263461630336245  0.98698076624919573  1.00000000000000000
  0.05366642104244883  0.21055210732468363  0.28117333746646789  0.33206873524693475
  0.37265458155581055  0.40529663937557286  0.43458614446705285  0.46138372147844575
  0.48459813080229747  0.50531325236932811  0.52466425983741438  0.54265996104133252
  0.55881751988101669  0.57392259242611798  0.58844459360281587  0.60197277970759644
  0.61509586029992014  0.62793903362926218  0.64023905173346229  0.65179489116531608
  0.66253331909030866  0.67259261400541503  0.68224278725585297  0.69144122654877538
  0.70025674824607242  0.70876699335356352  0.71672442404789971  0.72427847871562101
  0.73151399189406596  0.73870402283093373  0.74610750304889395  0.75312212226195030
  0.75978779076032898  0.76598398968254922  0.77216239968084144  0.77818841391118920
  0.78435483073883161  0.79041676276967454  0.79614992210139746  0.80151204556725075
  0.80690096548967605  0.81220788365314134  0.81759815932838353  0.82267608060022601
  0.82760707248362009  0.83242096454079073  0.83705413541885587  0.84170636760410444
  0.84649398563032052  0.85132421615871801  0.85605428642990200  0.86048561689104297
  0.86462078560577382  0.86853267749799645  0.87248472625589868  0.87635986619917006
  0.88018206888370099  0.88418573722088378  0.88839635818693596  0.89264625775069928
  0.89661770877147318  0.90032371921256493  0.90386723230120058  0.90722223788020173
  0.91057796757344533  0.91362912348226366  0.91680676046833920  0.91999722797408379
  0.92314868356894753  0.92628515585877746  0.92936344595304610  0.93219855667454843
  0.93512896335648088  0.93800162814048982  0.94064083157595924  0.94335240699581058
  0.94600970728491252  0.94851712218383155  0.95097790001878546  0.95342497094855150
  0.95559633794548782  0.95788470736127640  0.95998580927758315  0.96210873569494959
  0.96423979123955994  0.96636255335331966  0.96869456927891817  0.97130311719478413
  0.97398354153726885  0.97665852707652601  0.97928185202482176  0.98185837367166806
  0.98474317572286740  0.98820863399938441  0.99301432613121177  1.00000000000000000
   1.0514224714152423E-013  -1.0000000000000000     
 F F F F F F F F F F F F F F F F F F F F F F F F F F F F F F F F
  <DiscreteSampler_grid>
  grouped_processes
  1 # 1 for a reference and 2 for a running grid.
  10 # Attribute 'min_bin_probing_points' of the grid.
  1 # Attribute 'grid_mode' of the grid. 1=='default',2=='initialization'
  0.0000000000000000 # Attribute 'small_contrib_threshold' of the grid.
  0.5000000000000000 # Attribute 'damping_power' of the grid.
 # binID   n_entries weight   weight_sqr   abs_weight
    10   10   1.180238032706113E-003   1.173737316687443E-005   1.180238032706113E-003
  </DiscreteSampler_grid>
