 -0.00000203073321647  0.00013767058031412  0.00035564962423262  0.00057329935610814
  0.00080159540296548  0.00102898562098747  0.00124228875446003  0.00146513575811474
  0.00171095207408523  0.00195616718087286  0.00219886940265213  0.00245841847290408
  0.00272025047652282  0.00302126369837109  0.00334696034473417  0.00367214176493676
  0.00402017242796343  0.00440074752604265  0.00479241640105334  0.00519009413419308
  0.00559260182566133  0.00597821121162636  0.00632926932086013  0.00671235850843281
  0.00711914234556524  0.00756580315304559  0.00799576216866289  0.00842390761235386
  0.00888241601442198  0.00939161446413978  0.00994340503025294  0.01051493580897794
  0.01109390536904348  0.01169532339336083  0.01229338424652405  0.01290162063609909
  0.01353481911202139  0.01422902514162550  0.01502060845749888  0.01584776402672256
  0.01665974892985442  0.01745692425711009  0.01827523220529195  0.01911547052668407
  0.01999871046200100  0.02075782803474462  0.02152926139890920  0.02229870432851841
  0.02304062141032218  0.02384805774836873  0.02458946982036255  0.02531232968128633
  0.02604685638255508  0.02684150918807641  0.02773244934996986  0.02868599597696238
  0.02964486152999841  0.03055485256664186  0.03137578245671233  0.03220605320295608
  0.03273608215737223  0.03338236411732211  0.03411410370474143  0.03480628331995217
  0.03551435837687489  0.03606124099417932  0.03699502940686795  0.03799007688776129
  0.03903992144875625  0.04034490339548253  0.04130260100228737  0.04229639266210337
  0.04325685530167760  0.04412638085296292  0.04517089680503253  0.04655774512503018
  0.04884744055586612  0.05172987739441797  0.05500162876606154  0.05812353084094301
  0.06098665087600084  0.06386039849749431  0.06633597351640468  0.06934060311274920
  0.07343390604831036  0.07767671643430669  0.08139117385518624  0.08520415835275348
  0.09024827329713765  0.09828034440031105  0.11402924854449516  0.12936056620724812
  0.19969344580353476  0.25014608048454695  0.27450664481455767  1.00000000000000000
  0.00000265200358465  0.00000277607689872  0.00000301796974013  0.00000323883985298
  0.00000347113722504  0.00000373662428390  0.00000403278590250  0.00000437180600752
  0.00000474690940869  0.00000508490665665  0.00000545551043644  0.00000583303510964
  0.00000622912515087  0.00000667189968198  0.00000716764092670  0.00000805936168695
  0.00000898947597065  0.00001007654506837  0.00001140540813270  0.00001263315942322
  0.00001377826139683  0.00001503065518546  0.00001636930142642  0.00001803452987359
  0.00001998112642367  0.00002220952495417  0.00002481831382756  0.00002753660908489
  0.00003050112447618  0.00003403304360364  0.00003794624490031  0.00004183904573373
  0.00004639400803893  0.00005151903380876  0.00005707943086246  0.00006332728054635
  0.00007006930930900  0.00007698470495259  0.00008431071582228  0.00009312396560038
  0.00010249265963539  0.00011273232523323  0.00012415699194141  0.00013622060247670
  0.00014887162563053  0.00016310964648425  0.00017717003042776  0.00019273641067673
  0.00020864092420112  0.00022367631309693  0.00024117246453426  0.00026261417577360
  0.00028261023398841  0.00030240380687058  0.00032142883555986  0.00034543998225256
  0.00037446278980777  0.00040540719529093  0.00043774399698702  0.00047079148261083
  0.00050860161045153  0.00055024689623418  0.00059577121171831  0.00065005104695084
  0.00070623195015873  0.00076357448842518  0.00083159074915463  0.00090628153266913
  0.00099352995287477  0.00108842415531975  0.00121154530085204  0.00135025098736411
  0.00152806102435833  0.00167868713831077  0.00185628803933887  0.00204640444395876
  0.00224623614765147  0.00247948770125113  0.00283368427685516  0.00330854905346649
  0.00388491055727672  0.00456707716816951  0.00539817003493058  0.00633240684746415
  0.00749188485047981  0.00899054666485462  0.01106941888488660  0.01356289836513877
  0.01646944072901177  0.01949983196667585  0.02321282329488897  0.02825747072744126
  0.03821172392640714  0.06718644296150589  0.10704576090693840  1.00000000000000000
 -0.00001035523346728  0.00060874961470628  0.00099971368349894  0.00131204915478815
  0.00161299494137039  0.00195560863051521  0.00229769960691875  0.00266246326257685
  0.00302538338536521  0.00343307930472073  0.00388159658703197  0.00430465009104299
  0.00473416444408767  0.00520907807683957  0.00571031829598447  0.00622543968736314
  0.00671972446960278  0.00719120605412800  0.00767045326084180  0.00815573339278437
  0.00867331897205330  0.00922017235200123  0.00983884959399474  0.01049060801842701
  0.01116864914313596  0.01182106109183495  0.01252778429042089  0.01328891253231125
  0.01421107408146271  0.01528207996043778  0.01636311585526549  0.01735185595689244
  0.01820290012288793  0.01883054741099422  0.01946911883539786  0.02012948917402509
  0.02081319124521721  0.02145193923596729  0.02205907016570699  0.02268856572389759
  0.02328013819793874  0.02390044175021234  0.02463872849688997  0.02536674504220349
  0.02588793833238416  0.02649465020115685  0.02723767447979233  0.02804932575289764
  0.02902354220051923  0.03015602233019683  0.03102481434403090  0.03156750375952572
  0.03204052449410952  0.03253494744126429  0.03311758097607826  0.03371289585637773
  0.03429212363590285  0.03491381123691276  0.03561429450520599  0.03639820045366435
  0.03715450734785226  0.03783590558394687  0.03846425481690933  0.03909980534086412
  0.03971265236086149  0.04037907549576710  0.04121592824066399  0.04213151718415499
  0.04316021005737820  0.04428815381471285  0.04555869435241672  0.04697064435405168
  0.04861095046419007  0.04986218163108511  0.05099886809225511  0.05216061733654936
  0.05333460342745885  0.05453384892577247  0.05616009820108023  0.05829253953750511
  0.06047181260133909  0.06247666795070842  0.06437064350253013  0.06620356905042252
  0.06901771473224125  0.07267667407226167  0.08094825159094206  0.09118020245594817
  0.10144666146102614  0.11173272741207863  0.12881619571436481  0.15520024532333207
  0.17768149075178044  0.18594112712057437  0.19728024053766727  1.00000000000000000
 -0.00171604693954099  0.00732564634386154  0.01611200268595360  0.02390538632994411
  0.03261961995598404  0.04227784276347871  0.05246150599790667  0.06242788766281415
  0.07215255172014630  0.08143732663997368  0.09084349836991180  0.10075856659320295
  0.11018532048276804  0.11961750766648016  0.13004584434864344  0.14176034580538285
  0.15324882252663408  0.16464056707564001  0.17592722359999174  0.18671404717078222
  0.19628192320254248  0.20515793796711598  0.21418509029650781  0.22385249307494567
  0.23438388773214897  0.24604249750014306  0.25863704487751360  0.26927942584445602
  0.27866759654997558  0.28807473194741995  0.29715080858786996  0.30725160732395995
  0.31766248914844841  0.32760879824502354  0.33827632872570018  0.34713407972604243
  0.35645538458843212  0.36597731035839659  0.37571477593755753  0.38704645559386025
  0.40086701693349869  0.41427794013931990  0.42768060174998335  0.44082805890056675
  0.45422835335815870  0.46654187268087466  0.47987919088403763  0.49346598176437184
  0.50588817704153843  0.51678972031891190  0.52499731702305241  0.53165161902561131
  0.53861774943728424  0.54646112128139834  0.55436319395190992  0.56133750205214050
  0.56772673440441412  0.57390989389210512  0.58145250077311861  0.59071772809659651
  0.60116558219477523  0.61082990629450706  0.62131402863974272  0.63174265649067696
  0.64277683472336822  0.65385154049707095  0.66618356176244553  0.68052144812024329
  0.69390562731162597  0.70719271764768921  0.71951762974307754  0.73204037277463763
  0.74292004084743246  0.75383035789083708  0.76374419340089883  0.77302905717812820
  0.78152797349350722  0.78980460483486192  0.79900858079496606  0.80921729560823386
  0.82109095378054220  0.83257281005639783  0.84414414343658783  0.85589003440483291
  0.86820563466527412  0.88038860314405509  0.89491997474208740  0.90943135302067979
  0.92525625626499386  0.93927508660324466  0.95139251412122927  0.96272681792357540
  0.97351815041170575  0.98266778274340572  0.99126971131077801  1.00000000000000000
  0.00509741954071556  0.01615257447883137  0.02522734015980117  0.03208450703762566
  0.03814337566359884  0.04320181155532839  0.04752661530831186  0.05169787738363072
  0.05587256202332939  0.06001156235686192  0.06341108582942807  0.06616673751551491
  0.06872664247635923  0.07128414978542894  0.07387941219831919  0.07660632028579183
  0.07919755493346439  0.08166237667339901  0.08406794873983714  0.08644952024812130
  0.08913181850270444  0.09167477832660509  0.09394469538732206  0.09635863776708133
  0.09866241314180138  0.10103866562441516  0.10320984628445275  0.10512450384729571
  0.10704183456422682  0.10903376084802255  0.11113629907445392  0.11336519462154024
  0.11547982822108296  0.11740579119911156  0.11935915495086008  0.12126004264170887
  0.12286771275379672  0.12440246010778443  0.12577098443150023  0.12685352787401785
  0.12794487170345387  0.12902679888140964  0.13128758380728361  0.13441114383654820
  0.13810618093966032  0.14180478467288199  0.14507262543026753  0.14858697318622979
  0.15229104244533065  0.15442606793780181  0.15640900305385719  0.15818368195634389
  0.15966230611355647  0.16216430029338191  0.16425081179423290  0.16646485931987634
  0.16866783893365622  0.17097623622391969  0.17331215432022001  0.17554745275968139
  0.17850718415173941  0.18153272742886972  0.18450745870173038  0.18896847092693006
  0.19417198661605786  0.19938497155888960  0.20413393996387338  0.20873427978584266
  0.21307112288070282  0.21735242163195209  0.22146717439736166  0.22432392582370553
  0.22783969833866488  0.23079639475260313  0.23340755897847532  0.23615045068632637
  0.23929979101813711  0.24483187481048516  0.25376612495903894  0.26368812703084554
  0.27161448691603557  0.28080320283066718  0.29056780762022588  0.29788039684029793
  0.30239148526649451  0.30690600910970434  0.31269476485088582  0.32265980973485331
  0.33392788206712321  0.34746046939026071  0.36157012288687712  0.38064623641952244
  0.41616163047355814  0.48559058051370552  0.79950515796851174  1.00000000000000000
 -0.00209988150685500  0.00805765774213387  0.01682362247057105  0.02543118909077083
  0.03523947072961271  0.04596605038083984  0.05670202506429646  0.06649953155896249
  0.07709410623062132  0.08599239713766330  0.09372489290722816  0.10192873313070110
  0.11016831088514539  0.11905514545320263  0.12935682166216841  0.13783854315490504
  0.14725586870259774  0.15660952209168866  0.16580284368889389  0.17396879077246458
  0.18061136631762179  0.18765256168818756  0.19617928348313979  0.20611095957121156
  0.21773569812873234  0.22936062787779354  0.24147140207312268  0.25373144708417594
  0.26530350854645918  0.27666767329270736  0.28798296612866708  0.29940434868656812
  0.30998776028711938  0.32053126251874237  0.33073550305638194  0.34059879195996229
  0.35045967518265225  0.36175708891345537  0.37359169816458704  0.38547061931125987
  0.39716936712996931  0.41054880979605185  0.42572654599858328  0.44184924226566324
  0.45750085507953298  0.47254527401980101  0.48510828966050368  0.49519926802406489
  0.50571620773774884  0.51647533362293818  0.52606279220145580  0.53457549093003676
  0.54365088794255334  0.55283297037848655  0.56315838515873562  0.57264985271032631
  0.58285045029814408  0.59427538689507919  0.60775694116019219  0.61993696620639682
  0.63280092807667077  0.64556130140088464  0.65842628687330595  0.67183923082333197
  0.68582802735614845  0.69938858786221114  0.71184446327208672  0.72323131737987623
  0.73536667351276885  0.74667559857528354  0.75659637055336326  0.76542855156962963
  0.77286779502231129  0.78072468994088351  0.78715548365956001  0.79434981807569549
  0.80212398418822783  0.80904905860254561  0.81586276556244886  0.82288350054411064
  0.83006959707415517  0.84029467213513631  0.85191877875824706  0.86390272934311796
  0.87467403057894644  0.88473679911081171  0.89430959732985948  0.90598360121581656
  0.91756582440447421  0.92902058128028542  0.94105029035661014  0.95235871081817791
  0.96448433274001866  0.97633233429859878  0.98767779100838249  1.00000000000000000
  0.00590947258467731  0.00811830523332918  0.01064644391376060  0.01273807602604471
  0.01468297380475939  0.01656039493717411  0.01838770974087903  0.01996439108548059
  0.02130008847593930  0.02262005508889032  0.02387009657594017  0.02511733181451795
  0.02633736825822145  0.02758455413065515  0.02902727907586331  0.03040867846888484
  0.03166987829006977  0.03292878920588611  0.03415851623278431  0.03555292171712798
  0.03695057590134605  0.03829751550172501  0.03968389546575126  0.04103687223453915
  0.04250755845847571  0.04403190836964043  0.04564639862397688  0.04757937627881834
  0.04937899591355912  0.05113794708036367  0.05287071024398977  0.05464693446679687
  0.05660847489517372  0.05858011994902084  0.06067785048509389  0.06283031928237602
  0.06518586343005350  0.06771375351894990  0.07031162710964543  0.07292635795934088
  0.07543777783939748  0.07783762363605620  0.08002880333303240  0.08214709651615752
  0.08417129891449895  0.08633180512189451  0.08861037529234511  0.09065472560080544
  0.09243250443816711  0.09427907405320698  0.09631230033438881  0.09888684649468911
  0.10234066102349568  0.10489746674554593  0.10661726397181731  0.10838684573063515
  0.11003243602876084  0.11146565870336926  0.11284988403976971  0.11451993248310235
  0.11618324573744127  0.11790956779998396  0.11953700946756907  0.12106544347288069
  0.12269702760353678  0.12471978786612158  0.12671978180768612  0.12865921133031782
  0.13081398818829454  0.13321627954509513  0.13447050025857094  0.13568340061824491
  0.13686643709739613  0.13808342572481302  0.14090313104949789  0.14371079116603064
  0.14650269036379626  0.14933266593396671  0.15099256036797198  0.15222347567815744
  0.15484357506059601  0.15736682262232493  0.15906746944131142  0.16128035837268481
  0.16415173119236071  0.16617888051140978  0.16730181915941844  0.16927969157546627
  0.17231519644622334  0.17569786149301139  0.17937096663945074  0.18379998140275589
  0.19265507558195241  0.20877654392107373  0.56114791442948020  1.00000000000000000
 -0.00345368413202319  0.01491579646221664  0.02977043625676624  0.04438889493377974
  0.05818011326271157  0.07316971021198698  0.08926717116270234  0.10448999802902920
  0.11992726911403452  0.13416464015472365  0.14757360237376430  0.16171937486973489
  0.17666135723046072  0.19284775972694707  0.20913728302929177  0.22517928256297148
  0.23967491402302596  0.25280778004849730  0.26551481954283901  0.27884609788629766
  0.29124085906514863  0.30149067884097358  0.31151633847708443  0.31935304971066913
  0.32595644355573444  0.33211055459695971  0.33866565797216347  0.34517558254913416
  0.35213893051933609  0.35975547695899796  0.36806273063387290  0.37761431904602066
  0.38979586745636041  0.40123530620929798  0.41120274872756590  0.42010697515375162
  0.42828472239935839  0.43604828107279525  0.44403641331107513  0.45202898217028192
  0.46076557447808847  0.47023393332724017  0.48022536562497631  0.48955789873605476
  0.49837672997066906  0.50684973402475553  0.51522500908354740  0.52343012648913778
  0.53112744215789554  0.54001404148235610  0.54901257603603693  0.55845555001599301
  0.56744301276937836  0.57546099906466819  0.58255479768255303  0.58914950638541286
  0.59472733679759604  0.60070308531796712  0.60673930782189478  0.61173878992959740
  0.61917401375862102  0.62641028764328865  0.63341239377152647  0.63925641694980950
  0.64484379593382024  0.65051857500952381  0.65706684141642102  0.66404108882620572
  0.67493693685673095  0.68715430197980720  0.69846237790245813  0.70959996191427055
  0.72027161944299978  0.73137183700164288  0.74305492154023489  0.75468340755325092
  0.76433568350888315  0.77291051491277296  0.78136087731364989  0.79036473034838650
  0.80078226740497205  0.81182078424826665  0.82433574227528872  0.83754513365593142
  0.85176683091378080  0.86600135811664947  0.88087743480470504  0.89579944128019140
  0.90928377840437569  0.92225552283894385  0.93550137890510743  0.95088065000285116
  0.96485203363217298  0.97697414711099617  0.98858977972245843  1.00000000000000000
  0.01193838984784472  0.33026929416308592  0.43039993527766846  0.49785684382501144
  0.54520371262417111  0.58113050119135423  0.61088068292708286  0.63797795887052267
  0.66124676335782595  0.68145443081787016  0.69852723767634572  0.71370350595936438
  0.72745904938272965  0.74057773161743135  0.75330743346267171  0.76488943396561082
  0.77534879375088273  0.78513670699822369  0.79451373357471544  0.80266982863030067
  0.81020253541577536  0.81691571046445821  0.82338934597562330  0.82996101798130217
  0.83632462538163377  0.84253199209576235  0.84815196952527361  0.85380146622675424
  0.85885555723797014  0.86377942274019037  0.86871420139765287  0.87350352941199405
  0.87815243677180510  0.88238812721542959  0.88640003992385052  0.89021966395613739
  0.89385797463839634  0.89736493188067334  0.90035610945300404  0.90347523443961253
  0.90655767128387110  0.90966023331016754  0.91291805938551407  0.91609820950648502
  0.91899516187822172  0.92171137411627346  0.92433696748209659  0.92687165256530324
  0.92936875905114902  0.93189670142440351  0.93451335671260904  0.93694641049600624
  0.93929328812549406  0.94154388995799598  0.94373143454374031  0.94589580893914371
  0.94802477565713272  0.94993671768391763  0.95175507278964711  0.95338625298306723
  0.95491765334216872  0.95635635620772685  0.95775464027338009  0.95911848470790262
  0.96045099780986232  0.96188095171137367  0.96329181494545391  0.96466490968397300
  0.96596105626122608  0.96719866203820715  0.96841669907570016  0.96930928254341009
  0.97027458167891034  0.97127546725441860  0.97219274228881924  0.97301697098727202
  0.97386771712107401  0.97461886376780071  0.97534594492099558  0.97643775247529352
  0.97751418876825380  0.97856610318641946  0.97962706005893418  0.98068754039226336
  0.98172211271067644  0.98274861657282542  0.98380936292614041  0.98479959141236340
  0.98582124746378619  0.98692989087749505  0.98802844728778083  0.98918978144459413
  0.99050474442815162  0.99220391857056511  0.99491017108100277  1.00000000000000000
   1.0917955157073796E-012  -1.0000000000000000     
 F F F F F F F F F F F F F F F F F F F F F F F F F F F F F F F F
  <DiscreteSampler_grid>
  grouped_processes
  1 # 1 for a reference and 2 for a running grid.
  10 # Attribute 'min_bin_probing_points' of the grid.
  1 # Attribute 'grid_mode' of the grid. 1=='default',2=='initialization'
  0.0000000000000000 # Attribute 'small_contrib_threshold' of the grid.
  0.5000000000000000 # Attribute 'damping_power' of the grid.
 # binID   n_entries weight   weight_sqr   abs_weight
    10   10   2.207907694327387E-005   2.457143613094615E-009   2.207907694327387E-005
  </DiscreteSampler_grid>
