  0.00213383252297888  0.00264896412838195  0.00267826617954746  0.00270756823071297
  0.00273687028187848  0.00276617233304399  0.00279547438420950  0.00282754215916285
  0.00286448695906282  0.00290143175896280  0.00293837655886277  0.00297532135876274
  0.00301226615866272  0.00382912839822119  0.00435830147325073  0.00441088332686844
  0.00446346518048615  0.00451604703410386  0.00456862888772157  0.00462121074133928
  0.00467584834183312  0.00473233441320581  0.00478882048457849  0.00484530655595118
  0.00490179262732386  0.00495827869869655  0.00501652332849946  0.00507720350691838
  0.00513788368533730  0.00519856386375622  0.00525924404217514  0.00531992422059406
  0.00595438906441514  0.00831237675994092  0.01161024865468631  0.01291432309580164
  0.01325343040229554  0.01359253770878945  0.01395596191673823  0.01432024803827508
  0.01462566606762041  0.01468480276052521  0.01474393945343001  0.01480307614633481
  0.01486221283923962  0.01492134953214442  0.01498048622504922  0.01503962291795402
  0.01509875961085882  0.01515789630376363  0.01521703299666843  0.01527616968957323
  0.01533530638247803  0.01539444307538283  0.01545357976828764  0.01551271646119244
  0.01557185315409724  0.01563098984700204  0.01569012653990684  0.01574100772808946
  0.01579035936147675  0.01583971099486405  0.01588906262825134  0.01593841426163863
  0.01598776589502592  0.01603711752841321  0.01608646916180050  0.01613582079518779
  0.01618517242857509  0.01623452406196238  0.01628387569534967  0.01633322732873696
  0.01638257896212425  0.01643193059551154  0.01648128222889883  0.01653063386228613
  0.01657998549567342  0.01662933712906071  0.01667868876244800  0.01672804039583529
  0.01677739202922258  0.01682674366260988  0.01817556207696253  0.02539311709600757
  0.02918714940360980  0.02918714940361980  0.02918714940362980  0.02918714940363980
  0.02918714940364980  0.02918714940365980  0.02918714940366979  0.02918714940367979
  0.02918714940368979  0.02918714940369979  0.02918714940370979  1.00000000000000000
  0.00009845504898996  0.00010253186456497  0.00010660868013999  0.00011068549571500
  0.00011510484273510  0.00012077773116743  0.00012645061959976  0.00013212350803209
  0.00026383456777742  0.00057635367269891  0.00125888435355967  0.00274930812612730
  0.00350863799336827  0.00370365881953517  0.00389867964570206  0.00412185563069802
  0.00434932367191431  0.00457679171313061  0.00463175891987390  0.00468624528625402
  0.00474073165263413  0.00479521801901424  0.00484970438539436  0.00490419075177447
  0.00495867711815458  0.00501316348453470  0.00506764985091481  0.00512213621729492
  0.00517662258367504  0.00523110895005515  0.00528559531643526  0.00534010490131735
  0.00539576910426282  0.00545143330720830  0.00550709751015378  0.00556276171309926
  0.00561842591604473  0.00567409011899021  0.00572975432193569  0.00578541852488117
  0.00584108272782664  0.00589674693077212  0.00595241113371760  0.00600807533666308
  0.00606373953960855  0.00611940374255403  0.00617506794549951  0.00623130283297746
  0.00629622834610722  0.00636115385923697  0.00642607937236672  0.00649100488549647
  0.00655593039862623  0.00662085591175598  0.00668578142488573  0.00675070693801548
  0.00681563245114524  0.00688055796427499  0.00694548347740474  0.00701040899053449
  0.00707533450366425  0.00714026001679400  0.00720518552992375  0.00728075529698676
  0.00744849630387262  0.00761623731075847  0.00778397831764432  0.00795171932453017
  0.00811946033141603  0.00828720133830188  0.00845494234518773  0.00874681936144472
  0.00905261977425660  0.00935842018706849  0.00966422059988037  0.00998476696951355
  0.01034144590618221  0.01069812484285087  0.01105480377951954  0.01141148271618820
  0.01180854522569113  0.01222456776370304  0.01264059030171495  0.01305661283972686
  0.01425133149384305  0.01916503770812081  0.02045943453646397  0.02177699198923323
  0.02314232154003812  0.02450765109084301  0.04402245052544261  0.06693946358416572
  0.06693946358417573  0.06693946358418573  0.06693946358419574  1.00000000000000000
  0.00029494995724011  0.00032528670985939  0.00035562346247868  0.00038596021509796
  0.00041629696771725  0.00044714497074578  0.00047945778554603  0.00051177060034628
  0.00054408341514653  0.00057755577315902  0.00063843164969143  0.00069930752622384
  0.00075568721310549  0.00081193637609995  0.00112815501110158  0.00115931488911374
  0.00119047476712589  0.00122276662645634  0.00125648952624100  0.00129021242602567
  0.00132530982759570  0.00136180656771268  0.00139830330782965  0.00179376719040259
  0.00180573750336745  0.00181770781633231  0.00182967812929716  0.00184164844226202
  0.00185361875522687  0.00186558906819173  0.00187755938115658  0.00188952969412144
  0.00190150000708629  0.00191347032005115  0.00192544063301600  0.00193741094598086
  0.00195008146666141  0.00196303638466036  0.00197599130265932  0.00198894622065827
  0.00200190113865722  0.00201485605665617  0.00202781097465512  0.00204076589265408
  0.00205372081065303  0.00206667572865198  0.00207963064665093  0.00209258556464988
  0.00210595405215703  0.00211997456280302  0.00213399507344901  0.00214801558409500
  0.00216203609474099  0.00217605660538697  0.00219007711603296  0.00220409762667895
  0.00221811813732494  0.00223213864797093  0.00224615915861692  0.00226017966926291
  0.00234413749778593  0.00253174884908454  0.00261175668918417  0.00269415997827299
  0.00278074877597671  0.00286733757368043  0.00295987100550451  0.00305358207030064
  0.00359116159478231  0.00569154822240601  0.00901866828044462  0.01428790534091724
  0.02263113874908887  0.03586286792966400  0.04610653700813458  0.04669641099317631
  0.04728628497821804  0.04787615896325977  0.04846603294830150  0.04905590693334323
  0.04964112796466059  0.05016949658038122  0.05069786519610183  0.05122623381182245
  0.05175460242754307  0.05228297104326369  0.05281133965898430  0.05333970827470493
  0.06314998758108248  0.06736057488913015  0.06736057488914016  0.06736057488915016
  0.06736057488916017  0.06736057488917017  0.06736057488918018  1.00000000000000000
 -0.00005448261896769  0.29263817030293698  0.29360967393920717  0.29458117757547742
  0.29555268121174760  0.29652418484801785  0.29749568848428809  0.29846719212055828
  0.29943869575682852  0.30041019939309871  0.30138170302936895  0.30235320666563920
  0.30332471030190938  0.30429621393817963  0.30526771757444982  0.30623922121072006
  0.30721072484699025  0.30818222848326049  0.30915373211953073  0.31012523575580092
  0.31109673939207116  0.31206824302834135  0.31319449627989632  0.31444453765214075
  0.31569457902438519  0.31694462039662963  0.31819466176887401  0.31944470314111845
  0.32069474451336288  0.32194478588560732  0.32319482725785176  0.32444486863009614
  0.32569491000234058  0.32694495137458501  0.32819499274682945  0.32944503411907383
  0.33069507549131827  0.33194511686356271  0.33319515823580714  0.42118812171206460
  0.46175114319916127  0.46722899338663398  0.47270684357410664  0.47818469376157935
  0.48366254394905200  0.48914039413652466  0.49461824432399726  0.50009609451146986
  0.50557394469894257  0.51105179488641517  0.51652964507388777  0.54200500305064581
  0.62574635582688531  0.63041872641626184  0.63509109700563837  0.63976346759501501
  0.64443583818439154  0.64910820877376818  0.65378057936314471  0.65845294995252135
  0.66312532054189799  0.66779769113127463  0.67247006172065116  0.67714243231002769
  0.68181480289940433  0.68648717348878086  0.69366943111488433  0.70154633268478794
  0.70942323425469167  0.71730013582459551  0.72517703739449924  0.73305393896440307
  0.74093084053430669  0.74880774210421042  0.83382240361840576  0.91706394563622518
  0.91952747400051416  0.92199100236480314  0.92445453072909212  0.92691805909338110
  0.92938158745767008  0.93184511582195906  0.93430864418624804  0.93677217255053691
  0.93892747422826173  0.94095352792252229  0.94297958161678275  0.94500563531104331
  0.94703168900530377  0.94905774269956422  0.95108379639382479  0.95310985008808524
  0.95513590378234581  0.95716195747660626  0.97642958561579385  1.00000000000000000
  0.08165943225224809  0.08962744290642337  0.09592155247951348  0.10221566205260357
  0.10904585581042557  0.11611686868908515  0.12318788156774471  0.20414919944591228
  0.27186399295684327  0.27462417866943933  0.27738436438203540  0.28014455009463141
  0.28290473580722747  0.28566492151982353  0.28842510723241960  0.29118529294501561
  0.29394547865761167  0.29670566437020768  0.29946585008280369  0.30222603579539969
  0.30498622150799570  0.30774640722059177  0.31050659293318777  0.31326677864578378
  0.31602696435837979  0.31878715007097580  0.32154733578357186  0.32430752149616787
  0.32706770720876388  0.32982789292135989  0.33258807863395595  0.41102162627512917
  0.51744418605864140  0.54836100879073502  0.55702802021038322  0.56569503163003143
  0.57436204304967964  0.58302905446932785  0.59169606588897616  0.60036307730862448
  0.66388480940850836  0.75083185623043747  0.75519127219308224  0.75955068815572702
  0.76391010411837179  0.76826952008101657  0.77262893604366134  0.77698835200630623
  0.78134776796895111  0.78570718393159589  0.79006659989424077  0.79442601585688555
  0.79878543181953032  0.80314484778217510  0.80750426374481987  0.81186367970746465
  0.89626342300674777  0.90232158436804011  0.90837974572933233  0.91443790709062467
  0.91754489513776372  0.91893426352696728  0.92032363191617084  0.92171300030537451
  0.92310236869457807  0.92449173708378163  0.92588110547298530  0.92727047386218886
  0.92865984225139242  0.93004921064059609  0.93143857902979965  0.93282794741900321
  0.93421731580820677  0.93560668419741044  0.93699605258661400  0.93793080971935183
  0.93860681968769089  0.93928282965602994  0.93995883962436899  0.94063484959270804
  0.94131085956104699  0.94198686952938604  0.94266287949772509  0.94333888946606415
  0.94401489943440309  0.94469090940274214  0.94536691937108119  0.94604292933942025
  0.94671893930775919  0.94739494927609824  0.94807095924443729  0.94874696921277635
  0.94942297918111540  0.95009898914945434  0.95051032702128091  1.00000000000000000
  0.09247105916341150  0.11009514834153158  0.11602363001639644  0.12195211169126130
  0.12826525694165289  0.13498540570334616  0.14170555446503941  0.16861061576063335
  0.17816450664186922  0.18771839752310510  0.19727228840434097  0.20682617928557687
  0.21638007016681282  0.22593396104804878  0.27131448662841529  0.27293422036124815
  0.27455395409408107  0.27617368782691398  0.27779342155974690  0.27941315529257982
  0.28103288902541274  0.28265262275824565  0.28427235649107857  0.28589209022391149
  0.28751182395674441  0.28913155768957732  0.29075129142241024  0.29237102515524316
  0.29399075888807602  0.29561049262090894  0.29723022635374186  0.29884996008657472
  0.30046969381940763  0.30208942755224055  0.30370916128507341  0.30532889501790633
  0.30694862875073919  0.30856836248357211  0.31018809621640503  0.31180782994923789
  0.31342756368207081  0.31504729741490367  0.31666703114773659  0.31828676488056951
  0.31990649861340237  0.32152623234623529  0.32314596607906820  0.32476569981190107
  0.32638543354473398  0.32800516727756690  0.32962490101039976  0.33124463474323268
  0.33286436847606554  0.41453094096103743  0.52105071523728586  0.52416200939008306
  0.52727330354288038  0.53038459769567758  0.53349589184847490  0.53660718600127211
  0.53971848015406942  0.54282977430686663  0.54594106845966384  0.54905236261246104
  0.55216365676525825  0.55527495091805557  0.55838624507085277  0.56149753922364998
  0.56460883337644718  0.56772012752924439  0.57083142168204171  0.57394271583483891
  0.57705400998763612  0.58016530414043332  0.58327659829323053  0.59101230909399116
  0.59883391329353508  0.60665551749307889  0.61447712169262270  0.62229872589216650
  0.63012033009171020  0.63794193429125401  0.64576353849079782  0.75910101235148753
  0.85498524742630966  0.85985228923753820  0.86471933104876686  0.86958637285999540
  0.87445341467122395  0.87871638678457065  0.88290293742815806  0.88708948807174548
  0.89127603871533279  0.89546258935892020  0.94639689127604165  1.00000000000000000
 -0.00114591828440315  0.00099890129701613  0.00199780259403225  0.00299670389104839
  0.00399560518806451  0.00499450648508064  0.00599340778209677  0.00699230907911290
  0.00799121037612903  0.00899011167314516  0.00998901297016129  0.01098791426717742
  0.01198681556419354  0.01298571686120967  0.01398461815822580  0.01498351945524193
  0.01598242075225806  0.01698132204927419  0.01798022334629032  0.01897912464330644
  0.01997802594032257  0.02101491385115819  0.02227806646215841  0.02354121907315863
  0.02480437168415884  0.02606752429515906  0.02733067690615927  0.02859382951715949
  0.02985698212815971  0.03112013473915992  0.03238328735016013  0.03364643996116035
  0.03490959257216057  0.03617274518316078  0.03743589779416100  0.03869905040516122
  0.03996220301616143  0.04122535562716165  0.04239145260644641  0.04350543282356222
  0.04461941304067803  0.04573339325779384  0.04684737347490965  0.04796135369202546
  0.04907533390914127  0.05018931412625709  0.05130329434337290  0.05241727456048871
  0.05353125477760452  0.05464523499472033  0.05575921521183614  0.05687319542895195
  0.05798717564606776  0.05910115586318358  0.06021513608029938  0.06132911629741519
  0.06244309651453100  0.06478732741381235  0.06719778392351536  0.06960824043321835
  0.07201869694292135  0.07442915345262435  0.07683960996232735  0.07925006647203034
  0.08166052298173335  0.08408141707602472  0.08652598119062775  0.08897054530523080
  0.09141510941983384  0.09385967353443689  0.09630423764903992  0.09874880176364297
  0.10119336587824601  0.10363792999284904  0.17163811367627307  0.25773056365830888
  0.34382301364034473  0.42991546362238064  0.51600791360441645  0.60210036358645236
  0.68819281356848816  0.77428526355052396  0.86037771353255998  0.94647016351459567
  0.96160319014547446  0.96539562870110096  0.96918806725672735  0.97298050581235385
  0.97677294436798023  0.98037312146181099  0.98364426788484249  0.98691541430787399
  0.99018656073090561  0.99345770715393711  0.99672885357696872  1.00000000000000000
  0.02015512784322099  0.27327975866594539  0.27572618399855753  0.27817260933116972
  0.28061903466378185  0.28306545999639399  0.28551188532900612  0.28795831066161831
  0.29040473599423045  0.29305367683002675  0.29591837256426562  0.29878306829850443
  0.30164776403274329  0.30451245976698216  0.30737715550122097  0.31024185123545983
  0.31407803400911322  0.32153102202195616  0.32898401003479910  0.33643699804764204
  0.34388998606048510  0.35134297407332810  0.35814206514249003  0.36454230416412448
  0.37094254318575892  0.37734278220739337  0.38374302122902781  0.39014326025066220
  0.39654349927229665  0.40294373829393115  0.40934397731556565  0.41574421633720016
  0.51036558320544900  0.61984323844502154  0.64936420291398456  0.65399424984576793
  0.65862429677755130  0.66325434370933467  0.66788439064111815  0.67251443757290141
  0.67714448450468478  0.68177453143646816  0.68640457836825153  0.69103462530003479
  0.69566467223181816  0.70029471916360153  0.70492476609538479  0.70873811824768285
  0.71027246479488781  0.71180681134209267  0.71334115788929764  0.71487550443650250
  0.71640985098370746  0.71794419753091232  0.71947854407811729  0.72101289062532214
  0.72254723717252711  0.72408158371973197  0.72561593026693694  0.72715027681414179
  0.72868462336134676  0.73021896990855162  0.73175331645575648  0.73328766300296144
  0.73482200955016630  0.73635635609737116  0.73789070264457612  0.73942504919178098
  0.74095939573898595  0.74249374228619081  0.74402808883339566  0.74556243538060063
  0.74709678192780549  0.74863112847501034  0.75016547502221531  0.75169982156942017
  0.75323416811662502  0.75476851466382999  0.75630286121103485  0.75783720775823971
  0.75937155430544467  0.76090590085264953  0.76244024739985439  0.76397459394705935
  0.76550894049426421  0.76704328704146918  0.76857763358867404  0.77011198013587889
  0.79475984640414088  0.80386907919550854  0.81283785369152961  0.81927212255789272
  0.82570639142425584  0.82877952257792153  0.82877952257793153  1.00000000000000000
  0.17839949925740561  0.39914331419663357  0.40245329505993388  0.40576327592323413
  0.40907325678653444  0.41238323764983476  0.41569321851313507  0.41939367898297858
  0.42325682138335630  0.42711996378373396  0.43098310618411162  0.43484624858448934
  0.46729890315472783  0.56248516442360763  0.58753248927463320  0.59290930137530207
  0.59828611347597105  0.60366292557663992  0.60903973767730879  0.61441654977797766
  0.61979336187864653  0.62517017397931540  0.63054698607998427  0.63592379818065314
  0.64130061028132201  0.66077632914859097  0.71175727347849616  0.71859995970076396
  0.72544264592303187  0.73228533214529967  0.73912801836756736  0.74597070458983517
  0.75281339081210297  0.75965607703437077  0.76649876325663846  0.80572287685036537
  0.89596346512888825  0.89840381884884757  0.90084417256880689  0.90328452628876610
  0.90572488000872542  0.90816523372868474  0.91060558744864406  0.91304594116860338
  0.91548629488856259  0.91792664860852191  0.92036700232848123  0.92280735604844044
  0.92524770976839976  0.92768806348835897  0.93012841720831829  0.93256877092827750
  0.93500912464823682  0.93744947836819603  0.93855451289853664  0.93963131845631764
  0.94070812401409865  0.94178492957187965  0.94286173512966065  0.94393854068744165
  0.94501534624522265  0.94609215180300366  0.94716895736078466  0.94824576291856566
  0.94932256847634666  0.95039937403412766  0.95147617959190867  0.95255298514968967
  0.95362979070747067  0.95470659626525167  0.95578340182303267  0.95686020738081368
  0.95793701293859468  0.95847795806817748  0.95870681348888431  0.95893566890959114
  0.95916452433029797  0.95939337975100480  0.95962223517171175  0.95985109059241858
  0.96007994601312541  0.96030880143383224  0.96053765685453907  0.96076651227524590
  0.96099536769595284  0.96122422311665967  0.96145307853736650  0.96168193395807333
  0.96191078937878016  0.96213964479948699  0.96236850022019382  0.96259735564090076
  0.96282621106160760  0.96305506648231443  0.96323383251825956  1.00000000000000000
   1.4203660224617431E-014  -1.0000000000000000     
 F F F F F F F F F F F F F F F F F F F F F F F F F F F F F F F F
  <DiscreteSampler_grid>
  grouped_processes
  1 # 1 for a reference and 2 for a running grid.
  10 # Attribute 'min_bin_probing_points' of the grid.
  1 # Attribute 'grid_mode' of the grid. 1=='default',2=='initialization'
  0.0000000000000000 # Attribute 'small_contrib_threshold' of the grid.
  0.5000000000000000 # Attribute 'damping_power' of the grid.
 # binID   n_entries weight   weight_sqr   abs_weight
    10   10   1.234401353318431E-002   9.988473004157537E-004   1.234401353318431E-002
  </DiscreteSampler_grid>
