  0.00212644599552774  0.00215095603152792  0.00217166287875846  0.00219416691892531
  0.00221723267623656  0.00224708975256594  0.00228160330630496  0.00232166250085977
  0.00235884842801850  0.00239866400091446  0.00245431845368848  0.00252076176080496
  0.00260163055465078  0.00269377579888738  0.00278931737709830  0.00288436397678599
  0.00298185136855388  0.00307730027268151  0.00317529717913583  0.00328755342813152
  0.00340872376818942  0.00353057390253330  0.00368737168847189  0.00384080432233104
  0.00401207191055851  0.00420861491185315  0.00443149723000928  0.00464252283033927
  0.00492150596139486  0.00515679969314824  0.00544509387427059  0.00576367693584084
  0.00606606172767061  0.00646100559282498  0.00695427148820044  0.00755401974922582
  0.00812927071550005  0.00871032915688187  0.00930988342180946  0.00997859105825865
  0.01070702853677686  0.01133595443213422  0.01184868229800746  0.01242403553237893
  0.01301402942195233  0.01368319415854109  0.01446629699058446  0.01512679459345556
  0.01571251627821857  0.01635729117329280  0.01701135271258987  0.01767373444377830
  0.01841942125825232  0.01939864043099134  0.02031771599509919  0.02128243777203245
  0.02198760298836397  0.02270767718521440  0.02349988411088664  0.02456139504167815
  0.02592304755334993  0.02718642193028780  0.02834600943677198  0.02951612510048097
  0.03085259431828480  0.03272416831109393  0.03483870965282550  0.03654442824436419
  0.03810210309332811  0.03983534323457730  0.04145601624773924  0.04316513042382243
  0.04518621730905458  0.04742129112018401  0.04949218136940031  0.05138992022597118
  0.05362907652612561  0.05629837774875955  0.05918750600270829  0.06309648318140464
  0.06766066244027531  0.07131498139475094  0.07543247101378145  0.07967096874945012
  0.08390028904191266  0.08828077218796111  0.09324077433057744  0.09779073636320010
  0.10300924387998243  0.10893799995207691  0.12007720396745369  0.14515475756380380
  0.19244212319117177  0.39736660806508750  0.52184085045594586  1.00000000000000000
  0.00000202460578224  0.00001560648319637  0.00003425470412274  0.00005225357649556
  0.00007140568221877  0.00008700193769329  0.00010315936822948  0.00011914691025419
  0.00013291118478010  0.00014428053096537  0.00015494670794560  0.00016750369829697
  0.00018041825606533  0.00019442739477158  0.00021083649966657  0.00022476367188850
  0.00023916678271026  0.00025516910689613  0.00027342323668257  0.00029292305087212
  0.00031010052565776  0.00032799892884332  0.00034900593255051  0.00037213524640815
  0.00039788785994363  0.00042763329681100  0.00045939385842531  0.00049374322067064
  0.00052784037654520  0.00056106456820319  0.00059383743640275  0.00063312275961295
  0.00067562718501623  0.00071929615429161  0.00076033922224773  0.00079909081518146
  0.00083706781199905  0.00087839272344272  0.00092397364520104  0.00096636232329931
  0.00100862131454222  0.00104950056761995  0.00109214929569376  0.00114140343251140
  0.00119613355739721  0.00125702856474161  0.00132030564989089  0.00138193818676911
  0.00144821759335302  0.00151373111903605  0.00157973397306995  0.00165054110088902
  0.00172930437889772  0.00181052285516320  0.00189355310535457  0.00197972896051046
  0.00207953616158010  0.00221114817646210  0.00234489165183664  0.00247755261964595
  0.00261020534186336  0.00273771400901744  0.00285711719615708  0.00302890061688487
  0.00319722115462701  0.00338374221950966  0.00358619767867574  0.00378906145916368
  0.00402760003473418  0.00429276413979152  0.00457377862846707  0.00490051650422067
  0.00529743163545963  0.00578576128505117  0.00642704801056904  0.00710262155377741
  0.00787367876825079  0.00878740586389837  0.00980179374790616  0.01079564569034873
  0.01210681538720665  0.01354766220024204  0.01527642713714472  0.01727707775577534
  0.01918628995282633  0.02128391514685792  0.02345854830717271  0.02561576939623586
  0.02865195338716631  0.03405315058356137  0.04082535591878084  0.04878601372772392
  0.06628799036212704  0.09792904937785890  0.14391681147971019  1.00000000000000000
  0.00008607816988950  0.00022274124637643  0.00032433853320689  0.00041116149199617
  0.00049756153464498  0.00058331691262927  0.00067257524210961  0.00077015188128626
  0.00088890997034428  0.00100858618868959  0.00110555579855866  0.00119425412237618
  0.00128078504627676  0.00137118084455625  0.00149528836189531  0.00167415052488222
  0.00191071251703790  0.00214068304696141  0.00241507013429771  0.00270355597042068
  0.00301711320527080  0.00340541597477031  0.00387952705011247  0.00440062185398643
  0.00488549817965825  0.00533133928303112  0.00580112618353447  0.00620073368139410
  0.00669816687692948  0.00721606466236127  0.00781873238419440  0.00837460366782107
  0.00895426362207513  0.00962688415946483  0.01034483900162971  0.01114462017005795
  0.01201591065508095  0.01300675841638302  0.01407667954046424  0.01511386870804290
  0.01596523058075956  0.01685398332794430  0.01773359163649037  0.01846264037678689
  0.01924268114139368  0.02030891540216269  0.02142693843667327  0.02242360307397135
  0.02385201118049684  0.02555575914242571  0.02713624482311094  0.02849312332182651
  0.02960296811091507  0.03063223361366009  0.03175225484355017  0.03291793580253991
  0.03440289366500163  0.03609949134321755  0.03796382628840263  0.04001263610809441
  0.04224978066651488  0.04461351128514927  0.04756354300906510  0.05071912962804154
  0.05403320987837455  0.05698732335168189  0.05978925712433258  0.06243242425138975
  0.06518120940608248  0.06898626699848649  0.07443678242452141  0.07889788668570429
  0.08181066450276535  0.08475344671348027  0.08717451048565962  0.08937187527617343
  0.09168943378551213  0.09472741928148160  0.09801280658327384  0.10277921027374312
  0.11285129386473321  0.12765062261739940  0.14012779815442625  0.14759356935536291
  0.15713271296691331  0.17009611286742560  0.18169151216733048  0.18722111815458484
  0.19285054363921886  0.20169046911510369  0.21553928467081046  0.23282251362580039
  0.24919210900867525  0.28641206927528073  0.33013974826027864  1.00000000000000000
 -0.00190496328221431  0.00761219906274329  0.01580900505741572  0.02358000528408554
  0.03036215021756873  0.03821008802907443  0.04515245380507767  0.05279290200034358
  0.06026925795458279  0.06959700304204212  0.07947625833335414  0.09213238375251244
  0.10715993891176480  0.11808358741539289  0.12686000057045030  0.13401780925701756
  0.14145301259770088  0.14970538376628198  0.15902003047097557  0.16904817583336301
  0.18035912277852628  0.19061798293818033  0.19963700813413851  0.20836902698350140
  0.21675875790947349  0.22493795586898999  0.23220427289108991  0.24146921694905030
  0.24984783810804412  0.25954325526720395  0.26984712468567629  0.27812783022909859
  0.28575707423302577  0.29327647974099752  0.30148181673073449  0.30987429918090109
  0.31804101018333497  0.32634831537758585  0.33368140595091494  0.34136894456766076
  0.35042063446138949  0.35957898118325182  0.36840536828360360  0.37649921337340747
  0.38560059730319829  0.39702358488257955  0.40965570538488882  0.42189520839600958
  0.43180260952077687  0.44102105656115081  0.45034286618782027  0.45936266861176500
  0.46778294150811550  0.47730980589431776  0.48786466262482214  0.49933068703780359
  0.50961659994798769  0.51846818419462692  0.52750828590347265  0.53596124961551983
  0.54905658628736620  0.56577939260170285  0.58183483033918371  0.59712433994063108
  0.60998480919042808  0.62357122800111364  0.63838465466418093  0.65416051440286771
  0.66964732865153442  0.68133078397564717  0.69159103014139778  0.70093607121946233
  0.70930913789386207  0.71959343791887731  0.73053700022510681  0.74247971113540134
  0.75556809359379407  0.76938660664730274  0.78464450341968317  0.80165562037426197
  0.81777838849946494  0.83019694928389576  0.84302025375385814  0.85417379942618576
  0.86521671937164424  0.87583790174527010  0.88585835727518858  0.89588241653996692
  0.90782250013391197  0.91862400333032768  0.92902401847574267  0.93998180392263997
  0.95231969143570661  0.96603972408566963  0.97921011307860406  1.00000000000000000
 -0.00226685360097130  0.01055527832414966  0.02040021054725048  0.02950014734191748
  0.03804410210497292  0.04646392091230084  0.05541978468201229  0.06373039318030686
  0.07282514654840976  0.08234403496640430  0.09294469645819521  0.10511129399688247
  0.11846405516389030  0.13227416916975240  0.14625405611093284  0.16031553885893388
  0.17363169605519588  0.18496581688517971  0.19631443803685322  0.20943055467368746
  0.22237277337741956  0.23411040090988225  0.24643951392936847  0.25802097756942050
  0.26856641106185902  0.27845028824406298  0.28859636362085889  0.29992096310706773
  0.31136149027288645  0.32186492865070920  0.33081229675842005  0.33901752081900871
  0.34801593570758116  0.35767212934043580  0.36900799626100184  0.38161960489080554
  0.39289648015421469  0.40501135604762156  0.41732945972559649  0.43112123248421380
  0.44741243290541471  0.46093039158668631  0.47337938535607454  0.48611627543826669
  0.49992174046506260  0.51203552624662885  0.52301586744342121  0.53436099739863840
  0.54603549691941200  0.55760964373164412  0.56819277573503135  0.57747585551901393
  0.58600198623009303  0.59478503938512917  0.60277361483101222  0.60961671129307504
  0.61586159493956805  0.62215934280565965  0.62997558605465775  0.64044474826530318
  0.65169709672430820  0.66292233558899194  0.67400676602215570  0.68463147319279194
  0.69384612048625860  0.70249574045701313  0.71273102565289981  0.72634972323566016
  0.73987699743549151  0.75057130431621699  0.75986103732505028  0.76958808509422694
  0.77728855045259349  0.78682888770198156  0.79822390805464993  0.81191748798233643
  0.82187155222125774  0.83031028220254488  0.83765435996362891  0.84577490514942588
  0.85404128969306536  0.86198929122203938  0.86955724186628292  0.87818926843617484
  0.88864020303018387  0.90010611984421240  0.91259628525409719  0.92503383061838440
  0.93740962538042916  0.94755922581255170  0.95754562959757938  0.96718132696599202
  0.97627313224826007  0.98403161012661833  0.99158171104518389  1.00000000000000000
 -0.00400491768606009  0.01563673567154302  0.02264213141655385  0.02930051894617654
  0.03553734613874877  0.04258289117551815  0.05123217597144086  0.06030691189773287
  0.06871579720931650  0.07607834532149858  0.08297604633959743  0.09039303582001895
  0.09820102758241959  0.10574773957074439  0.11309039684850405  0.12234278271318104
  0.13335292229063025  0.14518346273071728  0.15634058043942403  0.16654694532360953
  0.17555707190029068  0.18429227042333682  0.19482768043912066  0.20655746094281249
  0.21544101918154956  0.22307546665276359  0.23108411581593349  0.24116137216313077
  0.25187442199460508  0.26138927271271900  0.27084837704529913  0.28260191909448384
  0.29351918798699705  0.30427471901067404  0.31475667070423069  0.32461124299701305
  0.33484203174350524  0.34582021665094476  0.35809168476659581  0.37290810678757152
  0.39207953156565672  0.40692535619596354  0.42088732325976869  0.43337359753508015
  0.44450158896993430  0.45476015848254747  0.46686171992808956  0.47845175739924850
  0.48641868058291832  0.49348801269120124  0.50210441017256668  0.51146610882695598
  0.52090497551691695  0.52921601143802111  0.53641700909774415  0.54374669803615749
  0.55222235856128699  0.56338773158769562  0.57907171301256288  0.59530890676918224
  0.61013578546779623  0.62311125446268301  0.63542391741099280  0.64685212376111301
  0.66025688404186766  0.67180253163673620  0.68210280783165955  0.69214521860334988
  0.70213278559467940  0.71366613740240126  0.72300963043391397  0.73435927073780194
  0.74781593496368637  0.76234189479448267  0.77703176497133775  0.78985878576547131
  0.80120532594038929  0.81395766004797165  0.82583902725909109  0.84027145321613061
  0.85530165605396336  0.86897519374424304  0.88141502061028631  0.89284534366648804
  0.90401886911658924  0.91581005861450060  0.92570406876040479  0.93495667393524418
  0.94308159770715727  0.95193619251113293  0.96050002802848344  0.96962906382443215
  0.97963825137712313  0.98671104289800526  0.99341960990454881  1.00000000000000000
  0.00494239585613603  0.01337498142555385  0.02268988144832736  0.02949769523124457
  0.03610057599904117  0.04194030136564242  0.04709810242172698  0.05203348155989059
  0.05688183128592994  0.06150669051309264  0.06588402019067024  0.07009997233885357
  0.07437712637034051  0.07861001936387840  0.08273810868399258  0.08674130291505691
  0.09067217992616154  0.09487622051200675  0.09896534292648790  0.10306415474650447
  0.10769216176857531  0.11193827904929686  0.11606684153718941  0.12025672701975504
  0.12474452946778378  0.12964314356198658  0.13443275072207181  0.13853910541498474
  0.14236220749170017  0.14614094477220319  0.15024843169775834  0.15448899967483060
  0.15853918663051439  0.16257991797736837  0.16678525515255604  0.17138471529759197
  0.17551812008025591  0.17915872724711851  0.18270000767667485  0.18608880197000524
  0.18977585509907380  0.19395732127192825  0.19845797928022593  0.20305819819071974
  0.20760000123766428  0.21143752804919055  0.21489739213583042  0.21793151090881749
  0.22155241166638417  0.22516658789255151  0.22878930503668721  0.23255792208057874
  0.23551633351331741  0.23883476102007650  0.24240168902926759  0.24733861211514843
  0.24991503531829584  0.25194407119907691  0.25420646548415560  0.25639800596074458
  0.25850855501189446  0.26007793301229670  0.26115360157918382  0.26406300501660118
  0.26746387231241209  0.27157414706446287  0.27665081956750437  0.28308903247428996
  0.29033578365751050  0.29775972222031544  0.30543918499115269  0.31318972881677348
  0.31870797809497264  0.32377512930477043  0.32952471514602810  0.33655429352179234
  0.34263333980735483  0.34698757440191330  0.35078734172860837  0.35479416713900347
  0.36215708789538270  0.37226814557425686  0.38003857859898282  0.38638975212994348
  0.39149456616916278  0.39697492365510290  0.40381799529751999  0.41213668482212484
  0.42040311876752540  0.42697851286274174  0.44978228240587403  0.49587713520464960
  0.59497864568534597  0.65246658822451264  0.79796785234745016  1.00000000000000000
 -0.00168650862272694  0.00492592554025378  0.01328283457515372  0.02174634887726593
  0.03109374257265913  0.04026412411363370  0.05115280425671783  0.06189368026452503
  0.07731647517223192  0.09061789342254303  0.10249930579568904  0.11376170994113678
  0.12369038850029290  0.13360739828010831  0.14348562605981835  0.15442036612976198
  0.16721921117269994  0.17927992481541274  0.19070689631159193  0.20180384389747397
  0.21605093777904977  0.23385392769162910  0.25172973855196668  0.26610678400564186
  0.27762492977579878  0.29016082220732076  0.30277833870576604  0.31625312048596188
  0.32849215411286908  0.34052085703150442  0.35131509923333382  0.36130557694046372
  0.37067401616480017  0.38040314999942026  0.39152921782271377  0.40188035503892910
  0.41113959467141975  0.42103739176886190  0.43104012284951837  0.44091236158485836
  0.45138665625084251  0.46192233666976457  0.47239592206578584  0.48270031416199521
  0.49303733439481007  0.50347696210017201  0.51519971178965640  0.52629065692504695
  0.54078886472753795  0.55313748503198257  0.56639673426213188  0.57900986595305259
  0.59080834339985955  0.60174710082440663  0.61189401885934713  0.62149491114384037
  0.63071489161222094  0.63715374190534979  0.64294561130234751  0.65006882650768671
  0.65667059268998207  0.66313887888166023  0.67071091556890328  0.67982712974284698
  0.68827093908229064  0.69848987955233433  0.70976494792042510  0.72119581524746657
  0.73203037051379405  0.74148313273784283  0.75044121866043045  0.75883707355372720
  0.76684180711627459  0.77470735426355541  0.78271702030064094  0.79212129678761578
  0.80360925655071613  0.81858878281694047  0.83616934184767744  0.85318439822241043
  0.86391097006351270  0.87261536613757906  0.88164765850057103  0.88972721096976926
  0.89622065543916418  0.90188097324943883  0.90808204942949011  0.91530459538385833
  0.92689857896453132  0.93646812044666894  0.94526084874114757  0.95290610851250857
  0.96350978109014584  0.97469421360711372  0.98736951511322091  1.00000000000000000
  0.02444065692470850  0.40721851731579978  0.53877313088576662  0.61097925737515213
  0.66198520799004068  0.70262342317187199  0.73673208055354444  0.76470812863762361
  0.78778975715173161  0.80820888485843256  0.82382129638424595  0.83723727924196301
  0.84741252274583911  0.85551548512465236  0.86366622817742844  0.87267810568435600
  0.88140887707969195  0.88796142610157303  0.89385864665527481  0.89922152322366278
  0.90441146449017129  0.90932418989860686  0.91397301589141444  0.91773653980932124
  0.92093285604321673  0.92377271401666694  0.92653981685869069  0.92926686459122199
  0.93195376696352406  0.93462873376753119  0.93698733546511814  0.93901509822456675
  0.94082755533693840  0.94268207838272589  0.94441014028257741  0.94637206404979624
  0.94842633513162466  0.95007450866363086  0.95158792722706020  0.95280726153388329
  0.95413525583477299  0.95541047746011698  0.95666613062554973  0.95793434622339046
  0.95920308084018868  0.96046331373051541  0.96156821903628475  0.96288689915054748
  0.96415328112064802  0.96546638136068474  0.96657905471202843  0.96776416894182948
  0.96892101344933357  0.96995744148801388  0.97089164284726226  0.97176462708021139
  0.97260128479977381  0.97345433642050339  0.97444703160463375  0.97545517737039289
  0.97640641944235651  0.97729362879615322  0.97815991400915092  0.97890302972354104
  0.97956837823551723  0.98018225713529816  0.98078254799814324  0.98143953763831338
  0.98209058068617983  0.98266846230404015  0.98323449949025810  0.98379303789011252
  0.98426659795567450  0.98475267765183772  0.98526917908227041  0.98579524905291749
  0.98633078299190224  0.98689316740123789  0.98748547147738130  0.98806282803694778
  0.98860152346302366  0.98913485033311610  0.98964130901832081  0.99012100748864695
  0.99060074454091129  0.99109645601978380  0.99161863122381899  0.99217073093981190
  0.99279698511810011  0.99348563947618718  0.99419876897968218  0.99490048338708892
  0.99567033429600083  0.99654757588596565  0.99775161224209408  1.00000000000000000
   3.5047824348864866E-011  -1.0000000000000000     
 F F F F F F F F F F F F F F F F F F F F F F F F F F F F F F F F
  <DiscreteSampler_grid>
  grouped_processes
  1 # 1 for a reference and 2 for a running grid.
  10 # Attribute 'min_bin_probing_points' of the grid.
  1 # Attribute 'grid_mode' of the grid. 1=='default',2=='initialization'
  0.0000000000000000 # Attribute 'small_contrib_threshold' of the grid.
  0.5000000000000000 # Attribute 'damping_power' of the grid.
 # binID   n_entries weight   weight_sqr   abs_weight
    10   10   3.531569746312642E-004   6.060297966695716E-007   3.531569746312642E-004
  </DiscreteSampler_grid>
