  0.00104725174072128  0.00166107506255417  0.00209330374574190  0.00246459377846117
  0.00283891069660606  0.00320024652521690  0.00349970781780254  0.00378530351517477
  0.00407894612642184  0.00438211562359963  0.00469310178138198  0.00504252809820941
  0.00547280497364248  0.00594525072258670  0.00641312797150557  0.00686214130173777
  0.00729545040209256  0.00773520542805402  0.00816882530142884  0.00859112701220450
  0.00905021970564074  0.00953660096548809  0.01002934801957716  0.01051573894395571
  0.01100539099895583  0.01151286736443933  0.01202348593930833  0.01258506650998619
  0.01317785376932840  0.01381403296541993  0.01448810343583395  0.01517423728220986
  0.01604362244574555  0.01685780932820457  0.01761959617901218  0.01838956531369802
  0.01918983411624203  0.02005052883483047  0.02093489215484114  0.02179713206143246
  0.02270831111213109  0.02354262032350206  0.02444865352592120  0.02540310722429746
  0.02640789615269397  0.02748435467564139  0.02852624474270442  0.02958832024370400
  0.03074253450620178  0.03203210498457217  0.03330242449593560  0.03420084482816121
  0.03502029364465605  0.03587762795602593  0.03673259530532895  0.03761980883346099
  0.03832904996979349  0.03899165515219063  0.03974545127728661  0.04066144216874327
  0.04160056213336395  0.04266111564504039  0.04393339489820779  0.04507756674556526
  0.04660325391920587  0.04892991670838714  0.05134441177818889  0.05380290004537414
  0.05636392189582110  0.05881789996089085  0.06103277550239058  0.06324288853124772
  0.06555212706143541  0.06816361969018932  0.07121441641851849  0.07470953005062499
  0.07855600671364632  0.08229467122991628  0.08600277020501725  0.09000237854928543
  0.09509189098019685  0.10253035607526828  0.11012938969712967  0.11662339794604369
  0.12295521227112739  0.12884464053940575  0.13558122114036317  0.14527308545142245
  0.15987945260457867  0.18181994089637329  0.20478301509189725  0.22378795305632060
  0.25077495247674719  0.31671326358368163  0.46655779435709877  1.00000000000000000
  0.00029604631143830  0.00049518587163401  0.00077414963686994  0.00129639324043731
  0.00192310224097340  0.00291414413911941  0.00417261730650598  0.00564152829552395
  0.00714567188171576  0.00867609898534403  0.01017257328547138  0.01176731827604016
  0.01333403087628695  0.01501432371088836  0.01674591028418497  0.01850156265785528
  0.02024006325240904  0.02198374806910224  0.02381630274210372  0.02572850720120809
  0.02763024368662949  0.02951849181426374  0.03135967583431994  0.03319739255941590
  0.03487759046291236  0.03643885452239080  0.03802778253874887  0.03970717868328569
  0.04132810767292396  0.04283760184909537  0.04429579370180547  0.04579008480106853
  0.04751393960303257  0.04940354724457752  0.05142169642606319  0.05331147734836351
  0.05539087941406706  0.05761924801330798  0.05994820167223473  0.06211238468439571
  0.06399069597764338  0.06561067103517640  0.06723902175695314  0.06864297027989121
  0.07004136074625728  0.07149736859352793  0.07300916214150141  0.07478658349081549
  0.07673490135024735  0.07855402065858666  0.08052197715169690  0.08257017167307404
  0.08485520221267323  0.08719440186118546  0.08964627918451704  0.09202729524456875
  0.09427262320246778  0.09632479015826792  0.09822017409095832  0.10015120371217538
  0.10234803198910579  0.10477889764748698  0.10712160242775254  0.11014635256245875
  0.11240349607030538  0.11439934327475101  0.11637675098592144  0.11835730960837208
  0.12023000177939953  0.12193912045319708  0.12414063098432468  0.12697849512978088
  0.13054438360339848  0.13493273959798202  0.13900883409387044  0.14167472674325873
  0.14413071226969554  0.14657609233221711  0.14918009019842876  0.15241873940010839
  0.15640948462357854  0.16105248414081830  0.16595101010245150  0.17070751492105321
  0.17487730483084782  0.17895812102724518  0.18350392697162490  0.19104243357163056
  0.19998119952907747  0.21040299940486662  0.22004043626630879  0.22898296369564047
  0.23762500543520215  0.24721156202516159  0.53624658440842055  1.00000000000000000
  0.00030632053596142  0.00034935712974214  0.00041262240109998  0.00049060515678830
  0.00058532281310941  0.00067113510088858  0.00074840409324141  0.00083203993943828
  0.00092041764538395  0.00111574645754970  0.00137412634522128  0.00170547260666663
  0.00223844010967178  0.00283678776505647  0.00372589213524271  0.00470448079754316
  0.00583679086172496  0.00712023756373416  0.00822938745152122  0.00924883997623926
  0.01036072475100457  0.01152866997489312  0.01265024286750756  0.01387051429450083
  0.01528037001946209  0.01682178753904708  0.01831065162392992  0.01969251482928316
  0.02123153386321571  0.02297624663184032  0.02472056726427002  0.02640861885602198
  0.02813588835667003  0.02994375604972271  0.03178816047345237  0.03371479296506608
  0.03575221827533500  0.03773068885829409  0.03934531093003260  0.04097814595315726
  0.04272091023391903  0.04440632252306496  0.04598318866965108  0.04755910103818387
  0.04940560831971358  0.05143460867335731  0.05360881284340761  0.05579112142286612
  0.05787300553503624  0.05985159944870676  0.06163448673659864  0.06332989326156363
  0.06518012234978333  0.06715138955728253  0.06920317950740087  0.07127090597262863
  0.07310186472441739  0.07959345321800242  0.08744682312087212  0.09578829854241241
  0.10093361184005747  0.10490233820683226  0.10745246861241230  0.10951810383647330
  0.11166708300233968  0.11392675665187625  0.11597736687997488  0.11811516512535074
  0.12033482143856530  0.12278159189638059  0.12531221815598667  0.12798710708656796
  0.13091378689145530  0.13400627034078655  0.13743274051514051  0.14120563206696818
  0.14524110846465255  0.15007722462382661  0.15510112320983857  0.16013681096511545
  0.16538426060678252  0.17087765855310494  0.17521299954659214  0.17970601697261993
  0.18440034165192831  0.18936562957364589  0.19642540198465944  0.20358702461968806
  0.21357578483682740  0.22599649759291784  0.24079402769627556  0.25559155779963327
  0.32061093173300587  0.39524178150922834  0.50467993770207886  1.00000000000000000
 -0.00173097273843300  0.00506111664274134  0.01077426333031728  0.01587813599614286
  0.02100807975306347  0.02652656204335251  0.03255184408228391  0.03969486629622550
  0.04766977689851248  0.05557592788053693  0.06284670785004284  0.06981573808985769
  0.07651504543947653  0.08340283448780009  0.09040143693761696  0.09740883716660048
  0.10427498397645930  0.11080544363715353  0.11766638729814019  0.12450376495445138
  0.13182589536975278  0.13892768552582851  0.14585256592044307  0.15231125083166697
  0.15845895651941275  0.16471902810977204  0.17058825301481678  0.17664658197433181
  0.18212795216251967  0.18734540269187094  0.19311255229941338  0.19871460973848762
  0.20517599812657267  0.21127223559824693  0.21641431835555583  0.22118098134729142
  0.22595623802870865  0.23339559234951182  0.24175209453751886  0.25028678218547190
  0.25872236933321641  0.26740577431108431  0.27801418428419278  0.28760967328561327
  0.29591852096820553  0.30376078260144207  0.31194920245804442  0.32144747159532439
  0.33167854709492328  0.34133425749493734  0.35073093958023183  0.35918240971595855
  0.36797389010688214  0.37714168340127374  0.38695302003969673  0.39704965490403327
  0.40804149460061179  0.41999089578653637  0.43419733691263335  0.44667621277513259
  0.45834507507329975  0.46822308087814052  0.47754235632347397  0.48727977506326292
  0.49721173721209255  0.50774344577308272  0.51856567545050025  0.53172725319518366
  0.54590978640351484  0.55952435983565008  0.57249263812630524  0.58452018802500594
  0.59603476565610980  0.60763640901895366  0.62013322436224494  0.63304256033879203
  0.64612176240044128  0.66042482914245915  0.67398039058218762  0.68779021713107769
  0.70145228930611991  0.71497668080252130  0.72908011891204849  0.74253242862228608
  0.75715817957255815  0.77422127382977879  0.79344833110537683  0.81349614333029419
  0.83633936211224358  0.86302477542551925  0.88450944471275894  0.90248928142392904
  0.92216147099853729  0.94257808528338693  0.96704728640845838  1.00000000000000000
 -0.00343484543517708  0.01386766170133506  0.02455772683208044  0.03490319816549250
  0.04482608078663604  0.05681472459022084  0.06622956612576228  0.07295990022207628
  0.07982712962497293  0.08681860215149662  0.09438456808897394  0.10192373634568914
  0.10925283666944552  0.11698190067990560  0.12516997509815350  0.13570784224784646
  0.14798907369403930  0.16104435616984014  0.17404978272142388  0.18613691707576643
  0.19698237465795118  0.20717576973242399  0.21571495291658602  0.22478012939685657
  0.23425907706042687  0.24406424768958435  0.25432881171132193  0.26585245393885731
  0.27917957329489679  0.29489823980186430  0.30804223870300484  0.32044438050974511
  0.33227977298021655  0.34339388697937195  0.35480809985436229  0.36553340562660513
  0.37539619816904546  0.38400756845433093  0.39272453115474720  0.40120329569689744
  0.41098039444161333  0.42160154174832953  0.43483963243386192  0.44875821906821367
  0.46172430413066368  0.47110022331349405  0.48030411455141153  0.48919433886077734
  0.49839305435548498  0.50787702441981342  0.51788931291638796  0.52911043877030584
  0.54106239970955783  0.55227058166193344  0.56407017205495713  0.57910312873001435
  0.59293031717576772  0.60531853198639862  0.61669662645044032  0.62732061719601684
  0.63753926495347202  0.64810844082355101  0.65936477910013358  0.67085756694365761
  0.68212152845591978  0.69254774559055854  0.70150213824862073  0.71153464693405233
  0.72150055918232792  0.73128033051434183  0.73939356516880361  0.74742062083966365
  0.75610662915202287  0.76640570725240931  0.77595674907774115  0.78523164597474238
  0.79555602847318352  0.80888545658595734  0.82055244762703194  0.83126652586521133
  0.83997826441900880  0.84934715932010130  0.85869224361277596  0.86857878644432240
  0.87860934947184566  0.88925280280282559  0.89984509894313447  0.91097060286720422
  0.92136579270859098  0.93109645360760840  0.94081241706904306  0.95136167976103636
  0.96151782797607988  0.97315418284725552  0.98524875261889600  1.00000000000000000
 -0.00217140747928009  0.01042328355952045  0.02119544155523378  0.03234082798907754
  0.04376135498292847  0.05594870832674555  0.06744643547690002  0.07798721031670171
  0.08851217647390616  0.09899350372747702  0.10905891257337363  0.11970252197524039
  0.13223411429754234  0.14557078560070574  0.15578444093116484  0.16408215876323531
  0.17212968843719395  0.18044070145207022  0.18929824787358918  0.19829974730549799
  0.20713387571184491  0.21597736482606275  0.22521912322455528  0.23510565208444614
  0.24565624753947662  0.25707494136929637  0.26825280875788599  0.27976177348058273
  0.29177017216114987  0.30418349463685479  0.31652668253393673  0.32887934737551533
  0.34092311029539785  0.35384806424364978  0.36766090305618332  0.38056428734426989
  0.39176959114182736  0.40231148508727743  0.41295596772463955  0.42427449239206860
  0.43656419359954252  0.44877568547172370  0.46075826125196850  0.47202461821064673
  0.48231003612656198  0.49147935586232006  0.50100908266558963  0.51057356432065726
  0.52043875859184285  0.53066913360302104  0.54070206057435488  0.55399863551030704
  0.56664297013850351  0.57894384490772510  0.59015494130235524  0.60082803023447540
  0.61060258047392513  0.61999204773811190  0.62877069902009486  0.63691280515556736
  0.64617698116564071  0.65697119142590554  0.66814416485860306  0.67881794740655732
  0.69011382282036082  0.70268309514393124  0.71664364088008792  0.73177602018850840
  0.74534221269642686  0.75852753981091059  0.77023075910249961  0.78007716808818606
  0.78864431705017080  0.79763849967264056  0.80652732573189889  0.81543144266044632
  0.82300253717681449  0.83079760351693166  0.83919763833870942  0.84689171642488181
  0.85485180702764696  0.86306986933702323  0.87146718291513037  0.88081258192580902
  0.89051200932058672  0.89996352976711647  0.91006040179968328  0.91927295353721561
  0.92717745382143280  0.93572868506536389  0.94557332829738483  0.95505025696264134
  0.96404567623209581  0.97380406508022188  0.98576256804795459  1.00000000000000000
 -0.00055087386664653  0.01170872982447066  0.01964716047451188  0.02578967699151705
  0.03119615053216887  0.03633516839051799  0.04095654154075334  0.04501768287314982
  0.04884353100597078  0.05248705766382250  0.05595073606727337  0.05920924274069440
  0.06249847940473393  0.06588509946029887  0.06939921889994016  0.07292259139304932
  0.07630975245047024  0.07957462895988562  0.08280963071860477  0.08618078200522453
  0.08967628041010986  0.09299905891782904  0.09615017092342594  0.09918076403338702
  0.10227469965031583  0.10580188808048172  0.10973977506752677  0.11374611357994728
  0.11729696910031107  0.12073250176392081  0.12402699052689949  0.12710907440191885
  0.12991415579602705  0.13261012119224364  0.13546980982203319  0.13872199741377572
  0.14186433209537527  0.14468527094015585  0.14738957726089494  0.14960958882305797
  0.15193213909065253  0.15428431297741743  0.15679829139747611  0.15981247555123043
  0.16316193389482581  0.16628044354730798  0.16919294614365407  0.17196908001034844
  0.17500474462277849  0.17803131695206806  0.18101970770058801  0.18397765103002897
  0.18657391341308172  0.18911172899656753  0.19189077005493804  0.19527914638918967
  0.19878579430237728  0.20199791491339111  0.20525905299549999  0.20868872981612924
  0.21192446682855751  0.21519233026803769  0.21815606099976392  0.22135766124013284
  0.22464345056883786  0.22796860548010672  0.23099829254015403  0.23377776236234168
  0.23688213214304540  0.24058192254733674  0.24484548829298947  0.24875280966179747
  0.25251095757391057  0.25652528834771049  0.26100062191473206  0.26610880424314254
  0.27422917949136505  0.28598475995169814  0.29865014612093976  0.31116117924963954
  0.32459872548073487  0.33591678475210957  0.34163561336951564  0.34674241281040252
  0.35205638232933045  0.35716499871053253  0.36183383330341778  0.36631425268521789
  0.37203471354099188  0.38188912768873795  0.39243803478746914  0.43697351002894586
  0.49322058493383220  0.56547367743786059  0.80247657784742399  1.00000000000000000
 -0.00104139811412856  0.00525409612912042  0.01104004510162670  0.01750182995273569
  0.02392695047799400  0.03049031222981280  0.03710628272811445  0.04537232826533154
  0.05693626436186800  0.06714921081185321  0.07501277834820985  0.08303396873037631
  0.09071102017857136  0.09810654020983378  0.10547137300903434  0.11279980072200678
  0.11999138730034159  0.12741957721609545  0.13482282645325000  0.14201159812033881
  0.14952654777993216  0.15721084760512544  0.16462262981347447  0.17190690130101438
  0.17952496984529256  0.18769432108366033  0.19658838629716363  0.20652020848824021
  0.21728683704497748  0.22860598919119138  0.24189096045680858  0.25467947070546570
  0.26675307049484359  0.27842220274874235  0.28989307678295673  0.30106149011347971
  0.31234100507121371  0.32440693110981600  0.33739278013693924  0.35012825249159807
  0.36201715986183530  0.37419188239582368  0.38840069232953139  0.40564760712891262
  0.42650275705601615  0.44749589483602664  0.46813650807913532  0.48744651328404487
  0.50419540592151879  0.52010498898232449  0.53679560339765431  0.55328859154013343
  0.57018837356262331  0.58726705603137075  0.60454792588056661  0.62091353559717655
  0.63545664557061687  0.64957788827681240  0.66313869892883259  0.67618201253968957
  0.68932067315495615  0.70429621020784827  0.71903184100256323  0.73168968115836819
  0.74253738937187208  0.75266498935334769  0.76215092406546325  0.77092752714338308
  0.77962235737137220  0.78821204780283893  0.79743387134169130  0.80702378576038514
  0.81686169408561093  0.82656669569868368  0.83592725136857360  0.84530464852777321
  0.85464808354038446  0.86213444293482844  0.87003538651488155  0.87774313125449710
  0.88600480006129734  0.89438629053703833  0.90210157308263450  0.90921547268720893
  0.91638218842492591  0.92430818338065668  0.93311535783348831  0.94083563498731948
  0.94794039369480032  0.95463457173145772  0.96174253366195284  0.96992045817296246
  0.97808878875291860  0.98591080636741124  0.99300020203862882  1.00000000000000000
 -0.03458632940624927  0.51072004563268092  0.61708540537749512  0.67680402442418852
  0.72001887073323367  0.75009289284703407  0.77399562041003100  0.79237730655294325
  0.80778374700418565  0.82152471479951417  0.83328909611296686  0.84295947136735006
  0.85205348249538060  0.86059610856684687  0.86840253675972490  0.87536188977052498
  0.88121934954816716  0.88650018654808005  0.89163720245571243  0.89621813313492038
  0.89998263580946536  0.90353481435575422  0.90684864282961186  0.91007177951312579
  0.91282490539473116  0.91573805850744505  0.91824499698262252  0.92068174945724834
  0.92308900950235151  0.92546743847742985  0.92778134346143537  0.93013670161388129
  0.93244302844476956  0.93472949264075400  0.93677530577675128  0.93858108444019417
  0.94006355009660403  0.94152991455562385  0.94298048806230039  0.94439417969910022
  0.94574948109461432  0.94707511571966518  0.94835853690402183  0.94964516832729950
  0.95087085115811854  0.95207266348205033  0.95323667895068265  0.95444653048184391
  0.95571380441380804  0.95700230481971760  0.95825927633357266  0.95947359580837321
  0.96061451463776215  0.96163589262851312  0.96263565962442765  0.96364646043715640
  0.96465389149358305  0.96561600501905187  0.96652755978963689  0.96743718479338170
  0.96830715676942369  0.96918989899032226  0.97004366520060148  0.97086031532259209
  0.97170729229480601  0.97262367843045494  0.97349009067536274  0.97431207935591868
  0.97511239340813116  0.97592741808088668  0.97674318127225301  0.97754380058812074
  0.97832122400744537  0.97907386698356691  0.97980228460742358  0.98050243067601195
  0.98118116295547542  0.98185640020220022  0.98250149999054814  0.98313927676542423
  0.98377714699827457  0.98442276981940602  0.98510481577871067  0.98583013548224729
  0.98657601659199767  0.98729973625962841  0.98801026280011728  0.98874119339589273
  0.98950647577182060  0.99035085767534359  0.99130537488401060  0.99242728778292277
  0.99376060936776489  0.99528175910360628  0.99726621161008389  1.00000000000000000
   1.1516871081593441E-017  -1.0000000000000000     
 F F F F F F F F F F F F F F F F F F F F F F F F F F F F F F F F
  <DiscreteSampler_grid>
  grouped_processes
  1 # 1 for a reference and 2 for a running grid.
  10 # Attribute 'min_bin_probing_points' of the grid.
  1 # Attribute 'grid_mode' of the grid. 1=='default',2=='initialization'
  0.0000000000000000 # Attribute 'small_contrib_threshold' of the grid.
  0.5000000000000000 # Attribute 'damping_power' of the grid.
 # binID   n_entries weight   weight_sqr   abs_weight
    10   10   2.934797076448419E-012   1.999195611043131E-023   2.934797076448419E-012
  </DiscreteSampler_grid>
