  0.00000224272159628  0.00000397626345603  0.00000508958079829  0.00000632603231534
  0.00000760219309568  0.00000871221683972  0.00000975482860291  0.00001099448928037
  0.00001224677122087  0.00001366929323422  0.00001568361412266  0.00001819365805603
  0.00002074976303044  0.00002289583948698  0.00002475986298150  0.00002648502766710
  0.00002817785730350  0.00003021378173628  0.00003243345125774  0.00003482303488627
  0.00003735793620456  0.00004026252159593  0.00004365201558753  0.00004743715777161
  0.00005151332132883  0.00005567813173909  0.00006012811901065  0.00006482359093809
  0.00006937438005757  0.00007289314958241  0.00007619224721927  0.00007947402276420
  0.00008295174800856  0.00008710183130116  0.00009150954710262  0.00009600990374316
  0.00010112204828104  0.00010606847394943  0.00011044908836321  0.00011618635940707
  0.00012324791866384  0.00013115808630784  0.00013945277417407  0.00014794410318285
  0.00015708956546344  0.00016820139750022  0.00018206298586153  0.00019917218923588
  0.00022028242927785  0.00024030850921032  0.00026191638052664  0.00028354650567853
  0.00030847656883977  0.00033575051088791  0.00036557265873375  0.00039929516779584
  0.00043175354407567  0.00045711518838671  0.00048025984207150  0.00050600942422845
  0.00053938044682513  0.00057899137974266  0.00064486389826351  0.00071334980246849
  0.00079561660772403  0.00088687729769130  0.00098892808837698  0.00110689353376635
  0.00124493499879411  0.00140412875204761  0.00160648526098371  0.00186416868898148
  0.00218452237947986  0.00252184358010987  0.00300836350626104  0.00372558794219289
  0.00465987368153591  0.00575673803375429  0.00693050635783800  0.00825189748334040
  0.00993661554063234  0.01201470550845363  0.01445653314923594  0.01686497743819534
  0.01902902468676411  0.02152444376516154  0.02420844521991870  0.02886301899241027
  0.03531700326609209  0.04427870356860140  0.05793155660203179  0.07341862425189270
  0.09885292572969377  0.15829975564248044  0.54727530761533161  1.00000000000000000
  0.00000180180443989  0.00001249570406196  0.00002594036333710  0.00004208925750079
  0.00005862775705254  0.00006864840839240  0.00007846287686580  0.00008915746677186
  0.00010529714705136  0.00012428955217261  0.00014381217307416  0.00016390339460362
  0.00018511873137649  0.00020763343681718  0.00023131531174680  0.00025697352826229
  0.00027764977716182  0.00029911628076408  0.00032233901923599  0.00034216524957191
  0.00036424011487601  0.00038732990959507  0.00040870099907952  0.00043057078252954
  0.00044791594876932  0.00046658730203258  0.00048716727588063  0.00051127365238712
  0.00053550128406601  0.00056057791510492  0.00058485163753483  0.00061084203664786
  0.00064984133555712  0.00069669071614556  0.00074617068055570  0.00080012436260475
  0.00085206750221082  0.00090326999848923  0.00095483086670775  0.00100861863532727
  0.00106794901469038  0.00113553893737623  0.00120838851501992  0.00128526043210310
  0.00136973558192834  0.00145719827416954  0.00151281965490334  0.00156892016286746
  0.00162299243822575  0.00167025672031831  0.00171675497461195  0.00177136475736095
  0.00184707480888623  0.00192801342272956  0.00200063899253882  0.00207256836825556
  0.00214609661586951  0.00223275974571816  0.00232486037017744  0.00241498095376719
  0.00251138650066121  0.00262267629824848  0.00274179504977322  0.00287471522138038
  0.00301245505233283  0.00314483495281173  0.00327975981579181  0.00344041163792841
  0.00366599988845175  0.00394003597591533  0.00424163335878365  0.00455861484690596
  0.00489619535834961  0.00526943204004564  0.00566750176487195  0.00611997644499379
  0.00656780656453562  0.00698968799996086  0.00745321571028419  0.00791799553978046
  0.00845429955684037  0.00909725511010571  0.00985825090747105  0.01075525222071699
  0.01180936199671001  0.01309438716621081  0.01488088063475975  0.01758854842046229
  0.02167702660371823  0.02766820110390473  0.03835934661340486  0.05775835256580177
  0.08187568018528449  0.12838728964125409  0.27941468446903411  1.00000000000000000
  0.00014998637837062  0.00020416544049413  0.00025710687286784  0.00030512113595396
  0.00034619440579755  0.00038631462038214  0.00042876242855107  0.00046710649151660
  0.00050546699830552  0.00054119224696425  0.00057395297512821  0.00060506380410429
  0.00063800168992049  0.00067431097484950  0.00073207490345414  0.00085015049968359
  0.00095076415241988  0.00105661320843256  0.00116925648375945  0.00127392457488032
  0.00139237782783827  0.00154172819664841  0.00172432208201918  0.00193347809431083
  0.00217781076950491  0.00239672040551994  0.00264030684629261  0.00288090321330134
  0.00308598415090053  0.00327379029007668  0.00349295068024410  0.00369811043394788
  0.00392455842188675  0.00418350955135195  0.00450794580710565  0.00484515342025546
  0.00520120895056239  0.00554529148704613  0.00592098409598869  0.00630419831848132
  0.00667589063477020  0.00703755471245407  0.00738185765943624  0.00777007928626323
  0.00820247873644780  0.00865954963187614  0.00917108425879405  0.00975935844363188
  0.01035564092008156  0.01095468341560404  0.01155690809571177  0.01217537822443905
  0.01282354960629373  0.01348730685151760  0.01422342965367247  0.01497909569554924
  0.01563355522740634  0.01621079981815167  0.01678989072955581  0.01743275387890393
  0.01811704931866450  0.01891305383421287  0.01973292988290310  0.02070638431186354
  0.02173121897767345  0.02261679939639305  0.02342528941568587  0.02445060334949933
  0.02558208606943723  0.02697833709374891  0.02835386153479201  0.02964453824750007
  0.03091054344502781  0.03262356339179456  0.03478043075722301  0.03722495428498791
  0.03939532953674425  0.04114914792303801  0.04261886457841309  0.04455965119271890
  0.04628026009357945  0.04796572401373206  0.05025453114415921  0.05350501853770558
  0.05786438490156006  0.06278905117643556  0.06673978895072891  0.07093909704602024
  0.07552188372727621  0.08078729696693117  0.08964909388600688  0.10534728263533424
  0.12598884833997553  0.14643197814095929  0.27232462665970458  1.00000000000000000
 -0.00319203266898743  0.01447048251661346  0.02909287654891697  0.04425370586429420
  0.05785828980764945  0.07043947405059373  0.08123075569781134  0.08965436919472813
  0.09665239877491397  0.10571200172025316  0.11547675101797329  0.12524921202608749
  0.13510749007277367  0.14587533520904894  0.15810302966738451  0.16988600024707753
  0.18010419909619341  0.18994592249587028  0.19837674076508588  0.20549865143521093
  0.21181806906493952  0.21775034645279981  0.22341043557293580  0.22961590344098115
  0.23651971939694111  0.24496886150079766  0.25502755641487640  0.26495119685889218
  0.27490200999679093  0.28483910229657144  0.29378180133152210  0.30213418572141332
  0.31046652439866856  0.32204815855754110  0.33620158990643489  0.35212914914855736
  0.36942610860168962  0.38778115990279899  0.40180146048947046  0.41085502753293540
  0.42001493487443814  0.42906669910176809  0.43776359149111332  0.44638542024556177
  0.45509472287619407  0.46643049906290901  0.47976032445048655  0.49308549745540520
  0.50600595134982762  0.51977118711641879  0.53375257197815618  0.54768782633586488
  0.56178167426923287  0.57595853394495677  0.59095805918067701  0.60376193584023730
  0.61037662251016134  0.61558037290371992  0.61953934459939486  0.62255803262020037
  0.62561492340595526  0.63080219932385628  0.63742653530098836  0.64412794306594601
  0.65107190227891099  0.65772967341454591  0.66293526842670436  0.67028328524860714
  0.68202744233700940  0.69457784730458771  0.70651903605436417  0.71827086403849927
  0.72753524757114751  0.73473602032548746  0.74119633415877906  0.74907779961689203
  0.75974881315436904  0.76929246568861487  0.77861188732093767  0.78799992251632855
  0.79860065177935602  0.81013368060209678  0.82045727651556299  0.83195658606060052
  0.84251341785752398  0.85280152589663505  0.86297585984816561  0.87289417371341826
  0.88615359930563498  0.90061563671540013  0.91659203946287893  0.93316630770821962
  0.94864437458371376  0.96399372944609107  0.98086769060771994  1.00000000000000000
  0.00177870171199031  0.03424177321601288  0.05206809742667530  0.06471408911852983
  0.07529638248891522  0.08548385893749008  0.09522202161838550  0.10460285602415181
  0.11265608174106696  0.11981582978646763  0.12611948678533641  0.13196821956101348
  0.13786803707011872  0.14365932306269255  0.14809761675224492  0.15166718125285625
  0.15493846193983710  0.15843194000874691  0.16224312290348789  0.16603495466306151
  0.16952360204417746  0.17276380663212840  0.17606922378286494  0.17977697118904609
  0.18360530013603638  0.18736092192840831  0.19007566335287043  0.19245925673869246
  0.19498526550801620  0.19768254345658581  0.20075240513975948  0.20409966291817047
  0.20722680822502296  0.21057029393855473  0.21371386463312905  0.21695999729697815
  0.21989209163368240  0.22259591242219903  0.22542231954228387  0.22850161554406831
  0.23200400152008771  0.23562455875129817  0.23909313862519346  0.24227357896286508
  0.24510080938374468  0.24773162245787084  0.25203386715247728  0.25729901365024649
  0.26273337233368699  0.27044891619993744  0.27851702790528010  0.28736759862335337
  0.29366904661921400  0.29840544641465355  0.30296823746072860  0.30769753889757456
  0.31255101519552814  0.31754350186738406  0.32306149371446868  0.32851315385087182
  0.33390018492055135  0.33554342447776508  0.33676896495875186  0.33802306722405817
  0.34046692966633707  0.34314907516515647  0.34740422955973532  0.35166902752743839
  0.35562635900557316  0.35929804705835727  0.36284251590169958  0.36655676236029228
  0.37193752057750029  0.37933431043348387  0.38455278255977610  0.38815420965461278
  0.39098409466059647  0.39326716042319354  0.39673321370215792  0.40157337865737075
  0.40723916319180847  0.41423299444233275  0.42038922530230849  0.42613671445123114
  0.43203068684403484  0.43801314654113893  0.44305575266370489  0.44962493382113183
  0.46438959911471417  0.50662528608396629  0.52851556904792818  0.55080539064804601
  0.59163106680743061  0.66110374368637337  0.79442940306443610  1.00000000000000000
 -0.00274530578593302  0.00978816686337128  0.02207701251525832  0.03448924433716679
  0.04770268114196819  0.06160715161492501  0.07309053607797138  0.08465374779581505
  0.09663990650814613  0.10917914732384326  0.12268104429727175  0.13141416604665765
  0.13924349969096186  0.14787397924841364  0.15731998574825984  0.16802143771074479
  0.18027993534862680  0.19433845700590727  0.20704782600604935  0.22036360333246371
  0.23323048348592404  0.24618942905051075  0.25795356401173569  0.26936673898242114
  0.28124232289417328  0.29398254639222660  0.30598396134084621  0.31713194534678424
  0.32846700935071854  0.33929875887870237  0.34937363583620712  0.35956978450479421
  0.36892751226930964  0.37924200652617940  0.38922791694992920  0.39965392336250338
  0.41046780446009717  0.42038022108510403  0.43039232031813890  0.44095866806591499
  0.45242997824204501  0.46268638229977166  0.47096466971852963  0.47915618948654831
  0.48842278025894198  0.49906778667694601  0.50852237445522253  0.51855590037010790
  0.52855453715696055  0.53828058207923613  0.54794729853672253  0.55672999028977554
  0.56527651522425637  0.57434807660794818  0.58356885579746132  0.59421157139128222
  0.60660431759572342  0.61846823938887618  0.63183961292984292  0.64428345070760207
  0.65498468860287962  0.66541971955400048  0.67620363511855419  0.68681649945224066
  0.69884169429099352  0.71057870695402447  0.72273963859400048  0.73358924503575595
  0.74420882335474103  0.75401783193905159  0.76344843444588562  0.77310624959220475
  0.78210555474638888  0.79204366104679436  0.80318070749575832  0.81457383375024928
  0.82531529517565172  0.83525791659154336  0.84489395875511475  0.85559531312386961
  0.86735997775738849  0.87752314840194157  0.88366676936570054  0.89029374080289925
  0.89712706014076593  0.90402721401614827  0.91161079498577402  0.91943095801511543
  0.92640883527053386  0.93256226354568028  0.93972644130581762  0.95169946444887554
  0.96368644942754100  0.97458417453772006  0.98618910600665599  1.00000000000000000
  0.00604508067455865  0.00803296034414587  0.01068800800944299  0.01280062653927423
  0.01477862447819438  0.01675195801184561  0.01861660633000474  0.02035151343699003
  0.02212789427070342  0.02398697278708396  0.02589709689214893  0.02764966810613623
  0.02932760633434451  0.03101844047081048  0.03273732337149680  0.03448564216730480
  0.03623781347578793  0.03790624261620942  0.03973868914258121  0.04132100109938948
  0.04282242412107119  0.04402424967098612  0.04534596175774472  0.04652411310077454
  0.04782345388376755  0.04917004046107341  0.05050959035055624  0.05194735306577793
  0.05354470826759114  0.05516812007112406  0.05686283147080139  0.05843979548984139
  0.05987281248431667  0.06123611453457222  0.06261292268702258  0.06402677590797619
  0.06552959341244376  0.06713002523642093  0.06878582606610309  0.07073278739228732
  0.07263234170159243  0.07437685040424874  0.07614162991680741  0.07808399665274231
  0.08034366412483759  0.08267564464856209  0.08502523531326439  0.08749512823447930
  0.09021568992888640  0.09286828457900888  0.09500850809914489  0.09688934156913885
  0.09872756002399719  0.10076994500289624  0.10287491953399264  0.10538945858438580
  0.10874982452732090  0.11188370647638483  0.11468036915294934  0.11741396395310338
  0.12035047382900210  0.12378995674136428  0.12733884428583478  0.13014628244481510
  0.13269509731171161  0.13528062324616977  0.13784478345995224  0.14035815440236291
  0.14278192736520501  0.14496220476597874  0.14718796171087070  0.14923783059684168
  0.15112201043284498  0.15308205244574097  0.15540510040589656  0.15774082859439240
  0.16161642899857903  0.16798444526176334  0.17611335543241449  0.18496862935065264
  0.19071477323245936  0.19585273474538539  0.20146479318357316  0.20604869022598865
  0.20955639198644246  0.21392589676811052  0.21830084386825441  0.22163457706020565
  0.22584311719075764  0.23611517122037343  0.24367629964765841  0.24852934573954638
  0.25535161885692381  0.26427003492690848  0.28056275332059805  1.00000000000000000
 -0.00254483221517623  0.00942546415328412  0.01944524915216371  0.02943923967122455
  0.04059167177616662  0.05357719017682912  0.06642602537255640  0.07834014469809178
  0.09012267636851291  0.10227960055904414  0.11482720103842727  0.12865041634406701
  0.14229967990034667  0.15245764727056749  0.16067586434737957  0.16938156325620329
  0.17806491975312796  0.18675251189905637  0.19314471211180723  0.19890876093202681
  0.20500690661914919  0.21117804762880965  0.21720626875017637  0.22312650964822880
  0.22977948738432036  0.23714685966535781  0.24477198449414123  0.25271913414041358
  0.26318613735150298  0.27322664480250203  0.28585294611413692  0.29824817346005450
  0.31024699773082975  0.32005251853164801  0.32939266549113111  0.33881939098091152
  0.34908127429508307  0.35962882426731396  0.37179878990938053  0.38589013468165412
  0.40041443044052832  0.41565594952494378  0.43112684093385994  0.44528166629090687
  0.45799792903428177  0.47049724104130397  0.48313895109590144  0.49572513857408707
  0.50878047191365272  0.52148654291204954  0.53169573492915534  0.54076609130934306
  0.55014203166996778  0.56107584471426442  0.57805777232390576  0.59488042533288799
  0.60832023148130387  0.62096549431682369  0.63006574797851400  0.63883353106367136
  0.64769175963510539  0.65624397137284829  0.66485412066654459  0.67433080424468195
  0.68333249742293412  0.69206744166958156  0.70120573940959285  0.71147482268004636
  0.72095012983282858  0.73067766592603378  0.74322500865336438  0.75579985471372635
  0.76938958276320613  0.78448432714263361  0.79832384336001594  0.80898527732529779
  0.81798552783753153  0.82544161168090502  0.83201548222332933  0.83832268127835197
  0.84521600280626596  0.85380187895535942  0.86377445293055333  0.87451033889791874
  0.88620363844988193  0.89924268642755711  0.91367050315956722  0.92522346460207683
  0.93601532723818903  0.94561220618423358  0.95501653862191649  0.96401757347354766
  0.97207945403186913  0.98077181970690985  0.98991883540662595  1.00000000000000000
  0.02741137909222869  0.33006622211834180  0.44424268023905161  0.52826057182233399
  0.58274192118090373  0.63000104930593681  0.66715005297056984  0.69840950533831592
  0.72345538913077023  0.74600455915935171  0.76611968622688897  0.78262112321459110
  0.79605045406189656  0.80857768615884096  0.82138130100834650  0.83268334588227566
  0.84174914563559644  0.85017884905910701  0.85845482848024535  0.86666212388994790
  0.87420908689369214  0.88041441188869052  0.88620991686215866  0.89235444018372712
  0.89826529400337884  0.90354491273176141  0.90818545771490677  0.91219673666233692
  0.91595515962386986  0.91946965429393546  0.92279425050410591  0.92627554358203568
  0.92963367004429021  0.93289482439588178  0.93633145298852138  0.93924573871809047
  0.94187359674501014  0.94441759930976277  0.94649877169364727  0.94827563597653963
  0.94997286883448262  0.95156282549903914  0.95311399492323157  0.95486888569354722
  0.95642116251273945  0.95789455911785659  0.95918168059982833  0.96024307100313055
  0.96126683606767938  0.96223642536543796  0.96329727937997045  0.96428310222571245
  0.96526982339950962  0.96621708078708790  0.96710350648635435  0.96806733343347240
  0.96903177970231180  0.96999741344966295  0.97095688675854475  0.97188229031055140
  0.97274515436138154  0.97363874685529062  0.97449419866214615  0.97533761345043712
  0.97615459675850169  0.97694719162395882  0.97773945557309139  0.97853803533832795
  0.97932660074766120  0.98009494156880572  0.98083521257609274  0.98147984091773854
  0.98208807022368372  0.98268593062078746  0.98337755149954453  0.98399256863382034
  0.98460831250812408  0.98520542650265208  0.98571294646756324  0.98626886737969754
  0.98684872003491331  0.98744116345155464  0.98803362519211047  0.98860374360375147
  0.98915607512110204  0.98980529929278838  0.99048811420999383  0.99112525156859177
  0.99170060954076344  0.99233538324129644  0.99301347964122899  0.99385466882931917
  0.99504966237459469  0.99622520025542727  0.99757683631245797  1.00000000000000000
   1.6555816117838642E-010  -1.0000000000000000     
 F F F F F F F F F F F F F F F F F F F F F F F F F F F F F F F F
  <DiscreteSampler_grid>
  grouped_processes
  1 # 1 for a reference and 2 for a running grid.
  10 # Attribute 'min_bin_probing_points' of the grid.
  1 # Attribute 'grid_mode' of the grid. 1=='default',2=='initialization'
  0.0000000000000000 # Attribute 'small_contrib_threshold' of the grid.
  0.5000000000000000 # Attribute 'damping_power' of the grid.
 # binID   n_entries weight   weight_sqr   abs_weight
    10   10   1.841660902813565E-001   3.244500940916348E-001   1.841660902813565E-001
  </DiscreteSampler_grid>
