  0.00108323671918864  0.00149206007667852  0.00176769037107146  0.00199895311550444
  0.00221691136405996  0.00241635914553235  0.00260096829958162  0.00277864826352766
  0.00296662796642239  0.00317298602274812  0.00338151348980081  0.00359207624645380
  0.00379380827965858  0.00399173268542528  0.00418508327072408  0.00438566803920406
  0.00458894993026354  0.00481018862923694  0.00504930958315420  0.00530962056438630
  0.00556030702077713  0.00580842002561196  0.00607246420700074  0.00635746887203634
  0.00665643389769417  0.00696111724679751  0.00726918221267603  0.00757523969865577
  0.00786109981615139  0.00814974019140739  0.00845015759622180  0.00875023361866986
  0.00910781332161481  0.00945067580914574  0.00985737933641196  0.01031708793129690
  0.01081665500623526  0.01132874546129279  0.01183807396024795  0.01232913643808125
  0.01281386244473647  0.01332853169115700  0.01386379038118826  0.01442100345679427
  0.01498588802291853  0.01556920983691552  0.01615801377621448  0.01675824574017576
  0.01733700115844364  0.01794708799039799  0.01859411540006406  0.01926456150959119
  0.01995480366138500  0.02064786455438382  0.02134583843047860  0.02205414388327502
  0.02273863787973428  0.02343132686867900  0.02417020199512836  0.02503037907820918
  0.02594185080589769  0.02691581359946728  0.02793083865531386  0.02913946277717922
  0.03057504885488044  0.03193190880318108  0.03325250769396022  0.03467228628154199
  0.03609667053838419  0.03750045212893197  0.03911175641402081  0.04102670837192253
  0.04305808151417298  0.04505198134124032  0.04719503083094761  0.04929739227089853
  0.05126163595170809  0.05333727607284600  0.05614471789472586  0.05915114691451660
  0.06258056831148191  0.06736414983123060  0.07207481676812501  0.07659708011788559
  0.08130357313251502  0.08624978440022293  0.09206911592364259  0.09802101000314120
  0.10435345885518688  0.11412978171547701  0.12790961250797056  0.16261511772602666
  0.19956931447132412  0.27054532226978695  0.33391666867150860  1.00000000000000000
  0.00020517015684680  0.00029550079749441  0.00035246813737799  0.00044726383699069
  0.00054270402886624  0.00066616723884395  0.00085579513930707  0.00102456175560330
  0.00118970413198031  0.00139202567232345  0.00162436285399800  0.00192612491359195
  0.00228672563224818  0.00267186100578870  0.00308596359802701  0.00353427627529688
  0.00400643578585294  0.00450860183604182  0.00505868925801035  0.00562440675130400
  0.00621314355663467  0.00684362464992264  0.00751686600407422  0.00825129327684019
  0.00902910335638615  0.00981183862447349  0.01062453101463345  0.01146794786382337
  0.01223387856361684  0.01299607748094066  0.01378537875865134  0.01460477543689152
  0.01541492104812403  0.01625720596220350  0.01709837383908184  0.01791789825156537
  0.01875586171806061  0.01971170113046896  0.02069802903568950  0.02172186362255198
  0.02275766077606831  0.02378205099836683  0.02480425401973260  0.02588100734462358
  0.02700678382092629  0.02820466336153405  0.02947901648729276  0.03081036087710478
  0.03212991330557486  0.03343669308400768  0.03479630517669399  0.03615152812529130
  0.03745818518044388  0.03878873648417511  0.04018746729041366  0.04166172026879161
  0.04301516533541154  0.04434861789169080  0.04556542811714820  0.04728126334078745
  0.04917557554019653  0.05110695170580801  0.05302764996745695  0.05487376155133377
  0.05671174165629331  0.05852984378664629  0.06036794616909866  0.06232541544983673
  0.06495648322591495  0.06783888893071875  0.07054734364780867  0.07308583503895037
  0.07555689698225730  0.07822277530385893  0.08117292539391445  0.08411233995951362
  0.08691591408696867  0.08967908273940582  0.09267802778939205  0.09613836422231664
  0.09988892454415507  0.10361429720938188  0.10748121614938551  0.11146405034840577
  0.11627842098751641  0.12262419207524058  0.12888827546634074  0.13811532404516624
  0.16143085966088919  0.18005663793280757  0.19726965343049430  0.21812152026998230
  0.24685605324186016  0.31998892204212648  0.75769071653141473  1.00000000000000000
  0.00021309942116228  0.00026625655580935  0.00030540281713523  0.00033882349143417
  0.00038817168487293  0.00044210357939832  0.00050182269786599  0.00057095070576990
  0.00065108892604728  0.00075856914592143  0.00086304227837844  0.00096891934048139
  0.00108686684716371  0.00122311205603792  0.00139011004537192  0.00160717017371446
  0.00183529142394675  0.00207062688448237  0.00231938809778344  0.00260638492754637
  0.00289964297993969  0.00320194092778229  0.00353108764200939  0.00389833536040242
  0.00427085902238156  0.00465069768633013  0.00503220536015823  0.00541827713748623
  0.00583722280549189  0.00629906144462482  0.00680464530213697  0.00731259684434280
  0.00780903702320130  0.00829407682304571  0.00878858320465451  0.00932963730674162
  0.00986869796404525  0.01042481005610679  0.01100602861905032  0.01160668015065771
  0.01218598647711250  0.01274814976622196  0.01333295683538915  0.01399613878985036
  0.01479121188694993  0.01558760392028479  0.01644325577070527  0.01728856092815826
  0.01814154474368158  0.01898008121144055  0.01978283168198986  0.02061731204136555
  0.02148138407823054  0.02237694171853073  0.02328801149217710  0.02427503649170175
  0.02534198424040439  0.02647701413229351  0.02758930046218832  0.02867423660989777
  0.02983013211272838  0.03106133518219078  0.03230193418946282  0.03353136062380570
  0.03483452467923264  0.03622976402845243  0.03766708965341539  0.03917597198090731
  0.04078462212435831  0.04242546902438363  0.04413921301725715  0.04593116854285552
  0.04791328054232849  0.04988079819311891  0.05188966520071588  0.05397718311109029
  0.05616428990619473  0.05834673093039460  0.06070034776372849  0.06318736583644047
  0.06599338444441447  0.06896668250265583  0.07217794547608694  0.07587259668098703
  0.07974290598165704  0.08397693766342580  0.08827698612262704  0.09301510288634154
  0.10282706800508426  0.12159148758458323  0.14441754105635946  0.16787979837650011
  0.19211468165592283  0.24578342067493336  0.39203106972686053  1.00000000000000000
 -0.00132537412192903  0.00590791712117266  0.01203976928575460  0.01816445290371494
  0.02392647727410211  0.02944998462280797  0.03503731753190950  0.04049112576274119
  0.04621662322855422  0.05221538580528404  0.05835331143526563  0.06470474603082113
  0.07109141834219100  0.07749548387908277  0.08385605893845079  0.09135205372543610
  0.09913777642770670  0.10633975964522906  0.11303640473023248  0.11947404029156275
  0.12627805764332878  0.13367737223230267  0.14108811096531471  0.14844166686856411
  0.15580230009614848  0.16309626643677136  0.17065909277925581  0.17784217489660983
  0.18505461255534178  0.19185780186890217  0.19851208427639294  0.20530267998642929
  0.21236614325534947  0.21976113229832148  0.22737121719280098  0.23485244082054477
  0.24202435043720855  0.24904883156376678  0.25637460264648421  0.26415268334557868
  0.27199736770388117  0.28052342753509435  0.28893022475237595  0.29704387176627411
  0.30510841596212701  0.31338976225727400  0.32183597467740577  0.33126823224863361
  0.34108336837204717  0.35146235961687994  0.36048498486660691  0.36998105030158807
  0.37986458461270906  0.39028354655019132  0.40065189641205995  0.41101100123673084
  0.42175904957376154  0.43264631586870628  0.44329777568268058  0.45361280542346366
  0.46381780774570008  0.47387002582051740  0.48401964882784582  0.49446514111412571
  0.50531080409635298  0.51605288054058684  0.52679906890742145  0.53777897474663228
  0.54940411679848311  0.56156151831020651  0.57452629480698203  0.58742531954942068
  0.60007870954936693  0.61300747304715519  0.62603548879349868  0.63817555484179955
  0.64957124527802812  0.66246375163947802  0.67663957653931928  0.69187920573676009
  0.70514429761316633  0.71802077507344675  0.73059787523746056  0.74284199304028597
  0.75855465047595161  0.77744348034201283  0.79440821443050469  0.81071064211238131
  0.82793473026479092  0.84802305687867163  0.87082446592218499  0.89740504673585508
  0.92356951400252019  0.94888891762981853  0.97406889134788655  1.00000000000000000
 -0.00331347857114992  0.01276604817816247  0.02565222909943648  0.03845189167296898
  0.05035545028571807  0.06185682004853902  0.07281955578803644  0.08254122714614671
  0.09209316577460734  0.10159278705529662  0.11202342784883362  0.12285141215482451
  0.13369699711963137  0.14436213674178699  0.15479274126463727  0.16487128155629022
  0.17468721349934566  0.18428867329185100  0.19399442667015140  0.20352690493971906
  0.21300583430425934  0.22200508428610830  0.23166616830959816  0.24189256868186360
  0.25207815137175615  0.26194438688365462  0.27196637543519603  0.28241752162695744
  0.29219061391548051  0.30274513010111076  0.31346977057301983  0.32423486695716236
  0.33474760572173634  0.34534991473125010  0.35592218892690969  0.36639974465196079
  0.37762653635839694  0.38967091833901546  0.40130171866440612  0.41223786758204117
  0.42298282688701744  0.43371100156157633  0.44409070104541493  0.45428395258396737
  0.46497545697293674  0.47572938470609644  0.48677433189347152  0.49782079944787078
  0.50873043735771040  0.51971031352456554  0.53190990812002392  0.54409572434485298
  0.55575796922420440  0.56682331805748420  0.57766766924488144  0.58879736038842490
  0.59939434609886932  0.60959318043458277  0.61919664574044164  0.62815943702635157
  0.63675606929404283  0.64545517946464459  0.65468943614539354  0.66412392052217950
  0.67417919471639753  0.68468214318924125  0.69579453776565903  0.70790551834744220
  0.71928827576051213  0.73074949813722245  0.74199013329328856  0.75315310602992946
  0.76406308310547866  0.77453926607971746  0.78499665942654007  0.79596377357611536
  0.80713361052560950  0.81787552154251320  0.82851245310956034  0.83927052680009562
  0.85009911964671325  0.86061350731884245  0.87074522937014098  0.88099899449772090
  0.89143612897220270  0.90189290018228319  0.91246221503645097  0.92295403086977446
  0.93352865199153645  0.94373166182733059  0.95349197476404279  0.96348456724292419
  0.97272377038146629  0.98153055498594399  0.99039069135188973  1.00000000000000000
 -0.00253593541703112  0.00929706935129311  0.01966157600832653  0.03017881307619252
  0.04100552169255237  0.05188120303835059  0.06311471230369764  0.07480998204645208
  0.08630122959804966  0.09764904851866014  0.10879129813725755  0.12017431978450717
  0.13057190437694621  0.14076003769676765  0.15066425443073875  0.16071326462015681
  0.16992800356721946  0.17873173575637644  0.18723610928575457  0.19629478581675094
  0.20603228672859822  0.21671794880964548  0.22863144593896123  0.24023331153074820
  0.25139661554412129  0.26185096948080100  0.27197288980382972  0.28174945356665909
  0.29175584788539594  0.30226785292766861  0.31323630719766687  0.32502554651627485
  0.33719063096472790  0.34936894749162456  0.36037427090049917  0.37077986793294193
  0.38194576263501789  0.39307043712357459  0.40342055184630604  0.41305197924298831
  0.42277911780822108  0.43365645797002134  0.44538853974057452  0.45645052490859322
  0.46628358154085059  0.47572707724142049  0.48570075188146622  0.49633029997398037
  0.50698458072574348  0.51712312856078568  0.52693998431287448  0.53677795131868677
  0.54637654475315656  0.55579100531535253  0.56552518582880940  0.57552325106735569
  0.58588679233256102  0.59630997973837985  0.60628974583604589  0.61629283771208732
  0.62621385035431421  0.63650215219111550  0.64785390982151680  0.65981968039488026
  0.67081378626106181  0.68157400535062962  0.69231711169962984  0.70344764663016945
  0.71437167788124967  0.72493597463383330  0.73548875151319493  0.74667632593000310
  0.75845792722037753  0.77055942327032412  0.78255274200121583  0.79363423287025414
  0.80406702046643486  0.81470709642952799  0.82562210073849862  0.83651960116992274
  0.84717419286396245  0.85712405385075952  0.86666304626210144  0.87628491619548543
  0.88640672339386783  0.89621460200554559  0.90649235919326521  0.91642224841080000
  0.92675845178250471  0.93634087150176781  0.94577747255982747  0.95503943062230034
  0.96443618126235142  0.97412295241508784  0.98578156571074727  1.00000000000000000
 -0.00047151086721924  0.01030495998822861  0.01764164251504325  0.02305165851182831
  0.02752367318579889  0.03167617242343961  0.03571316196138774  0.03954574011153268
  0.04304242935615202  0.04622280288923342  0.04924511456092812  0.05218108385276790
  0.05501784496744956  0.05779018507688329  0.06050113617989123  0.06304411813410571
  0.06537465401550657  0.06771808040923767  0.07004500728015674  0.07234385683215717
  0.07464766993812830  0.07688972260031834  0.07912439748296793  0.08155097040228210
  0.08413430772515518  0.08682445554685433  0.08955076071967630  0.09224100604989915
  0.09471383044701855  0.09723390445115032  0.09970562481909553  0.10222589449490040
  0.10460080411281295  0.10693719992616095  0.10940346544032915  0.11163011148001414
  0.11383233365680490  0.11608982172513554  0.11828662070912548  0.12063596770891659
  0.12312261280002398  0.12565811671007676  0.12827188627873234  0.13101227472108462
  0.13391524216207909  0.13699139782491621  0.14005238160643099  0.14300076837845999
  0.14596235498712248  0.14883417609513672  0.15191883080435112  0.15514493589722050
  0.15847146647078034  0.16178679951175212  0.16506210507170441  0.16830840272321507
  0.17154615528746905  0.17481666166777515  0.17812695421741495  0.18172052299546670
  0.18530923630903540  0.18878031931731423  0.19271912265599031  0.19696162154728639
  0.20270814982574037  0.20730561631227104  0.21119576418986430  0.21479426376391933
  0.21833309904666776  0.22195391202642895  0.22562559531219381  0.22945865702859872
  0.23373555906314067  0.23904383971797974  0.24470004264256617  0.25114547176149893
  0.25729837734195310  0.26327072294404236  0.26988293677179792  0.27822281676221633
  0.28546277049384161  0.29141571308421182  0.29689032662560277  0.30373827759774696
  0.31152912927630427  0.31968010603807184  0.32904122578934181  0.33775663658833655
  0.34563460137320778  0.35309904808266629  0.37028522270830572  0.40511280754370987
  0.43208835387657785  0.46794959257756497  0.61025111288203981  1.00000000000000000
 -0.00348608725062832  0.01175232581043093  0.02364475450029261  0.03440357379339608
  0.04477723520678858  0.05491692057331216  0.06502826762167345  0.07512002071404861
  0.08568285966981194  0.09678769197459480  0.10762763811120750  0.11779443544760228
  0.12777385035153932  0.13774681374434461  0.14797172174229961  0.15826226013698572
  0.16832084966381286  0.17831334205513097  0.18848441100336710  0.19856392053440991
  0.20897658553007839  0.21891119074567969  0.22789727931240153  0.23651957629139606
  0.24498853635003009  0.25389902431318295  0.26324548205320464  0.27349737325092432
  0.28416450145709804  0.29422421123840486  0.30424389723681333  0.31468822350386760
  0.32593347366489384  0.33675577034739135  0.34691806975085931  0.35732247853229709
  0.36854499433342880  0.37959125362793039  0.38941129376536376  0.39902359555150763
  0.40925214344597666  0.41946939180954002  0.43033622036199864  0.44150131763190370
  0.45219271000995354  0.46220717150243718  0.47207554915829164  0.48221397115089148
  0.49271461126090083  0.50376266585303064  0.51520240898638414  0.52673636335610041
  0.53860267948853691  0.55099903356932523  0.56329627302010432  0.57489093879826714
  0.58620844697210917  0.59770496314268884  0.60953155897898248  0.62198089801864187
  0.63483777842118805  0.64832298369516184  0.66194932869112166  0.67474793715692061
  0.68722931334326764  0.70045821847131984  0.71328886443866246  0.72479970545020400
  0.73539973958023186  0.74555848786346668  0.75580231938561437  0.76689705030120869
  0.77752791198613802  0.78771442891991539  0.79738639313990278  0.80680380863866641
  0.81593428729960915  0.82476600453389648  0.83398512271466541  0.84351460789401433
  0.85289293853265991  0.86208625403467132  0.87141047197723565  0.88074105625445531
  0.89008989848829823  0.89942608193464846  0.90943936518464752  0.91909465472026719
  0.92928526885935891  0.94009504188303195  0.95140345053270081  0.96170410368232229
  0.97144623010906517  0.98081397780955759  0.99059120441265369  1.00000000000000000
 -0.00884791368252231  0.44729289356005419  0.54982191358035204  0.60639542672254154
  0.64482213871914207  0.67676518671775154  0.70248217193110440  0.72409195908004720
  0.74200929084826017  0.75667766405236592  0.76880129327624269  0.77924911098490346
  0.78935247590225877  0.79933108508766171  0.80875108395051687  0.81732857119198654
  0.82482707465667837  0.83134122449877490  0.83732123714549156  0.84316613563300125
  0.84917201163305656  0.85482286024697973  0.85966899494496662  0.86401157856584065
  0.86803372314994010  0.87191817831469920  0.87583270431023041  0.87973964889597978
  0.88362756361956674  0.88745703054118330  0.89107469322303479  0.89465371649577075
  0.89773020885405452  0.90059338895398544  0.90344229734592263  0.90620271524765139
  0.90882568597563163  0.91120088510572272  0.91349756550799177  0.91579675751463996
  0.91800932679353653  0.92013423571138786  0.92221836550349934  0.92423585165189448
  0.92624705651187644  0.92825101016525813  0.93023798872461516  0.93216122088000108
  0.93403952534925438  0.93584466765123486  0.93756849107263529  0.93923571459185218
  0.94087642794536830  0.94248017293037212  0.94402826437149090  0.94553596972764620
  0.94699724851354683  0.94839552494030488  0.94972423065458400  0.95101341493255021
  0.95227847168770274  0.95352001103353468  0.95474342685122660  0.95599150293340207
  0.95728845779302085  0.95859850642699052  0.95989526034034400  0.96118380550671223
  0.96241254821239608  0.96359239510588146  0.96473750574618578  0.96588457259744120
  0.96702067185935170  0.96812547667752313  0.96925791844945441  0.97041890959844057
  0.97160925057153702  0.97282101423851397  0.97403263548719576  0.97516969873485304
  0.97632378169386236  0.97743257271263739  0.97850434503922434  0.97958622035672827
  0.98066623682405063  0.98173029499638487  0.98279777984350158  0.98390914234568416
  0.98509049698161044  0.98634868029453227  0.98766993592036478  0.98910239751797802
  0.99070097430205351  0.99260703797083738  0.99537440362977248  1.00000000000000000
   1.2936843534219399E-018  -1.0000000000000000     
 F F F F F F F F F F F F F F F F F F F F F F F F F F F F F F F F
  <DiscreteSampler_grid>
  grouped_processes
  1 # 1 for a reference and 2 for a running grid.
  10 # Attribute 'min_bin_probing_points' of the grid.
  1 # Attribute 'grid_mode' of the grid. 1=='default',2=='initialization'
  0.0000000000000000 # Attribute 'small_contrib_threshold' of the grid.
  0.5000000000000000 # Attribute 'damping_power' of the grid.
 # binID   n_entries weight   weight_sqr   abs_weight
    10   10   2.249740066796401E-013   3.683044964463613E-025   2.249740066796401E-013
  </DiscreteSampler_grid>
