  0.00108770823420698  0.00148175409622556  0.00182572187113254  0.00218874359380231
  0.00244553511648880  0.00267487920095902  0.00288911300187548  0.00311442560668748
  0.00332617304856144  0.00350027593947930  0.00367708838967401  0.00383200216214658
  0.00397771675621397  0.00412474932750111  0.00427409149070205  0.00443863878608631
  0.00463608673851624  0.00484943657432645  0.00504763661978142  0.00523841703218449
  0.00542165279836654  0.00560733885208789  0.00578323392603405  0.00600135700143285
  0.00624039522972263  0.00649394150143950  0.00675217434784642  0.00702057845868875
  0.00730602813858673  0.00758345286029686  0.00783609255958679  0.00809359069906162
  0.00839065849990102  0.00867826032417073  0.00896963168332729  0.00926543719410282
  0.00960339287853873  0.00996619744740014  0.01033873580907424  0.01071537075602179
  0.01113997575235481  0.01169160151349579  0.01216953760841448  0.01259608701191940
  0.01299278399479314  0.01329360275142255  0.01360998422900536  0.01400006780077577
  0.01441976882758739  0.01488715973346208  0.01538617720066723  0.01587017570034919
  0.01632890686511865  0.01686708028081755  0.01744631866411240  0.01804504173174511
  0.01866387080470030  0.01929061327941057  0.01994711616839568  0.02063177232045272
  0.02129982224915357  0.02210271289747984  0.02314205073308403  0.02434433928913080
  0.02526802933512173  0.02612619229504780  0.02678392618114567  0.02757720270715620
  0.02844138724145178  0.02926357239796319  0.03007373758050670  0.03085804985839732
  0.03168570631106456  0.03259785447960246  0.03387091615713035  0.03561265113072506
  0.03724296056086484  0.03876733620330564  0.04058305210952066  0.04249183892174847
  0.04445961429343780  0.04721947151783663  0.05195868371295381  0.05746446074909455
  0.06246505797728202  0.06604938283395428  0.07057264760087968  0.07534449781694645
  0.08339468517112879  0.09385106059860036  0.10644886116704118  0.11974052673478419
  0.13320791276289051  0.15002533170753923  0.83078081490222355  1.00000000000000000
  0.00016689613831576  0.00070120014008596  0.00094826822451590  0.00117027198244733
  0.00139899509167855  0.00168987699587985  0.00205929353987543  0.00248520194014297
  0.00296846320782720  0.00349378254092962  0.00408369837418280  0.00474829067059803
  0.00538816175506086  0.00599937473006468  0.00658797803446084  0.00724702383547270
  0.00802819693864488  0.00895193714107304  0.00998426887017724  0.01098099701374270
  0.01201195983142982  0.01312090260082788  0.01431850591167224  0.01551718196748652
  0.01679134292038874  0.01801459512882816  0.01922326964836638  0.02035956875009664
  0.02153044508604323  0.02270623098203739  0.02400207472734820  0.02546293966344756
  0.02682091170597378  0.02807525340339375  0.02948408240665364  0.03070453383348817
  0.03215280913123005  0.03373689057081498  0.03527016170103461  0.03669896824367496
  0.03807893412997711  0.03976771294345683  0.04142142750751617  0.04321578224382369
  0.04469700384515155  0.04630424533942653  0.04797818786053611  0.04953792178098205
  0.05105348327407860  0.05246923392153706  0.05387587888334916  0.05571482728791329
  0.05829963852865881  0.06094689855482639  0.06279359969264103  0.06470114195148888
  0.06663613373720827  0.06868540567366262  0.07077839738009280  0.07273355550067642
  0.07450154406337149  0.07665213395506726  0.07934889096242816  0.08192007736051639
  0.08400619005510700  0.08570101487531764  0.08765715018068261  0.08981115584409397
  0.09226455241976554  0.09492944191702643  0.09712150989265261  0.09898057601411014
  0.10052613820070437  0.10197097354520271  0.10353249404702815  0.10587215456766037
  0.10859442119533132  0.11107599355534648  0.11381478929410890  0.11695687563522071
  0.11936817787988580  0.12214397627384015  0.12622753058120051  0.13165722720997500
  0.13789621666076549  0.14443159622628107  0.15070056010854577  0.15669362109602208
  0.16281552758659948  0.17178941900415012  0.20536617974786356  0.25830249208607681
  0.32900039200745368  0.36796066175854303  0.48231910415517770  1.00000000000000000
  0.00000256743100020  0.00000304888545531  0.00000349431919760  0.00000392119775263
  0.00000437183618476  0.00000491533776076  0.00000549395687541  0.00000607540881180
  0.00000679467475669  0.00000768024713487  0.00000858085876380  0.00000941364462942
  0.00001024559806974  0.00001113511939298  0.00001195676325669  0.00001289644416022
  0.00001397612739781  0.00001516321363261  0.00001645575953029  0.00001768420721071
  0.00001929827917581  0.00002070312358639  0.00002230045484702  0.00002429196076511
  0.00002662869462474  0.00002939084521983  0.00003269957624842  0.00003594977881456
  0.00003913998080108  0.00004226479280640  0.00004593331069282  0.00005099010231547
  0.00005547903622359  0.00005963152924309  0.00006406982007465  0.00006931905290586
  0.00007517574011059  0.00008189949418985  0.00008962290971835  0.00009764065100013
  0.00010521511440280  0.00011396167407388  0.00012438209331624  0.00013639284129749
  0.00015020493336202  0.00016570017099211  0.00018297721574989  0.00020417227548682
  0.00022745245903345  0.00025158021385827  0.00027599404839645  0.00029980743618799
  0.00032335485331564  0.00034534636035233  0.00036716133426173  0.00039172006894339
  0.00041966632010302  0.00044790387648839  0.00047635127284919  0.00051000422468747
  0.00055470029322217  0.00060736989703267  0.00066206021500059  0.00071803679622482
  0.00077926155897500  0.00084726628983880  0.00092394545725881  0.00101445551371473
  0.00111255700791357  0.00122514668380295  0.00135217999542112  0.00149204099552626
  0.00166169259897484  0.00187359738339455  0.00213535104709229  0.00245303812022595
  0.00281717018664608  0.00316124040838378  0.00353587886624018  0.00399582228120577
  0.00460537647709548  0.00526449464614036  0.00605600531135174  0.00691404401413515
  0.00790334844616183  0.00917986929171139  0.01081569510988349  0.01301944920969419
  0.01601988190025926  0.01983754959924338  0.02585395065180342  0.03596102281283692
  0.05554548206468042  0.08889002891055874  0.10502655292084769  1.00000000000000000
 -0.00117227717568546  0.00325528077368056  0.00852396349608216  0.01337347868541737
  0.01829279442800429  0.02342804799530545  0.02908375115005692  0.03527918229421602
  0.04149758766480834  0.04705353723939229  0.05207991219045808  0.05733783754703731
  0.06263879777682166  0.06836790146828799  0.07411271218142935  0.07995654091789225
  0.08591322639964936  0.09196332289054267  0.09814786073259099  0.10419422496298543
  0.10945680799880125  0.11493863301040697  0.12046327651937798  0.12651610022509574
  0.13123422153171027  0.13591780902499198  0.14103023037537377  0.14648866549760109
  0.15317263243616780  0.16170195122207467  0.17090789461123090  0.17962404933229639
  0.18746753187035803  0.19509515142516312  0.20282945635540986  0.21022053999258913
  0.21807539905493675  0.22630868755122274  0.23500069749187644  0.24386753521879243
  0.25364044201332303  0.26239019458207158  0.27037961417129258  0.27915658523185516
  0.28854393156965469  0.29845351321077640  0.30822930196918097  0.31805392072584665
  0.32913350014863951  0.33992992012844864  0.34948314240448208  0.35892143138045945
  0.36722724377398763  0.37553734421012852  0.38197232046239871  0.38974419619912554
  0.39841217023930886  0.40494543872712618  0.41167174286338859  0.41948504752351706
  0.42848789443144730  0.43801957602305930  0.44986514937104777  0.46237850730804064
  0.47488863779942375  0.48667695183079313  0.49757067510166259  0.50725266906746691
  0.51609609787467736  0.52615509396209470  0.53861308051152035  0.55112241574039222
  0.56400213962997658  0.57683361915646503  0.59131900034747886  0.60525659100711215
  0.62080223602698381  0.63895411193656093  0.65882460524990993  0.67760987204420986
  0.69522997662691277  0.71234371778328165  0.73094774710933375  0.75403310840168281
  0.77311269757435741  0.79265137672129116  0.81036228890696815  0.82908122203815049
  0.84959087858161808  0.86911113958468045  0.88783674482980568  0.90822237093085412
  0.92957497539871892  0.95094065303671582  0.97256349507926487  1.00000000000000000
 -0.00214843376268142  0.01093572102209869  0.02151452277576640  0.03230257914654812
  0.04371932649525648  0.05478790378182984  0.06698260365839524  0.07904118648863766
  0.09371580002450997  0.10800964462681471  0.12150919031290025  0.13323415559934143
  0.14316099566577603  0.15333262057370811  0.16290697666842530  0.17264097764053485
  0.18228665664987664  0.19257788471137804  0.20520349652262523  0.21616101772383806
  0.22803769632520776  0.23862462232664985  0.24838184081577083  0.25512597240805007
  0.26227561956866596  0.26917430243943347  0.27620342931899478  0.28496887799504550
  0.29386433917732896  0.30377383386942142  0.31409283142449251  0.32463512366593633
  0.33560561200155081  0.34755361507319271  0.35757091172919225  0.36752608234111050
  0.37782749536260191  0.38882773945241550  0.39952407306058368  0.40983659466609690
  0.42015819138629262  0.43120987935918509  0.44267124503865052  0.45383196030458139
  0.46567466934788682  0.47742426909697738  0.48841367718901169  0.49965609033566127
  0.51142901918493933  0.52548407982305023  0.53958303529758256  0.55387916889616395
  0.56517803899750929  0.57409856429261985  0.58383123992056674  0.59329957443661785
  0.60204095651857792  0.61100433511715657  0.61998628576413872  0.62875603742297537
  0.63813425991663619  0.64731445292812828  0.65564665798138988  0.66421496837522354
  0.67218465024729945  0.68105812347835881  0.69219588986605551  0.70440204060427269
  0.71580515331392636  0.72602936712597244  0.73770447462492961  0.74961692335223862
  0.76250207129393721  0.77496233950161708  0.78758891592979574  0.79732062555971783
  0.80706365856775708  0.81642890614886021  0.82622411437187915  0.83725862337969814
  0.84891044684736316  0.86192654640690214  0.87497921842423965  0.88493405576482320
  0.89408577183270155  0.90237869916665647  0.91104542929501320  0.91962581167761881
  0.92758270452418590  0.93666840744237934  0.94592142179066496  0.95704321465705955
  0.96724909889786803  0.97780443081816559  0.98850868178689910  1.00000000000000000
 -0.00266525083222467  0.00975663633629470  0.02288993133817953  0.03683960384909545
  0.05296153598125136  0.06958133531770995  0.08181186179943815  0.09516440632924397
  0.10553680334680272  0.11535510428937254  0.12510650400803375  0.13755877447260806
  0.15044388122697730  0.16023718180564875  0.16897085520351668  0.17870610157936609
  0.18973588544437794  0.20136442017086106  0.21397992125641102  0.22569298178017139
  0.23595994873458573  0.24394869099079308  0.25069926864372954  0.25818322560725804
  0.26570714406846324  0.27327240186686746  0.28555920059286555  0.29822281399702849
  0.31094371924182090  0.31991219062022774  0.32868039538017457  0.33762081496187252
  0.34798839918775892  0.35765468507532511  0.36704441381500347  0.37617153704507883
  0.38665655318065878  0.39693394464385695  0.40744998309500480  0.41730310579769925
  0.42726381781508843  0.43689733157748173  0.44472820234899446  0.45252506056927405
  0.46144871209956206  0.47187003048848719  0.48352828978948054  0.49549039473299389
  0.50776915723919147  0.52012616121634159  0.53138290414083678  0.54195711249025036
  0.55291394332582444  0.56340776514938529  0.57362410689411025  0.58444259747374605
  0.59589527973098044  0.60704479443132098  0.61762637093940986  0.62876221779236119
  0.64086253461522669  0.65352321879378494  0.66538324490440492  0.67595075779386871
  0.68579902073876475  0.69504015016064813  0.70508902313704602  0.71611044366530752
  0.72748322725216852  0.73817098091664579  0.74860130619641274  0.75856605789407994
  0.76805851663285563  0.77772887257158163  0.78881577399062364  0.80147212245737165
  0.81292526853175850  0.82309054422084427  0.83267899945782620  0.84186024266577419
  0.85203159631682834  0.86316995492463966  0.87365416462902257  0.88267735670347014
  0.89176082507832777  0.90069642747796952  0.90942086843612724  0.91819735044411210
  0.92723040148696434  0.93605454456998261  0.94607957136495380  0.95700997634136376
  0.96743202103312864  0.97774203507224100  0.98761925822283558  1.00000000000000000
 -0.00003106406796394  0.00736490289324747  0.01336744718477818  0.01839008737262767
  0.02203127864442122  0.02512215413191141  0.02799561648481191  0.03079910129033613
  0.03369662044976656  0.03663152634248671  0.03947250599027492  0.04196689897661580
  0.04393735396148828  0.04594583329501047  0.04799966374829537  0.05020807933850498
  0.05227776722226115  0.05417350482896997  0.05593587250690273  0.05759451904978206
  0.05921255719035624  0.06096698833460518  0.06273417684364219  0.06434933936749831
  0.06593644725188703  0.06752883198573860  0.06912783283357982  0.07077493978976446
  0.07247245639413438  0.07412146947604303  0.07565412773520194  0.07717174792031753
  0.07873773351364172  0.08052117318728229  0.08248138707796292  0.08442390845640842
  0.08620325546758753  0.08792587923287502  0.08971821325934462  0.09149679279492202
  0.09328514414422945  0.09496236833407752  0.09662590880433043  0.09826861009148057
  0.09990612700755241  0.10174094291587002  0.10388428447867178  0.10644489191813294
  0.10879602209347600  0.11082811880980467  0.11273452555049640  0.11459270716011730
  0.11680208592693711  0.11952580747022616  0.12269615686509391  0.12614865797243829
  0.12963702840982855  0.13332997336721747  0.13629748091484761  0.13907720281631253
  0.14204545980443029  0.14462269092759647  0.14675107127446674  0.14863878618165699
  0.15060354085746361  0.15298530508539057  0.15577773563669312  0.15942464167064246
  0.16309302403265416  0.16600275613295695  0.16881842931552699  0.17209905519833707
  0.17594138288882089  0.18085702665024750  0.18459148976526513  0.18772940621542086
  0.19067113540101346  0.19393152379728887  0.19731544433025355  0.20118021179477266
  0.20535588546691491  0.21040891673320383  0.21635886901606996  0.22308129977091545
  0.23124002730476123  0.23827541618766901  0.24479901658690958  0.25110985160087146
  0.25677604887415395  0.26615710261391073  0.27764611582209991  0.29046993057147524
  0.30521051839532698  0.33034417877469280  0.37891879578050119  1.00000000000000000
 -0.00309548539440679  0.01114125727748205  0.02422032411024007  0.03573472951950970
  0.04587560177416865  0.05512228851244964  0.06409926347869996  0.07363261562505487
  0.08422646398065503  0.09414408223373640  0.10247422822893558  0.11241601267567185
  0.12171477526446697  0.13483611609293378  0.14757056293733520  0.16190837386043710
  0.17505375418152619  0.18692929772474204  0.19668968553486607  0.20604597306676548
  0.21647273087064717  0.22708516373365811  0.23859574258257979  0.24965218730645300
  0.25906374264775811  0.26780589389356679  0.27638937699905197  0.28648520545738027
  0.29808038819007354  0.31052143293583268  0.32030279725753186  0.32849690426643630
  0.33643884701281884  0.34468811737343513  0.35334461103179643  0.36241805321631915
  0.37229929821297919  0.38169082676286781  0.39149442465969553  0.40031347057875755
  0.40917373012472485  0.41887684321126933  0.42881062243242601  0.43823395184142427
  0.44801248684926392  0.45868375756769653  0.47017553073677215  0.48342345266501596
  0.49446595555774597  0.50519889541076102  0.51559599051750382  0.52561016498876734
  0.53531840542430287  0.54549415293899151  0.55566865192613946  0.56508177146952598
  0.57372277419459528  0.58265438095409339  0.59176927401064527  0.60195099642104233
  0.61114785425446261  0.62129090843617540  0.63179649830977902  0.64262300315858745
  0.65256815200135621  0.66168348474041161  0.66983114885702999  0.67843924336740524
  0.68835576606486548  0.70140995494985425  0.71301158882213234  0.72345017528584399
  0.73295961344667182  0.74358868253315225  0.75358021933501829  0.76412456707657517
  0.77449137480899355  0.78557084124942711  0.79652325313135608  0.80727117412531324
  0.81817232254279559  0.82944944761022821  0.84297497746989936  0.85754798131577836
  0.87128010953998036  0.88518926441239132  0.89841193672324282  0.91044469497654423
  0.92203109684039120  0.93181643513451029  0.94143663878279871  0.95158368546097027
  0.96245200579217838  0.97369891055966296  0.98644325700534297  1.00000000000000000
  0.00891141350314928  0.37181024955182518  0.47674992503186436  0.54340842760249097
  0.59206903007338796  0.63041497211803410  0.66674831226071263  0.69371061411189683
  0.71275602664359106  0.72997792744936019  0.74572013826272288  0.75803164884292995
  0.76878023550022945  0.77956788583583458  0.79021293577968088  0.79946776346805160
  0.80797118498358178  0.81577037297879795  0.82196896198337432  0.82766651728703222
  0.83318293899032558  0.83874090003691881  0.84438726627408334  0.84971960867630258
  0.85475711455205594  0.85943047769329817  0.86401180720800197  0.86842636838989640
  0.87275754060534660  0.87711477379218106  0.88165984570146583  0.88634017473720161
  0.89065362516078195  0.89456704903686635  0.89797625276347059  0.90138004512743752
  0.90482368161043292  0.90819168081013213  0.91115641821759696  0.91402870843084350
  0.91699154647290804  0.92026965191959009  0.92319596038849339  0.92613512125208408
  0.92864795658849753  0.93106308701360552  0.93347714372386170  0.93596169620671987
  0.93803891256499516  0.94023584684164829  0.94239347937041651  0.94434548929859685
  0.94618730312833643  0.94802739130402458  0.94987101532709139  0.95176300089598398
  0.95329071986390868  0.95467748201873637  0.95605238288319760  0.95737304965165682
  0.95864130497013522  0.96003474957792267  0.96141010204302846  0.96271765901491424
  0.96393389273489560  0.96493814336467743  0.96592366950843778  0.96689246708464571
  0.96785282902302483  0.96893963019398954  0.97014082927472423  0.97135483965753433
  0.97254017230133294  0.97369163475895637  0.97478485883088895  0.97583717514414403
  0.97678226927604539  0.97770514545133491  0.97862155913962023  0.97954135494131567
  0.98039052360679735  0.98115015240136760  0.98191143645485823  0.98273286637449453
  0.98362376541227614  0.98453738293680892  0.98547368584697637  0.98643156656457365
  0.98742571248026978  0.98844827540357250  0.98947363343458739  0.99061758937837285
  0.99193283970376744  0.99353602720898149  0.99593842966838841  1.00000000000000000
   6.8048329787783085E-021  -1.0000000000000000     
 F F F F F F F F F F F F F F F F F F F F F F F F F F F F F F F F
  <DiscreteSampler_grid>
  grouped_processes
  1 # 1 for a reference and 2 for a running grid.
  10 # Attribute 'min_bin_probing_points' of the grid.
  1 # Attribute 'grid_mode' of the grid. 1=='default',2=='initialization'
  0.0000000000000000 # Attribute 'small_contrib_threshold' of the grid.
  0.5000000000000000 # Attribute 'damping_power' of the grid.
 # binID   n_entries weight   weight_sqr   abs_weight
    10   10   1.717336942848084E-012   2.584497621621683E-023   1.717336942848084E-012
  </DiscreteSampler_grid>
