  0.00215719140788454  0.00218055411312851  0.00220066252064624  0.00221765941392085
  0.00223402902219064  0.00225361847566457  0.00227401800272655  0.00229875679801967
  0.00232483214139285  0.00235463715785969  0.00238371937672818  0.00241269346437306
  0.00245024917639477  0.00249115884284981  0.00253535428753754  0.00258402945608516
  0.00263531330575790  0.00269020856101761  0.00275267915603423  0.00282199666398482
  0.00289726761078846  0.00297668377874079  0.00305610859442587  0.00313779200660611
  0.00322449655066906  0.00331718833117378  0.00342032392209929  0.00353987883837276
  0.00367424644838631  0.00381289066799682  0.00395326504679537  0.00409659569223405
  0.00423615990100979  0.00437969778463866  0.00452965549663489  0.00469695683834468
  0.00488288448359574  0.00508835413350711  0.00529841756334253  0.00551069406349912
  0.00574348495084647  0.00600908919919068  0.00632305586633716  0.00669811816605559
  0.00710129197045360  0.00751664634319588  0.00793234769984767  0.00835598607526977
  0.00882858594848474  0.00931128249735367  0.00982479998504461  0.01035862667629725
  0.01093035881015712  0.01142901594205909  0.01190135111883109  0.01241057038006762
  0.01298355983231269  0.01361553857982077  0.01438424659515560  0.01528556188223122
  0.01622757014029752  0.01714564224690445  0.01819048492290288  0.01937680713484767
  0.02064290209166843  0.02212764238686908  0.02355088741988450  0.02502993427901883
  0.02664114294206988  0.02845623604764849  0.03032630734727331  0.03212525735425760
  0.03407313596667213  0.03606316491144859  0.03798034008495565  0.04045102922968167
  0.04356733453848136  0.04839790537041604  0.05337005127416759  0.05739515910036141
  0.06068150675082489  0.06410580713719402  0.06783709084362771  0.07245350782929219
  0.07794369682520740  0.08333675846712996  0.09007844753285973  0.10020331030529449
  0.11024001827676862  0.11950774375759848  0.13395917713973415  0.15099455726390368
  0.17690684477619381  0.21874667518207186  0.69027054143521105  1.00000000000000000
  0.00107140597014841  0.00169728100031088  0.00206404024424290  0.00232332116379725
  0.00257602921266856  0.00286428644965110  0.00318662238236038  0.00348933312977623
  0.00375742427854018  0.00400747549792347  0.00425415521996190  0.00452473052180490
  0.00481597568642260  0.00513041662467629  0.00543743158930166  0.00571366780167143
  0.00597516615386632  0.00624849464637191  0.00653593154936849  0.00681542201110059
  0.00709835367113914  0.00739626020888157  0.00770738830730652  0.00802987290242478
  0.00836006848995493  0.00870310765797263  0.00907377931055816  0.00940789409648014
  0.00978368465937336  0.01015391890975293  0.01050746676177648  0.01086071873687887
  0.01123860147397000  0.01164203636491914  0.01207508668244521  0.01248066670594983
  0.01288232050864596  0.01332127956366059  0.01377517694557839  0.01418579138473588
  0.01462253487719226  0.01505248161236613  0.01558658178062201  0.01615581038403853
  0.01680420796223830  0.01749763358579205  0.01818389689041921  0.01886951813745632
  0.01958107619180280  0.02036687981741470  0.02108011469191638  0.02170816365630141
  0.02233649955156096  0.02305085375730255  0.02381319054028659  0.02459843167566094
  0.02540072556736522  0.02629621755441054  0.02719156301189042  0.02813561756586995
  0.02910875986985303  0.03006253774693820  0.03103652817834656  0.03201427520076503
  0.03311099230533437  0.03432562776450092  0.03555594525507909  0.03669228249898388
  0.03780456328503105  0.03904140864298757  0.04045093746353978  0.04527659262044560
  0.05150080643495782  0.05683641562312828  0.05978791373740418  0.06083946712031012
  0.06260158885979847  0.06472109707655890  0.06689084765092064  0.06893591056116966
  0.07088434764970267  0.07297895361983971  0.07557813595820832  0.07848216163939405
  0.08092804764457677  0.08315078617545213  0.08551749966298620  0.08820204623788362
  0.09088595904178762  0.09352367580044935  0.09606477142161242  0.09827082751106810
  0.10481994283681800  0.10942856816629166  0.10986606976420467  1.00000000000000000
  0.00015213548096658  0.00023061193814641  0.00031761440521405  0.00040035659827020
  0.00049544226267606  0.00064942394164094  0.00080613688701837  0.00095895413797988
  0.00113860452685467  0.00137774411653884  0.00167113693792939  0.00207429168872758
  0.00255362593339063  0.00314994660071019  0.00378823461220330  0.00447093038225040
  0.00506337656232042  0.00572559124112060  0.00644134917320153  0.00704809047903069
  0.00756191872071463  0.00811304134378608  0.00871594529981631  0.00940953527019386
  0.01014378777076563  0.01094509984589797  0.01174893957266204  0.01255042820616525
  0.01334535666296023  0.01415995808863394  0.01508246359134036  0.01624288557990895
  0.01733565817156696  0.01829388254432484  0.01913841279253335  0.01995796406718989
  0.02080401532796033  0.02174624099878681  0.02283543078386132  0.02400256516915162
  0.02519100961661495  0.02641496084412894  0.02765567207216818  0.02898271778443975
  0.03013224980636109  0.03117636820429248  0.03222580909903581  0.03327838241239321
  0.03447108824317290  0.03573724202056054  0.03709966407448673  0.03865050438026547
  0.04035893962965195  0.04198551318680610  0.04362027898737937  0.04530957295821276
  0.04713323622917405  0.04904298558760031  0.05140031345312435  0.05380095522293177
  0.05588468527165803  0.05765336150877853  0.05935117694081109  0.06121921664504890
  0.06325027913075069  0.06545038558124189  0.06773050760221368  0.06993708958702294
  0.07238739225380117  0.07487007309903038  0.07714366080261373  0.07925391422277375
  0.08169066297276298  0.08488225808217215  0.08830886865558808  0.09123422398576546
  0.09375737163807461  0.09624242000300769  0.09880628505650962  0.10130705247118085
  0.10389873644229194  0.10689655920638580  0.11005888481821768  0.11484041046601917
  0.11999056903803831  0.12506750674528999  0.13135977259699660  0.13967053574267524
  0.15339064195885430  0.17522137850895173  0.20208345285384538  0.23568165684578371
  0.25467272640355226  0.30314010267855640  0.45404176921616596  1.00000000000000000
 -0.00237415677556729  0.01305979748931969  0.02655955302773557  0.03896584492699746
  0.04996094476969052  0.06134089912897148  0.07354062107621148  0.08479607766656445
  0.09625620750102740  0.10899251441816700  0.12376314119107801  0.13818470852530779
  0.14916529115175459  0.15818352807967925  0.16791908364817867  0.17797254890810624
  0.18925368771001505  0.20005686670575107  0.21098810358384046  0.22227742699769995
  0.23372810708580380  0.24566315969422489  0.25734814933532907  0.26935578761688156
  0.28299677301072745  0.29684402381682617  0.30942875140399623  0.32095355825127136
  0.33252865084370076  0.34494409976110935  0.35743791144650611  0.36831266829269121
  0.37836216473954631  0.38670511986056144  0.39524813744149134  0.40398427618802069
  0.41457353316828599  0.42793359653419699  0.44129557501455285  0.45205665648354121
  0.46155546582549062  0.47082892409204885  0.48030936925066026  0.48998176230100143
  0.49890001371432086  0.51265351289876104  0.52579337945623283  0.53797405671326637
  0.54848576290517903  0.55728042685317580  0.56679600547428310  0.57678491522951347
  0.58790226655853051  0.59967778190759347  0.61139767989581484  0.62362385811689902
  0.63657317881977782  0.64791646462268204  0.65789759702456185  0.66676352083179946
  0.67648360444739897  0.68650967742498159  0.69635793403922297  0.70613485134078602
  0.71579273523524567  0.72559685839071930  0.73620013440527199  0.74633666486453776
  0.75604645856277997  0.76461363257690751  0.77253541344181043  0.77989256081730651
  0.78749999264057780  0.79559845511796023  0.80411453835499069  0.81281435054858220
  0.82168200068405817  0.83134686917928724  0.84178272454785985  0.85201447506688288
  0.86211484204781852  0.87195422669482536  0.88201949447546157  0.89260064295617569
  0.90306187361100476  0.91302826452666175  0.92283409126881122  0.93264170548563319
  0.94172525667574480  0.94963386751250145  0.95734362510484905  0.96588838580515568
  0.97488198121769587  0.98331506744037878  0.99141494236758976  1.00000000000000000
 -0.00444125250367617  0.01779847248176163  0.03446982147247598  0.04865798949921233
  0.06174275461005836  0.07472311733051146  0.08543104489557965  0.09496421228314385
  0.10378652522031369  0.11328191731104094  0.12167463556785806  0.12946179046125073
  0.13691536468217788  0.14552859182663264  0.15534788307767314  0.16646475188060425
  0.17826207337604558  0.19015224565819214  0.20164772545989013  0.21048958653356420
  0.21807585152877923  0.22589104873044635  0.23597381699187461  0.24716444735085880
  0.25716286021519241  0.26599838339462328  0.27561712532273830  0.28581238911917162
  0.29517959852362852  0.30412996791007940  0.31434719422245533  0.32591528243199802
  0.33583061673191361  0.34598026005944277  0.35628413834157363  0.36643664053370112
  0.37587712558389413  0.38561821828228071  0.39481406399016694  0.40347900535518211
  0.41224677567133983  0.42208014037532027  0.43396327926178280  0.44517726217944231
  0.45654828678895920  0.46809212992192706  0.48003859057171788  0.49227624514620016
  0.50489756535574326  0.51782359880888384  0.52962020717642044  0.54042028464311698
  0.55106599400338729  0.56216492888365643  0.57294164282753346  0.58282893559242543
  0.59285483052255228  0.60282857458287076  0.61375729226380005  0.62570884566247154
  0.63887062619184576  0.65115652374500921  0.66177051403600673  0.67173504203761059
  0.68147480624256462  0.69165222300708129  0.70280688906009237  0.71348978792576234
  0.72415131943338262  0.73436806129217980  0.74535282336736830  0.75740168509999062
  0.76814704009194834  0.77747582520240366  0.78680369363108893  0.79704375914744074
  0.80802006179385055  0.81906468471930904  0.83001174450876525  0.84154851246640228
  0.85330793338226674  0.86430206110304664  0.87399632506151193  0.88294445443328529
  0.89132156446992084  0.89993213667754379  0.90782526870800795  0.91544355303455194
  0.92362346999645650  0.93254261501516944  0.94265994167088907  0.95413500325540013
  0.96558590665650590  0.97691391324510302  0.98872648705278288  1.00000000000000000
 -0.00097864485600992  0.00272499097949641  0.00701742292395120  0.01117269573452798
  0.01650446581873433  0.02278582722525644  0.02903236632495434  0.03519945715811856
  0.04092073714718750  0.04919965743732028  0.05713886068922189  0.06546146908074012
  0.07325031679188602  0.08148636778940375  0.08911070664230365  0.09665785117798709
  0.10415729929144504  0.11165712498964575  0.11936975027496556  0.12741058066461261
  0.13558523616246720  0.14358421238434180  0.15143488296171215  0.15886925860147802
  0.16673741496189573  0.17548474177770002  0.18448758545694799  0.19328619104751313
  0.20252175014877630  0.21153353349690454  0.22092465392014302  0.23019096689859769
  0.23954504545262001  0.24901636582776560  0.25843505269899586  0.26770289781800866
  0.27707349624533445  0.28687978097834815  0.29665463898019068  0.30697577218576888
  0.31636401163281580  0.32479269382286147  0.33269952911159995  0.33981645021847684
  0.34724978540782209  0.35490984361926631  0.36245830041062732  0.36990449475235143
  0.37748729696768013  0.38524782814506392  0.39309476384436404  0.40078483000603032
  0.40894522445999670  0.41822534694213692  0.42720661118453374  0.43525712036046726
  0.44476115161871316  0.45526146303896292  0.46621022491599823  0.47652963039849333
  0.48593746434569351  0.49494424540937426  0.50399537147796503  0.51337348519764048
  0.52358897919494973  0.53539648388850258  0.54701825496780321  0.55819452441193484
  0.57040535745477605  0.58258036621825693  0.59139828939264749  0.59946949974042729
  0.60829752275254168  0.61770661497868029  0.62876796539625412  0.63995564679304839
  0.65106225344346547  0.66231163481430844  0.67302070290599503  0.68338657444632633
  0.69348452452134191  0.70473423608851704  0.71789861595572535  0.73106901678514780
  0.74459967143240080  0.75759839330919909  0.77303656192057957  0.79178796953127617
  0.81065218752556523  0.83002329017580168  0.85369172942916449  0.88303707293337597
  0.91253460970240197  0.94384447108632696  0.97306962053454060  1.00000000000000000
 -0.00280169021966708  0.01261523459862533  0.02384637223825323  0.03365869822138087
  0.04314874466582240  0.05191614628763420  0.06076646071233496  0.06932793314348075
  0.07834558585287309  0.08682436694932663  0.09483291794648155  0.10193010925773892
  0.11030696709498924  0.11898477759771488  0.12697933041467094  0.13449067885974417
  0.14216479993399236  0.15258266554067762  0.16344667494321330  0.17404795633224215
  0.18346732398412391  0.19278971997518884  0.20219857909545061  0.21315555754470225
  0.22609751876925366  0.23932196335841130  0.25178735459339702  0.26328452035215433
  0.27455722081285650  0.28562115335641691  0.29565065794881151  0.30558934126291648
  0.31612622075497671  0.32882783372862473  0.34045207652416909  0.35127947761857076
  0.36223169257942756  0.37458339768178406  0.38875942623021659  0.40163977258200373
  0.41396647043528456  0.42632683118329884  0.43882361538768222  0.45084156349506505
  0.46375925129625062  0.47529572460439723  0.48552201813322604  0.49488501542449498
  0.50432134608800172  0.51310961732975036  0.52188889376547909  0.53131580720585014
  0.54087173493829188  0.55089467718144036  0.56007731439956276  0.57212792085101549
  0.58555055560456348  0.59961678251839023  0.61544762379876439  0.63281444741954207
  0.64911619059520265  0.66338618402703131  0.67278155050090338  0.68120152848906457
  0.69007732544934763  0.70077376940216762  0.71097004290334487  0.71942368690943870
  0.72764072316942763  0.73758815627205754  0.74946352584502729  0.75951744587480363
  0.76859714613260566  0.77828389139835685  0.78814205806952142  0.79803367124179625
  0.80715450803713451  0.81645414326813237  0.82624086384715556  0.83754685025887221
  0.84935614564963113  0.86145006068371710  0.87342519652365547  0.88518178569542461
  0.89668077784348443  0.90819774506955631  0.91943023418321779  0.92998672165728435
  0.94092543030560405  0.95107083599063047  0.95974274151183181  0.96758862340308871
  0.97613905760881237  0.98423198425157221  0.99232506964346412  1.00000000000000000
 -0.00181496659958688  0.00666522381063254  0.01517233282502146  0.02511918029918066
  0.03718980854493067  0.04816883512032023  0.05863313364514677  0.06925477128558126
  0.08055579914356738  0.09027399332593435  0.09986319231198695  0.10915242277552761
  0.11847183077654036  0.12842131985073482  0.13840778956910951  0.14827417806279247
  0.15826338027457826  0.16797544364724554  0.17950810748865906  0.19147413118295567
  0.20182191014645501  0.21175948049035118  0.22079236330837260  0.22932107808286042
  0.23783806420025394  0.24658278456382746  0.25547388326390114  0.26352387254632725
  0.27229859331902373  0.28282332686540945  0.29379160291726658  0.30382755271549317
  0.31323660576948320  0.32393038518004236  0.33581987678604830  0.34876889902681202
  0.36016821659983056  0.37001057037875795  0.38002947001338910  0.39047547407598315
  0.40133598500942058  0.41246874471903894  0.42251763973027395  0.43282199011132938
  0.44335686775264149  0.45506625729364480  0.46733422130034308  0.47978110053590162
  0.49268979693449438  0.50431792329203962  0.51520047539210811  0.52547577490413477
  0.53464216053578140  0.54358961757579127  0.55132343002150475  0.55913342892486717
  0.56691528685615511  0.57500882467611447  0.58402526328292581  0.59314844184046489
  0.60182877617048236  0.61063664370464965  0.62066663606091343  0.63303229539842376
  0.64560810195588991  0.65765718457191613  0.66881346906532058  0.67896770186884203
  0.68918363928197035  0.69931461871166811  0.70803885636000874  0.71618751406956382
  0.72381777742663733  0.73354240481780741  0.74514104738417575  0.75830465736546093
  0.77174456662574464  0.78641807079187853  0.80125331195764882  0.81441967728731801
  0.82515974800252634  0.83591336971536812  0.84672030698919099  0.85813460415294118
  0.86819130856377502  0.87831352681326436  0.88943757502160536  0.90193882425007599
  0.91480273389087097  0.92704604477832520  0.93903922188717281  0.95169499774942212
  0.96411498595226430  0.97627020399934061  0.98802784331514482  1.00000000000000000
  0.01940748602125091  0.36414018338347093  0.46741343218152864  0.53121709469043765
  0.57518895152928462  0.60721261508959368  0.63235080828136714  0.65390526499692414
  0.67357382166088020  0.69148306138416693  0.70881987173905603  0.72348233436519682
  0.73616593616387060  0.74767988848398736  0.75903159906886764  0.76925305700576807
  0.77893836565247765  0.78839839079294594  0.79637571301683152  0.80320112630301388
  0.81008071283126981  0.81674091996301290  0.82278392107502363  0.82857932917998822
  0.83393643835528997  0.83895537023299316  0.84347211822570400  0.84766340454968847
  0.85179576393350587  0.85616311455777527  0.86067266829395983  0.86487113302456420
  0.86909981763571176  0.87287982395890762  0.87614749999020991  0.87897416362588532
  0.88177816716515933  0.88463267543437518  0.88739276562610725  0.89030811558952905
  0.89353999718534338  0.89670366015372760  0.89963844888888611  0.90258282058702943
  0.90539995029092624  0.90796252223261664  0.91027021910835071  0.91249808536381405
  0.91464803522386728  0.91689112913453708  0.91911353029633680  0.92184238672730512
  0.92467625699150546  0.92748152651069105  0.93018229392666418  0.93272158433303798
  0.93507500546623457  0.93723939467859863  0.93896778532730307  0.94065737122459481
  0.94236005927803745  0.94402874601897513  0.94560117384551345  0.94709066654836027
  0.94850535883048348  0.94991233860556268  0.95133855364159181  0.95281364149014280
  0.95437938199758166  0.95610653951326052  0.95771901595106335  0.95923940037899913
  0.96067223916581235  0.96197594300687339  0.96324733059361001  0.96451468105699245
  0.96579713279961599  0.96718893620312663  0.96865096809484152  0.97018871423005792
  0.97180813465487292  0.97344401562243077  0.97499944293167184  0.97648337252211326
  0.97788125289971695  0.97925393068048761  0.98057517476812461  0.98181668110602971
  0.98306976041096561  0.98431294762822263  0.98558593474806810  0.98695925758308978
  0.98858130001371147  0.99074194058975951  0.99396166148360765  1.00000000000000000
   2.0773074719871929E-018  -1.0000000000000000     
 F F F F F F F F F F F F F F F F F F F F F F F F F F F F F F F F
  <DiscreteSampler_grid>
  grouped_processes
  1 # 1 for a reference and 2 for a running grid.
  10 # Attribute 'min_bin_probing_points' of the grid.
  1 # Attribute 'grid_mode' of the grid. 1=='default',2=='initialization'
  0.0000000000000000 # Attribute 'small_contrib_threshold' of the grid.
  0.5000000000000000 # Attribute 'damping_power' of the grid.
 # binID   n_entries weight   weight_sqr   abs_weight
    10   10   1.328528385499233E-011   1.063483011760346E-021   1.328528385499233E-011
  </DiscreteSampler_grid>
