  0.00212936248171925  0.00213591517999897  0.00214544137566296  0.00215796614928982
  0.00217132793383732  0.00218646432364883  0.00220142738756716  0.00221593634238980
  0.00223051230970099  0.00224508419181679  0.00226036749179941  0.00227754566523759
  0.00229460744017858  0.00231980440621466  0.00234603308412057  0.00237123651324832
  0.00239683801909287  0.00242061703130956  0.00244359468854432  0.00246750085601915
  0.00249194709648262  0.00251630015013455  0.00254038994842702  0.00256447653926968
  0.00258872256781313  0.00261915985192695  0.00265273439932785  0.00268724503254849
  0.00272341615934542  0.00276595464934650  0.00281186783320942  0.00285975581932577
  0.00290879332307707  0.00295933273609369  0.00301441303902854  0.00307386617725696
  0.00313715045145850  0.00320525745461962  0.00327883963176143  0.00335978906620077
  0.00343316763619235  0.00351296396986178  0.00359903328472216  0.00368710049007806
  0.00377562851174783  0.00386432472048092  0.00395519443374489  0.00405145513103167
  0.00416342793536805  0.00430793078306732  0.00447655266617056  0.00468878637873361
  0.00494161782294385  0.00521774679389903  0.00549862355164113  0.00578224765724329
  0.00605154696854525  0.00631283168278368  0.00659041422554308  0.00690507204253708
  0.00724708652308704  0.00759427966875166  0.00797479750870371  0.00844175389537358
  0.00895504831568993  0.00946894081692565  0.01000806754288914  0.01060059254880173
  0.01132807481693237  0.01220558977515819  0.01308783289341358  0.01407772138576904
  0.01516195997277044  0.01624951681612124  0.01745819783195998  0.01895235952371349
  0.02051904036478224  0.02201030488011647  0.02392505244922502  0.02613510932650450
  0.02849018708516752  0.03114047255428319  0.03409870357536648  0.03735292967226011
  0.04135795090577433  0.04660011622937824  0.05213262259014810  0.05643781179624521
  0.06152000494255241  0.06943001554290287  0.08576618719942829  0.10013170615019479
  0.11687876895515345  0.14762444180635942  0.24615820447531345  1.00000000000000000
  0.00038147965687955  0.00040989937648917  0.00042687906653321  0.00045259139546612
  0.00050052718559175  0.00055475459945434  0.00062828330827824  0.00073625828443824
  0.00085980458005389  0.00098615204236925  0.00111280349010794  0.00122184030902053
  0.00132489687757140  0.00144128074768538  0.00159734799588231  0.00183023593569920
  0.00221943132430689  0.00254262068976597  0.00287629431791592  0.00330844968403395
  0.00376348468367303  0.00419809324346708  0.00470976303783010  0.00535064218764571
  0.00604092633262987  0.00671399116310479  0.00736678307537273  0.00804725491749484
  0.00879643718153560  0.00961826961131909  0.01043172036614623  0.01115683094213634
  0.01192773127502548  0.01308293199734735  0.01451590522433772  0.01581728277997450
  0.01691429632379473  0.01813308711149240  0.01945183139601126  0.02075143372049005
  0.02194204737046239  0.02314340372671717  0.02456138858637555  0.02624828237829459
  0.02755138021240954  0.02871274306692681  0.02992621253203552  0.03109800523056745
  0.03206025075709338  0.03289680995181633  0.03380844900991967  0.03514809371639836
  0.03662179051168010  0.03809095783241098  0.03978947253460762  0.04167515290331779
  0.04347195994619347  0.04507672823142348  0.04661654090539357  0.04805881438573369
  0.04959905829699423  0.05120610803281973  0.05279882473201435  0.05467301262297301
  0.05714265128186045  0.05948330137742679  0.06287326711072758  0.06566640706376693
  0.06989755684117252  0.07417300342013002  0.07583176415321992  0.07807265952489249
  0.08008051673020400  0.08194076578425229  0.08482124945601857  0.08801168582188296
  0.09083793682220294  0.09349580756059195  0.09616078331067633  0.09992603698848876
  0.10536093425733269  0.11275231762542415  0.12039976732229420  0.12926920519209770
  0.14102758672571919  0.15031442471640863  0.15619868431135808  0.16305775007308013
  0.17096158703078923  0.17512198821328354  0.17522610417616954  0.17522610417617954
  0.21950871596800198  0.32289844331926076  0.42628817067051850  1.00000000000000000
 -0.00000116094993069  0.00004587290432521  0.00012025203312787  0.00022143016614725
  0.00035453109114329  0.00045687809900345  0.00055904443840352  0.00067622066809723
  0.00080029505977457  0.00093598090890376  0.00108690071714209  0.00125349572913279
  0.00145850592376544  0.00170166209670731  0.00196476607343492  0.00227509108733843
  0.00262706059258023  0.00303419154433905  0.00344850968025422  0.00384765739775830
  0.00421586653417331  0.00459812898296658  0.00501077718181183  0.00548198286862359
  0.00600935754485581  0.00654784031548070  0.00707425068624864  0.00762068595837276
  0.00823526471132243  0.00891245250645963  0.00956821949286088  0.01032554929612749
  0.01105218400403972  0.01162120529115934  0.01216174154923419  0.01266659293206683
  0.01321009812246505  0.01391143243441722  0.01473632401497115  0.01556842160676611
  0.01641077813386184  0.01732151190325630  0.01829655778923597  0.01965631959050793
  0.02143164758081437  0.02345458753988411  0.02545586154291071  0.02688789958707231
  0.02837783008487952  0.02970042136331884  0.03093384161987501  0.03220768912369425
  0.03367649413289557  0.03527894452058181  0.03703996829031230  0.03887067626939159
  0.04066670773773341  0.04288222231436033  0.04476731379886692  0.04662876684629238
  0.04836735180434349  0.05030192496134552  0.05183905502926997  0.05319777843371150
  0.05473485922580471  0.05630408595283384  0.05868688677699638  0.06140275780799932
  0.06414543303880363  0.06692979193102953  0.06956291470765451  0.07283881881399933
  0.07676830247402913  0.08126364672804366  0.08595216608953762  0.09111007516680290
  0.09665020293062181  0.10255913624734174  0.10876438284711655  0.11506801578194699
  0.12198255564791848  0.13076438564129703  0.14201463477887305  0.15443231254558262
  0.16800773073768746  0.18469702776307703  0.19454010960621695  0.20517856923858913
  0.22863701385218443  0.25866816915977398  0.28303827226223677  0.29454772755166314
  0.30389945748167047  0.32372194518108183  0.35445101206577556  1.00000000000000000
 -0.00285430266932669  0.01735064964824719  0.03389140208040629  0.04983306424086271
  0.06837255350762858  0.08848454497633611  0.10651500373539313  0.12349463184326211
  0.13877149356681595  0.16057060795446851  0.17824056514402442  0.19358990444689866
  0.21004067673725338  0.22451698608220058  0.23946553422409692  0.25693495708075170
  0.27485220405001293  0.29271117569942134  0.30946287884053830  0.32401657999091860
  0.33651166762093082  0.34905517589280793  0.36283446887550064  0.37805846516526448
  0.39428689917575110  0.41060164201330684  0.42498831035972756  0.43665338407259935
  0.44548464753613093  0.45496827259084821  0.46342387246701205  0.47040819581824089
  0.48122863371646973  0.49216174898456838  0.50385519383558208  0.51730011792960673
  0.53112210305419350  0.54269899524945497  0.55330576564695622  0.56256402371327807
  0.56823455925622646  0.57352892322614146  0.57967684083495419  0.58605442464582769
  0.59185795295336630  0.60041754854649088  0.60793789699593803  0.61470663227625344
  0.62203096045597528  0.62993715416499996  0.63880909823871268  0.64804359151596702
  0.65699905569490058  0.66639608459142641  0.67561195070019353  0.68434595593848657
  0.69237459240372345  0.70150147507931249  0.70888414306607217  0.71594910256653610
  0.72415428090317446  0.73338339394886720  0.74324988895665178  0.75335803042417315
  0.76286473001675026  0.77340717066746356  0.78425714931636015  0.79357675707697195
  0.80234962716854885  0.81204348024639483  0.82191928863888086  0.83065802040555770
  0.83827456895317287  0.84597280966364896  0.85370976253971198  0.86150531891803339
  0.86795008179908129  0.87304382398120162  0.87785355190166803  0.88392262653747500
  0.89086581168734247  0.89805355122867470  0.90435630429721214  0.91044218986061609
  0.91636935799961283  0.92229264682643264  0.92970591129705993  0.93791014581679066
  0.94621862068418783  0.95444693092061883  0.96283178428221761  0.97109732629177448
  0.97892593034686737  0.98640410175265980  0.99355000781336911  1.00000000000000000
 -0.00236571486858978  0.00900067142234554  0.02063070400897980  0.03045177738638622
  0.04060713798313937  0.04958632451240014  0.05941090903648986  0.06955520253831414
  0.08024955492870550  0.09098222280678038  0.10185527647706899  0.10987617284774179
  0.11698184591871663  0.12395639441713670  0.13099969221708749  0.13925071713437118
  0.14917082343029947  0.15926882697600073  0.16909478790983873  0.17907845374872439
  0.19039116668247891  0.20370363459209578  0.21640240497077215  0.22619305100407772
  0.23667437028208971  0.24698742543803581  0.25875527463227871  0.27231861783358957
  0.28619821313865751  0.29907869423321320  0.30941533086768780  0.31703165182912402
  0.32524782085218801  0.33254159818167117  0.34038084727923534  0.35004970831869697
  0.35961079313995453  0.37006721165967527  0.38005556478605590  0.38906112883980032
  0.39817482589751968  0.40752245100236356  0.41690778454008759  0.42608827055323045
  0.43692711983520383  0.44946341627097680  0.46251760079963433  0.47424802394355192
  0.48447555905060996  0.49458370389891648  0.50280072845297474  0.51272120225215756
  0.52477672544111642  0.53632872717440583  0.54809766581241315  0.55991401880837566
  0.57261538470418749  0.58576013514640846  0.59760945412125921  0.60861641942402267
  0.62003388089250822  0.63104034196239334  0.64170559469322708  0.65237789463626494
  0.66217314330183463  0.67040560423627837  0.67814647239462622  0.68605122951307096
  0.69407701081262374  0.70229326466366182  0.71117636255649597  0.72255916887418858
  0.73571624405352554  0.74936035765508902  0.76377771157990748  0.77717432570213962
  0.78870136431497917  0.79933652434176472  0.80954432938434839  0.81889774569882545
  0.82784630054137309  0.83685703143628742  0.84773609010123163  0.86073393990094726
  0.87222179405289146  0.88384303873477343  0.89873859899547204  0.91389423313991824
  0.92802617480517624  0.94258576500627522  0.95426095212481221  0.96365226309682928
  0.97189241779841773  0.98129487507382784  0.99115619997776438  1.00000000000000000
 -0.00197965329689103  0.00969588827876324  0.02069787966020576  0.03202372658986399
  0.04321877164944976  0.05378959188170353  0.06402513261137636  0.07487174889992967
  0.08542380063552703  0.09694676240074203  0.10815725665801021  0.11859866104515432
  0.12833241267485421  0.13742012185841665  0.14829697171652667  0.15661899460301013
  0.16515075027800882  0.17441198361497437  0.18614985330975781  0.19945248464053858
  0.21343778606395930  0.22700390471557436  0.23622810998648563  0.24467518164238111
  0.25225218975828628  0.26010850813908432  0.26946633701118267  0.28172342293155500
  0.29228535474159467  0.30209945158503881  0.31163747731975872  0.32218893510203367
  0.33557848741734086  0.35321853733281472  0.36996282517527301  0.38339342015081451
  0.39435311015282443  0.40429545756383362  0.41487997698402773  0.42680419416281568
  0.43752470568545115  0.44806844274390079  0.45754022994654281  0.46616368600563463
  0.47477447156237174  0.48386326629043647  0.49297596514468722  0.50355194798466429
  0.51455356374213901  0.52306802585637446  0.53156390080350258  0.54127075139484326
  0.55111457976246547  0.56000886108631576  0.56808000200077602  0.57613850703085800
  0.58482380599814676  0.59338134335116433  0.60381878245058873  0.61666760360829120
  0.62934418122383851  0.64127728983245968  0.65277656032973719  0.66362310690229565
  0.67345997495270793  0.68235601241144950  0.69077598596659606  0.69949281310667066
  0.70934700025761810  0.71982303565581374  0.73009504030961736  0.73997752226767111
  0.74927120617203657  0.76011128234952796  0.77169523402247941  0.78323466696855326
  0.79567057173656253  0.80638153010265401  0.81701537048435624  0.82910694930443252
  0.84162406885260610  0.85391013164077079  0.86514698902871123  0.87641762479131957
  0.88811711435611440  0.89976202720862763  0.91024427511951178  0.92044877522303936
  0.93278583417399608  0.94272597012241865  0.95210754907025530  0.95979115888643252
  0.96842502245887219  0.97818590323528165  0.98960673920472542  1.00000000000000000
  0.00098700485284709  0.00668520594717473  0.01311849518987265  0.01930871441774127
  0.02493330996930722  0.03004475568652767  0.03476234698966763  0.03939150194811748
  0.04392808779465408  0.04848518319180362  0.05321591532585480  0.05785593603990802
  0.06205828730745293  0.06617759473645275  0.07047740285731775  0.07472627391367966
  0.07868360208847412  0.08195692807964457  0.08521681454996431  0.08811705696612682
  0.09133983292723925  0.09490296925937398  0.09828186213186128  0.10111120314746282
  0.10414614050688016  0.10708412847508342  0.11035618217826718  0.11409082187104597
  0.11803321274630214  0.12166430451180830  0.12473027389782984  0.12774681938079280
  0.13096829966212789  0.13347775745832147  0.13634482561069608  0.13922498019312904
  0.14245060676486615  0.14647008575264492  0.15059942455134806  0.15504348213147290
  0.15937340528523572  0.16335468424796504  0.16707234494558751  0.17028980853130177
  0.17379412527603028  0.17779560679610332  0.18150373743109602  0.18465650998945904
  0.18736361930384313  0.19021429035793894  0.19331436164880156  0.19748900937035882
  0.20235324565142981  0.20702530967188681  0.21150959101873898  0.21532926641103994
  0.21839872071080191  0.22119177850794999  0.22408441688307013  0.22732141650909965
  0.23081867577006399  0.23447547564580398  0.23794902353283773  0.24145246506259702
  0.24587701454040953  0.25175781597062186  0.25748922425044368  0.26217942124965909
  0.26716466350821788  0.27293403709349245  0.27948354000659115  0.28535840566976445
  0.29068717267063721  0.29586349672243006  0.30080320506595942  0.30757949554369290
  0.31340377860974700  0.31949251346788698  0.32635326496531836  0.33373822275406151
  0.34157174914398591  0.35110975965568098  0.36086108975519282  0.36875470346853806
  0.37613589394790592  0.38614885370913044  0.40472042040842915  0.43201701164079664
  0.45701400213535553  0.46774622203986965  0.47482668843304310  0.48203399812634223
  0.50231821212099481  0.53216642290518079  0.63216132769712086  1.00000000000000000
 -0.00241317775368576  0.00850453209631501  0.01940719148577181  0.03220242511406471
  0.04439033070275957  0.05590672555108030  0.06781578774691863  0.07876307631676523
  0.08805713828233176  0.09603242668989095  0.10332738618752241  0.11063463399240797
  0.11944513988054227  0.12887070578512999  0.13832582123591566  0.14771409130351720
  0.15704633638333271  0.16557029286309644  0.17426670416777842  0.18308706704560074
  0.19241639050310075  0.20237820934353504  0.21249101204493145  0.22232646121569788
  0.23201437504740774  0.24106624284979219  0.25097678007173457  0.26408483348912087
  0.27476947571651900  0.28507587550140723  0.29451913370421823  0.30472795711731604
  0.31397995527804723  0.32220912312734962  0.33095021987505879  0.34117294245820712
  0.35216192716820666  0.36272027342009672  0.37254705441211505  0.38286314249434944
  0.39488853072454672  0.40778746110748543  0.42189950274600024  0.43564416578411697
  0.45046057733543055  0.46346677575696077  0.47567983865472135  0.48918257287652916
  0.50345294709681820  0.51814965119010636  0.53820375656359598  0.55812277880333827
  0.57127430849810834  0.58418322285282420  0.59836803054265941  0.61496522756290395
  0.62970135852331000  0.64305262600469681  0.65381850851242007  0.66355889310440919
  0.67153665443722677  0.67952249329164216  0.68877369495188656  0.69949970948709039
  0.71078721398135725  0.72353388014546327  0.73445297267394971  0.74252952371107916
  0.75057355521496361  0.75896227026974084  0.76923775251810000  0.77894577005859955
  0.78829554626107756  0.79659771901796905  0.80479124352809850  0.81477074874004940
  0.82825448009091762  0.84116712288029305  0.85251457714060852  0.86294023446005075
  0.87325140804116153  0.88194492500755739  0.88906793330551759  0.89632804567138868
  0.90461714490191569  0.91676435739891737  0.93040525622688230  0.94032152985010875
  0.94785973122273048  0.95452368664505116  0.96086102714133914  0.96826350918916715
  0.97704827406274075  0.98497187185201307  0.99259010267904779  1.00000000000000000
 -0.03346710356182066  0.53588918088742976  0.65838616076584233  0.72476558140434721
  0.76916076090218288  0.79827548275117799  0.81852688742393909  0.83494186367180578
  0.84881593638911090  0.86022369210524197  0.86985155664513725  0.87840291597714049
  0.88564121569445320  0.89274555639483522  0.89884755329887311  0.90349764332558791
  0.90763908377315861  0.91166817761825603  0.91543092932665071  0.91872750704382655
  0.92112946216027836  0.92330748239017291  0.92539344979021021  0.92732305175413987
  0.92934290417338861  0.93192783518891087  0.93501687702259062  0.93787467282380588
  0.94013138329723223  0.94203562842987021  0.94385499711690335  0.94544025757714467
  0.94692002916219420  0.94840794759042191  0.94973672002674092  0.95100754828481826
  0.95244040977034827  0.95384927618774962  0.95517990010162257  0.95644601514257255
  0.95765864887269003  0.95877395304679669  0.95988334196908820  0.96094900324209775
  0.96190358524200326  0.96284935474320121  0.96381951035338587  0.96478797916850056
  0.96584207269743327  0.96684372395976348  0.96792719820708983  0.96895545050515242
  0.96986222408098877  0.97070615332177712  0.97152766410306401  0.97244002481726566
  0.97318884246111570  0.97383128157909826  0.97447433377923554  0.97511393356383436
  0.97579120254841112  0.97652180962622825  0.97729435508190587  0.97797057608879656
  0.97857410967489467  0.97913971603460259  0.97962933266238694  0.98013438697424005
  0.98065708564843734  0.98125052305817673  0.98195654442004565  0.98267998647914367
  0.98334338796244192  0.98399376136790795  0.98463349954031965  0.98525828314422725
  0.98587720287087321  0.98649254107220341  0.98709880817471340  0.98768695715899690
  0.98834681131049607  0.98894996402866897  0.98948493174555763  0.98998952093508008
  0.99048842988484920  0.99097806056739157  0.99147060457418079  0.99200669116143791
  0.99259659762300079  0.99322161156966060  0.99386347222327331  0.99456816194586917
  0.99542122660284282  0.99648350154094201  0.99799496383484365  1.00000000000000000
   7.4628029983077188E-021  -1.0000000000000000     
 F F F F F F F F F F F F F F F F F F F F F F F F F F F F F F F F
  <DiscreteSampler_grid>
  grouped_processes
  1 # 1 for a reference and 2 for a running grid.
  10 # Attribute 'min_bin_probing_points' of the grid.
  1 # Attribute 'grid_mode' of the grid. 1=='default',2=='initialization'
  0.0000000000000000 # Attribute 'small_contrib_threshold' of the grid.
  0.5000000000000000 # Attribute 'damping_power' of the grid.
 # binID   n_entries weight   weight_sqr   abs_weight
    10   10   8.286161506976483E-014   4.373723135843378E-026   8.286161506976483E-014
  </DiscreteSampler_grid>
