  0.00214974462755982  0.00216221493176146  0.00217724688662687  0.00219598555601166
  0.00222074264332452  0.00224760403339342  0.00227793302941370  0.00230916617869623
  0.00234364962664194  0.00238161581061869  0.00242360244698638  0.00248131287130930
  0.00254152849987695  0.00260126774933135  0.00266307268727585  0.00273153542863426
  0.00280685289518210  0.00288287612197768  0.00294816146442138  0.00303507301955109
  0.00314290668814392  0.00327902436852357  0.00342461914879889  0.00358214100506611
  0.00375585118889456  0.00396632090421785  0.00420153397552823  0.00445623502514631
  0.00472118803207485  0.00499238323584987  0.00528557529448451  0.00560994207916676
  0.00596465151491412  0.00634656877289316  0.00674393576491345  0.00713733049377362
  0.00757530949747308  0.00796497757868927  0.00838754524766771  0.00885023842648666
  0.00923772579804803  0.00968446430339728  0.01016975984571078  0.01061592228592033
  0.01112226619639751  0.01176440263133098  0.01240347402932046  0.01310903279127094
  0.01383966797477929  0.01457719462380674  0.01533941237753412  0.01607160041961981
  0.01691185777122999  0.01797067525723685  0.01921317820625172  0.02052259722285153
  0.02177677818735409  0.02318774413411995  0.02474834393886313  0.02631437977720471
  0.02800574384264572  0.02933207084916787  0.03103910801824153  0.03283544738224897
  0.03479010202436401  0.03754281129388168  0.04045299865380769  0.04320251741702075
  0.04618264717231080  0.04927502585832066  0.05258551511316246  0.05628824542206323
  0.05980162563595972  0.06339251284305739  0.06741138267314764  0.07340157643979249
  0.08039970468739270  0.08579560232467315  0.09077119875182457  0.09593453790130789
  0.10111021226880085  0.10631883629599304  0.11153231402707527  0.11666510099175256
  0.12260214801474695  0.13251291863864839  0.14179264169138506  0.15032659805566967
  0.15862545287738053  0.17306954430983901  0.19988137555448554  0.23814030796974198
  0.26870134431663056  0.31024312058768655  0.42927470096102344  1.00000000000000000
  0.00101417349105492  0.00191376005957951  0.00253752078822308  0.00299025646493151
  0.00336471616094370  0.00380594099007961  0.00426130334662028  0.00466331677078177
  0.00507596865202824  0.00555201518374807  0.00621687780975057  0.00695330796078049
  0.00768149665410460  0.00836030135133930  0.00897632548527705  0.00969781130074430
  0.01034603541149142  0.01094435075842070  0.01155999174976324  0.01225266941148376
  0.01313676195565195  0.01402992024124930  0.01479914565972834  0.01547958462939542
  0.01622738107508537  0.01710007055946360  0.01807907608125135  0.01900533469362715
  0.01982872275757120  0.02054134997358118  0.02131748355772099  0.02225799375141036
  0.02335505646902700  0.02451008383073036  0.02604380237984864  0.02756123234071529
  0.02871367617833762  0.02965290123420784  0.03055034613825542  0.03152488741771791
  0.03266631402345089  0.03387942111290563  0.03511471594422007  0.03657203057548825
  0.03785951366400169  0.03908788782023698  0.04023055989364766  0.04146733919157462
  0.04309622507814209  0.04516035559400150  0.04720178848378606  0.04890556579101946
  0.05051054019783141  0.05197233936071640  0.05362709955149361  0.05542432258203302
  0.05744583671837676  0.05981238321717244  0.06243681816660213  0.06434982046920340
  0.06603391726958664  0.06769868805788179  0.06997418669264502  0.07242182844191641
  0.07511997759783419  0.07779047711942164  0.08003280420818069  0.08256652435042042
  0.08511793669126677  0.08806224003972817  0.09171163790879384  0.09610462792113982
  0.10175179340181227  0.10544621093667746  0.10769891113021930  0.11004631182927231
  0.11282148284943161  0.11539948313384327  0.11770942803148048  0.11974354102199451
  0.12210819076745696  0.12849420343268692  0.13541262171598428  0.14337728591674781
  0.15340417470884027  0.17799667891875204  0.18642864565293504  0.19378788976874367
  0.20373593935901968  0.21103327493939994  0.21792490063711401  0.22640284486704473
  0.23551384504778849  0.24929756197248820  0.27417202714686184  1.00000000000000000
  0.00018755482532044  0.00028166288640253  0.00038208838696654  0.00052518401599290
  0.00070772546572238  0.00092031297050407  0.00110509446114752  0.00127078408831303
  0.00145556666525038  0.00169824734810035  0.00212528019165243  0.00259373101058109
  0.00309637162739349  0.00363445723955976  0.00419427076850647  0.00474092612876889
  0.00522123596980026  0.00589719847836214  0.00677853605044391  0.00771433931652046
  0.00861308215866115  0.00944282120754050  0.01026389760186602  0.01126574131690177
  0.01261945169444433  0.01390882790940393  0.01507933687875960  0.01622780729379489
  0.01744097760956759  0.01877328405247033  0.02014824669908910  0.02149276705144089
  0.02280249630885051  0.02413502716698972  0.02546259221781378  0.02726025730233674
  0.02939519618218012  0.03103915578252166  0.03267925356930359  0.03449767824250816
  0.03622671970368779  0.03797569741020786  0.03973046110518004  0.04173792088831587
  0.04346604378855257  0.04536141177620866  0.04724668151000372  0.04921763126459923
  0.05079358324488133  0.05233581082100183  0.05377301450641177  0.05528509428852330
  0.05664611946274915  0.05794075438994226  0.05930081677976854  0.06057857118567640
  0.06215207271627819  0.06377341136677230  0.06555019677209856  0.06792750206960299
  0.07050097941488354  0.07348852125427856  0.07632832014663302  0.07898618634728537
  0.08158833506129329  0.08371995958819144  0.08575689073205202  0.08804473476172121
  0.09057265619631785  0.09339190604512651  0.09640014816041538  0.09940127924544155
  0.10232140874669979  0.10536139099399415  0.10880952348821046  0.11308185829311342
  0.11696257023217413  0.12033953540617350  0.12348179950939511  0.12604138674727780
  0.12855417085078105  0.13182670566622365  0.13775172432129756  0.14605747409004918
  0.15740704849160020  0.16420426511955333  0.17072257298382593  0.17681955791299170
  0.18290270554092986  0.18985590674813485  0.19932803954834977  0.20472635464275604
  0.20763642397312151  0.35828685344501643  0.59320214044432318  1.00000000000000000
 -0.00265098882412627  0.01067923244493849  0.02161864223238383  0.03210510182509014
  0.04384811656945108  0.05707878057836618  0.06895389107068801  0.08003512783635820
  0.09546131836885306  0.10890478686103530  0.11863031615461135  0.12798951119728394
  0.13703428101025250  0.14590188401675877  0.15396855795446796  0.16207933982886397
  0.17321884620726227  0.18584649147104121  0.19685479801224692  0.20605553309678787
  0.21649361364488434  0.22771841493188991  0.23999059847115636  0.25136820384901820
  0.26186169452825525  0.27213100276408098  0.28220609709053368  0.29326146640102974
  0.30490718302739006  0.31660473282708995  0.32798267777837875  0.33946051926458204
  0.35132426051319732  0.36355037403186247  0.37504634137836301  0.38661148863355055
  0.39719574604856639  0.40676414935604133  0.41504588017759247  0.42383660954929503
  0.43331295779241513  0.44404515060439032  0.45994808411587801  0.47372808395580918
  0.48589136935867505  0.49563455858720101  0.50413797810054672  0.51291462310773295
  0.52090152546778523  0.52826589840741378  0.53649419554650435  0.54607836426672185
  0.55863021959242010  0.57087088981732903  0.58254786207417431  0.59391896972279712
  0.60441564955696736  0.61456371696621093  0.62690447808182503  0.64071492042848810
  0.65324462154664453  0.66485901990854313  0.67716095953154765  0.68999974818614906
  0.70292661590985339  0.71621057305463409  0.73003338402949325  0.74161118373697010
  0.75348162449991540  0.76672161222431634  0.77665948662410866  0.78414969910764409
  0.79087097138499296  0.79680611826261438  0.80278138465346838  0.81009119208809555
  0.81824869867683991  0.82690394974766834  0.83628774057440969  0.84572267730224715
  0.85616947167661694  0.86855189348543504  0.88052547549990534  0.89086320524183504
  0.90008747194078353  0.90837045097126079  0.91729809552689956  0.92647045736256251
  0.93800084152224406  0.94781479002463742  0.95614109416392257  0.96420646960875789
  0.97264578765099219  0.98167539451660668  0.99097460468227094  1.00000000000000000
 -0.00100597810888177  0.00334579010101179  0.01028334640816411  0.01793063015751052
  0.02477080735271538  0.03251711554250582  0.04393789840469497  0.05596478884528781
  0.06821194136474976  0.08045306762751077  0.09240165235966551  0.10454333417994394
  0.11732485301749498  0.13176207061705883  0.14512113909453933  0.15563809909980861
  0.16483063283572008  0.17217364706794680  0.17913827592571763  0.18625176232283316
  0.19457223169940999  0.20400198439525066  0.21379759877972077  0.22373376653835117
  0.23507510555736180  0.24727168670490599  0.25622879745992694  0.26630741014357195
  0.27540584838489113  0.28540503311084447  0.29684338289988904  0.30734744286345805
  0.31764459895663028  0.32654544605180369  0.33534507372481748  0.34338146981671452
  0.35135197513683608  0.36032716999815284  0.36899287766758515  0.37701433475245616
  0.38896413918825562  0.40100583224105285  0.41341305053565153  0.42681567846492369
  0.44056633498291309  0.45290347263906672  0.46487307572190273  0.47854573767778730
  0.49197588816478099  0.50960153017506271  0.52840186387963561  0.54640793631949069
  0.55874913341296206  0.56998228471066981  0.58009703290517656  0.58960913400417014
  0.59942024225331025  0.61000374955784054  0.62165708503361650  0.63523784948196760
  0.64742594367673267  0.65777677323378725  0.66713238572884392  0.67518857407774946
  0.68236851671306198  0.68893981157796935  0.69539893885352788  0.70199500427342831
  0.70931654961025858  0.71795993686993098  0.72682124792754055  0.73728148043961828
  0.74886775221593016  0.75966052631132408  0.76839890391766108  0.77712039799986388
  0.78507427989433964  0.79301966733793749  0.80466341925359819  0.81609189715678421
  0.82744243537263917  0.83807032582466912  0.84820216718636876  0.85705980115943059
  0.86541387705363848  0.87539254154671464  0.88886577275627654  0.90220605092597983
  0.91321652025050237  0.92332900844761701  0.93434835103241520  0.94737775221587883
  0.96084171182395395  0.97296433552800532  0.98589957767207648  1.00000000000000000
 -0.00176338443245623  0.00623212605046310  0.01358653366562218  0.02113750976212292
  0.02823757536631506  0.03434142839702479  0.03992392280841200  0.04560201656839044
  0.05172255412945345  0.05824210213797919  0.06555440909113312  0.07254210014574521
  0.07974059570411446  0.08722042372047975  0.09502459208518599  0.10328516394817810
  0.11126837355342656  0.11958936702774121  0.12729214287092791  0.13434495485702272
  0.14178185352957945  0.15076240656247139  0.15843892596265785  0.16632550527555448
  0.17381779283631912  0.18162926726174583  0.19039446755533529  0.20009650175812188
  0.20842882151810457  0.21556220919925601  0.22219617262027730  0.22808504409296873
  0.23315291924518261  0.23914744229479970  0.24486370638518212  0.25015367794258092
  0.25640462499632849  0.26552745050413101  0.27545540539313634  0.28547050967456411
  0.29388537029427342  0.30069355317252527  0.30790289216048444  0.31387649905874154
  0.31919754888841273  0.32463464839371980  0.33152963498947424  0.33789384599805855
  0.34409700029600299  0.35071162078444151  0.35716867311947664  0.36345487884858213
  0.36953002815891384  0.37923135957012527  0.39356556614211208  0.40321970365596749
  0.41231158636077853  0.42100584353229870  0.42960153724346173  0.43833760878306349
  0.44644182534546134  0.45451977201317506  0.46315237325695280  0.47378981450999152
  0.48781450798248921  0.50147304161328343  0.51288871976658346  0.52695774260429351
  0.54135503793872997  0.55522832658231069  0.56835766714608082  0.58092864338211958
  0.59309317820462348  0.60499925408809552  0.61791223248943639  0.63208312626049312
  0.64782092875730890  0.66341223725654319  0.67594503790922389  0.68722793214196387
  0.69760612486616591  0.70941786379662697  0.72125390262312838  0.73608325464451185
  0.75338679645448581  0.77031723669265573  0.78550607786143778  0.80076134038675673
  0.81805771154597073  0.83800640927389902  0.86075043553937414  0.88689670659885411
  0.91542371608033346  0.94176650911972593  0.96746865979561336  1.00000000000000000
 -0.00434993465247772  0.01875180486604554  0.03157744473526127  0.04383085054528513
  0.05624521994642911  0.07017962346516382  0.08294633848160682  0.09524510836054299
  0.10566434249012197  0.11529463429081703  0.12535042462245019  0.13533147768830289
  0.14445160593674347  0.15289662731844170  0.16162525660493465  0.17079580698379948
  0.18058115779377179  0.19237628625436498  0.20600071712114895  0.21779884966522595
  0.22969410925209605  0.24108971354686695  0.25267748841836929  0.26378041165780419
  0.27541298250851681  0.28759872716364299  0.29816162678551661  0.30758264308849942
  0.31731710655702539  0.32806136614214865  0.33857050471513273  0.34827181903908871
  0.35805951813711695  0.36737239750834660  0.37608032749252990  0.38272233351504581
  0.38887228941857943  0.39493361730849030  0.40351299919356126  0.41326861407703308
  0.42636560966084697  0.43845117892085800  0.45029765037957392  0.46267202296364518
  0.47591156395630374  0.49032361724520696  0.50602541260780476  0.52068308928154905
  0.53463008646557375  0.54561392313457380  0.55500105813928291  0.56500095360973113
  0.57344368382506905  0.58115071442156363  0.58740844068508924  0.59357861537182077
  0.60109603260614008  0.60800247819018494  0.61414332250111592  0.62037946021704449
  0.62751154666919218  0.63619715513075703  0.64313485629438127  0.65250124812656207
  0.66281142185548902  0.67216410114964520  0.68140848280250110  0.69110122793966733
  0.70102748104124335  0.71140124773517666  0.72122151527443246  0.73077573128301865
  0.74016498254869523  0.74916776890432335  0.75841894810292065  0.76802602100734652
  0.77632858842144259  0.78704548125259666  0.79683423145542975  0.80784049211231712
  0.81844274360241109  0.82750069362492740  0.83695710938634449  0.84644669913307136
  0.85589583641089928  0.86729379526435324  0.87973708746334967  0.88881842735452854
  0.89953070757575493  0.91030796395758051  0.92168751543146299  0.93444968978194376
  0.95039392118095933  0.96847489688428723  0.98475867304439368  1.00000000000000000
 -0.00472181558638718  0.01436244619507919  0.02901243292946241  0.04062057854418684
  0.04912078651242857  0.05541251925319622  0.06310636021306415  0.07192796714687442
  0.08262023493115853  0.09399030464902652  0.10978448346266090  0.12322764901397383
  0.13415555906677404  0.14397717914714875  0.15213208376324056  0.16120708588868260
  0.17083279064792140  0.17906326032148040  0.18829659914571822  0.19741850315068721
  0.20717159933151930  0.21800359019268797  0.23037867572961621  0.24312267678067603
  0.25400460284016257  0.26325093783996756  0.27178950931912982  0.27942180791205529
  0.28906867164410555  0.30065677761477805  0.31247883949606869  0.32248755401361873
  0.33200091098862905  0.34082445868926348  0.34998561585618365  0.35949471023269880
  0.36789604424616457  0.37674197036513324  0.38685314368254037  0.40011522268663802
  0.41619020847210958  0.43179038995839308  0.44493151052447183  0.45591714497845182
  0.46541614909342061  0.47402036260254482  0.48322018764217989  0.49366431630212393
  0.50296827474977512  0.51331680941947011  0.52514655913082642  0.54145631731404931
  0.55429096023839997  0.56641022190451362  0.57777974688947775  0.59038326565882182
  0.60144533072933259  0.61009801837145428  0.61752008397049496  0.62518004560275064
  0.63218129740161044  0.64023064812827579  0.65126376504913208  0.66528480750987806
  0.67961476780747476  0.69311005967100348  0.70492436859177254  0.71574014248462114
  0.72518994914451285  0.73583262246229930  0.74773833495830444  0.76007943174931281
  0.77108516455756715  0.78400593445877342  0.79690924640569571  0.80744165086503616
  0.81750730892565782  0.82578674609412472  0.83525559120544102  0.84422165619231304
  0.85377590008490956  0.86528513232540694  0.87949508861975600  0.89409525199463491
  0.90739259673655726  0.91977820141057143  0.93062246292060868  0.94026016384560385
  0.94787243460809301  0.95830477000268544  0.96630473078087264  0.97466239160675217
  0.98190143826996357  0.98865586279410778  0.99473789338155161  1.00000000000000000
  0.01596746351114523  0.46076029217282283  0.57699639311590345  0.65521392224431529
  0.70217062400590102  0.73005791543802512  0.75655472040851013  0.78242109327116627
  0.80168435551022987  0.81789553616548571  0.83296022292611394  0.84723725125321647
  0.85883998015984464  0.86840906090871228  0.87729878088262547  0.88422825156908857
  0.89077630022855525  0.89609655220689954  0.90016017154487782  0.90383985628772545
  0.90768186785367844  0.91142047923649239  0.91503629592020974  0.91864238668251230
  0.92220762434925940  0.92569380276949786  0.92875331815044970  0.93133184583947282
  0.93340034971574670  0.93554595475796187  0.93760176671541595  0.93952731393382116
  0.94145566136123049  0.94329313614002819  0.94496373735950279  0.94653821611064248
  0.94796726930006947  0.94929587379801128  0.95064957049825338  0.95214568463644200
  0.95358832218939404  0.95512407998316606  0.95660699264283933  0.95805513968904910
  0.95931868608425463  0.96046932943997410  0.96156939003682895  0.96266568434504585
  0.96378538299107253  0.96487695343123303  0.96586953532193187  0.96690984720409157
  0.96786823929803134  0.96876175947170340  0.96965996819199995  0.97060101218532380
  0.97158995046430729  0.97254712195467308  0.97348210891961062  0.97438952366468012
  0.97525013869155641  0.97599479430483249  0.97671569234863953  0.97742088202440458
  0.97809229478139270  0.97881345391045449  0.97961388743512157  0.98024738979799442
  0.98085179985137849  0.98145019353341734  0.98203919836044606  0.98264902512495178
  0.98315936034558127  0.98362348041663505  0.98406849141702479  0.98455405666375406
  0.98506523066720242  0.98563528506144771  0.98618818476863490  0.98675306871817192
  0.98734687115286057  0.98795677629348988  0.98859022223182125  0.98920591488986309
  0.98978156613197277  0.99034937655119382  0.99091894967083738  0.99149065127144875
  0.99210148550947719  0.99269585343488120  0.99329610174405503  0.99399638588893280
  0.99479590292789843  0.99582593544507036  0.99736341717600052  1.00000000000000000
   6.2857214397058914E-017  -1.0000000000000000     
 F F F F F F F F F F F F F F F F F F F F F F F F F F F F F F F F
  <DiscreteSampler_grid>
  grouped_processes
  1 # 1 for a reference and 2 for a running grid.
  10 # Attribute 'min_bin_probing_points' of the grid.
  1 # Attribute 'grid_mode' of the grid. 1=='default',2=='initialization'
  0.0000000000000000 # Attribute 'small_contrib_threshold' of the grid.
  0.5000000000000000 # Attribute 'damping_power' of the grid.
 # binID   n_entries weight   weight_sqr   abs_weight
    10   10   4.867616261964956E-010   2.240895188627109E-018   4.867616261964956E-010
  </DiscreteSampler_grid>
