  0.00615951108735187  0.00685620484437245  0.00739665672371271  0.00790799521760258
  0.00836478449302236  0.00879621226738587  0.00925452527856191  0.00971906240917087
  0.01023750381447350  0.01080892558604258  0.01142576593913255  0.01205418116726324
  0.01254304935409225  0.01305999044869599  0.01360440469275849  0.01412718144875966
  0.01466199711067617  0.01521070051192828  0.01576234049605298  0.01634409492777980
  0.01706923479567385  0.01772965287190781  0.01840318806971953  0.01905835674869327
  0.01965116612899311  0.02015433766087668  0.02075312262142426  0.02130083422077264
  0.02182217689777722  0.02231718737211475  0.02284231198393564  0.02342750398986983
  0.02408840906558671  0.02477560467407347  0.02547344683597882  0.02622794239229628
  0.02692327049823149  0.02754601994682604  0.02828773860861691  0.02908525001073914
  0.02968305779213976  0.03029297040404131  0.03101294688796106  0.03169938409034646
  0.03229479869656862  0.03287985793506924  0.03351311986836621  0.03431035085707143
  0.03525224393736099  0.03627121579439652  0.03707570857864168  0.03754963019638975
  0.03820349087491887  0.03885568286622646  0.03941569555562156  0.03999672485437320
  0.04067760425681390  0.04140390330543511  0.04205154798447003  0.04261705743837117
  0.04316448429238928  0.04383393614692043  0.04479893405126997  0.04609857339272011
  0.04731014510614236  0.04874262828790953  0.05023617523342319  0.05186711817781899
  0.05354987156805624  0.05524055196237060  0.05687887549395215  0.05915423215286686
  0.06179398561174652  0.06475129074731255  0.06771105563854443  0.07056876673999189
  0.07344446762220484  0.07651105793439875  0.08020759294130302  0.08402234491503140
  0.08683559905220799  0.09038563288156445  0.09422887317294364  0.09788064747725575
  0.10148602003507122  0.10780443374788133  0.11270599907489449  0.11792299418475043
  0.12212846775604326  0.12639356940108817  0.13254106375756244  0.14149642869712142
  0.15247316401799521  0.18370298001638313  0.26483776917826851  1.00000000000000000
  0.00560726898700151  0.01449338477110446  0.01968012705481699  0.02434032619164987
  0.02898609599849933  0.03331887711094060  0.03756909412112868  0.04148903739927338
  0.04594695316803656  0.05114900270249540  0.05547414113310888  0.05916816217679761
  0.06289324905898835  0.06683558368254736  0.07102624799720531  0.07559698380054330
  0.08006628986354061  0.08455981185877814  0.08884642792297831  0.09257001825993742
  0.09603482863565446  0.09970485680381544  0.10331234793751955  0.10691373535988545
  0.11119129916909276  0.11517125162584108  0.11908273453331779  0.12215806974624076
  0.12464236415961091  0.12711510212053340  0.12972750553033127  0.13225531239796307
  0.13487047183060941  0.13770228374520865  0.14035265106110770  0.14337910800702974
  0.14768555339040174  0.15241633032469784  0.15616846205406290  0.15960769795369267
  0.16320490231404797  0.16687871840548998  0.17073820775859019  0.17465146532128478
  0.17853423483472791  0.18282348119773689  0.18739427900365704  0.19264320998653214
  0.19803396204802154  0.20308007376995307  0.20759169971580291  0.21184811569018286
  0.21652048833987383  0.22194344668820112  0.22735949122472460  0.23211456512664680
  0.23612375420118742  0.23940745366366364  0.24230787150823005  0.24538439478073037
  0.24906633681509366  0.25294801187034061  0.25690146629721849  0.26164392015541549
  0.26581003746184978  0.27126097110080361  0.27688420512671658  0.28327172023276292
  0.29020458862183363  0.29436388597228441  0.29857573626185557  0.30274601174532800
  0.30694342525869439  0.31154932324725654  0.31667559595404937  0.32250177987270201
  0.32798152731698693  0.33259267088884842  0.33695268248632271  0.34125077696030509
  0.34639558266109183  0.35360917962452298  0.36311306158211920  0.37338800098407249
  0.38350807312009716  0.39305764159522988  0.40234304203554383  0.41276640487225658
  0.42247815257346127  0.44052250746347821  0.50265231444357361  0.56432463793448540
  0.62520357779935187  0.70558520893537713  0.80398598234620344  1.00000000000000000
  0.00000274418716985  0.00000363270409722  0.00000432821084958  0.00000499293181434
  0.00000570030312010  0.00000650144218805  0.00000751931399680  0.00000861857313006
  0.00000997087529991  0.00001140920043680  0.00001306577861132  0.00001510616546890
  0.00001731303073744  0.00002014972295302  0.00002348315112816  0.00002723199180394
  0.00003095608550104  0.00003476088215833  0.00003881804071825  0.00004328233136429
  0.00004830116278686  0.00005364287181194  0.00005842890128713  0.00006314080700046
  0.00006762536446065  0.00007227152455917  0.00007765559645734  0.00008347084162889
  0.00008864309939069  0.00009304140793619  0.00009725162116800  0.00010285021644218
  0.00010980570886874  0.00011843876263665  0.00012809943602582  0.00013840416962463
  0.00014901213345197  0.00015884711763735  0.00016830336174526  0.00017689672750152
  0.00018680292808137  0.00019778467279372  0.00020941231793305  0.00022176691047620
  0.00023571202715123  0.00025119883810292  0.00027205163032107  0.00029329632499938
  0.00031088006831010  0.00032643100035198  0.00034170810463525  0.00035784048810348
  0.00037476960766261  0.00039380507384662  0.00041463294910741  0.00043499482244081
  0.00047401389794569  0.00052026074035127  0.00056922762251441  0.00062014416751576
  0.00067297858389504  0.00072849428655627  0.00078702456008813  0.00085601389474224
  0.00093701951548065  0.00102641818212947  0.00112101936283088  0.00122700266859150
  0.00134623209214091  0.00147770220737984  0.00169869537289975  0.00195687273495179
  0.00220826920681609  0.00243425210062702  0.00271631959703813  0.00308339613793771
  0.00355848223736868  0.00417447587914941  0.00487863498942794  0.00567715620884673
  0.00665798450340693  0.00802322575303921  0.00985375495669103  0.01151522474896138
  0.01313617862359910  0.01485657921532717  0.01668543458665241  0.01881210518968720
  0.02224615811504167  0.02852434111039089  0.03587466272140678  0.04448708561925079
  0.06322961650691721  0.09310852368374027  0.68730077960376978  1.00000000000000000
 -0.00218183725649841  0.00556300067711433  0.01321798818990720  0.02046824444584541
  0.02748816398034004  0.03502553608402013  0.04325382902292486  0.05324864452571020
  0.06665752145292041  0.08149323148143331  0.09579618876871553  0.10868455911512892
  0.12037106828172618  0.13188838940615172  0.14458722666588242  0.15846917183721729
  0.17275522563610635  0.18640241321488479  0.19939898210192561  0.21145868216968750
  0.22346830911626353  0.23443101529851929  0.24426442515269434  0.25371097426886313
  0.26241219166629626  0.27245480324161969  0.28194923423975099  0.29016019002652887
  0.29778086257842801  0.30567454202285949  0.31474358821863091  0.32780977817317647
  0.34197681205365016  0.35499118618006664  0.36646707124384992  0.37765075513236546
  0.38993042086926127  0.40265222396674344  0.41606142251637246  0.42937065672168662
  0.44210186587691858  0.45415783614037625  0.46523939357723104  0.47679334081111524
  0.48985594240571367  0.50363632840873263  0.51677031135578155  0.52507484717343489
  0.53299352411594503  0.54084727357779505  0.54779111384463519  0.55565227027139141
  0.56509360521930940  0.57547652016200401  0.58604723134216863  0.59594809885544187
  0.60670988858527897  0.61894148915245495  0.63147545917043846  0.64215318452816905
  0.65015807413331317  0.65678220254893793  0.66398119138344391  0.67155792925446955
  0.67844078937278074  0.68510721120976403  0.69237599075167344  0.70131611008063111
  0.71089271948061705  0.72401574500409804  0.73735306244470133  0.74942304696510298
  0.75997319201495039  0.76947853911083575  0.77777254688190223  0.78614341234068053
  0.79343750521833067  0.80103122834751050  0.81110045698009681  0.82248282783949156
  0.83407233286596250  0.84459641177369271  0.85489547707273850  0.86473124145803471
  0.87488383306963491  0.88471635663048465  0.89377140367607610  0.90313119803490716
  0.91417123897906771  0.92545606551703763  0.93632400963413331  0.94769711541088753
  0.96089517316754069  0.97466249970393826  0.98788075003945974  1.00000000000000000
 -0.00206107785932931  0.00781412314899993  0.01703097849261498  0.02830985909501916
  0.04000460417023999  0.05174744109115181  0.06321595573228048  0.07574554494468382
  0.08784654068643687  0.10085565361899514  0.11361910687852377  0.12568512993277120
  0.13689864562153323  0.14829143022097865  0.15942643055279593  0.16992996387922402
  0.18110252091346299  0.19204859128961160  0.20202810122525852  0.21172290300439781
  0.22076884433536434  0.23111772921679755  0.24294297636121931  0.25454886009419248
  0.26317869251367293  0.27266935359677563  0.28104126361265969  0.28948789693310512
  0.29872626956127396  0.30872716156955715  0.32031814053912161  0.33338633683833674
  0.34738812198075547  0.36243339558376314  0.37904871772318699  0.39411354534694687
  0.40655552817790436  0.41904837191103506  0.43246087079486534  0.44268535153405414
  0.45335699713045596  0.46274975762779147  0.47176979165323069  0.48065151237846604
  0.48942928314976503  0.49667741051132119  0.50604640697643843  0.51751141351687202
  0.53089025941794410  0.54402245416757045  0.55573417007528525  0.56600173721828417
  0.57694771178735405  0.58834269918303395  0.59994415505897114  0.61150378534850236
  0.62285201870019680  0.63472371095708024  0.64854916999189183  0.66146011726633902
  0.67225094462088153  0.68166803002388054  0.69036265806821662  0.69972334088755006
  0.70994937057511709  0.72057480818790143  0.73170126725840567  0.74364246428945435
  0.75566441722232924  0.76706923828957274  0.77906907236235157  0.79016009694148059
  0.79875638058880882  0.80636491391762155  0.81388810046926163  0.82106916860428814
  0.82859681600019730  0.83568302229773261  0.84276153578012214  0.84991607015708914
  0.85799491856093857  0.86668885899356252  0.87681105178301744  0.88754081768019299
  0.89825106007427369  0.90758436728245218  0.91765284223562327  0.92843292164649693
  0.93983473300191900  0.95227584898284201  0.96301068020999170  0.97121958726863422
  0.97886099789487124  0.98585525822384901  0.99276822781151608  1.00000000000000000
 -0.00117412560887802  0.00403481059861499  0.00824832177147292  0.01257924687169477
  0.01667631473595357  0.02083604214563519  0.02547515738149903  0.03082448455050663
  0.03611344927216222  0.04289636104452970  0.05367918138840543  0.06580987398215869
  0.07462247250915351  0.08237334817931978  0.08967383945073412  0.09647980431009724
  0.10305551007536469  0.11094512228501674  0.12048644934486702  0.13123316541546934
  0.14191782410205533  0.15117531125469880  0.15968790995776883  0.16792711646002603
  0.17674037609263371  0.18625655154787321  0.19613475682611720  0.20355174539094387
  0.21049055000152289  0.21689347036495213  0.22352327665027300  0.23074850099511601
  0.23832179617332128  0.24563864779698361  0.25256721664158910  0.25976029858146599
  0.26750858190142329  0.27749003604993716  0.28825596359613803  0.29816147022128336
  0.30797952956693897  0.31877770191071308  0.33094080023553790  0.34356943157250103
  0.35520221612255903  0.36471037648610105  0.37415156333820065  0.38433101042603535
  0.39441047940556623  0.40372041273782344  0.41251375191706330  0.42043709885224545
  0.42810689431790439  0.43575661666917148  0.44320783154762344  0.45126748119921301
  0.45990302471668887  0.46973914461745964  0.48005602833795580  0.49040512104229050
  0.50085288496679137  0.51212371565559212  0.52423957602682592  0.53809945724678909
  0.54993950424788318  0.56039546803549378  0.57055988409439773  0.58088548603962298
  0.59254471293312749  0.60248804815592116  0.61337866269857089  0.62605753210950832
  0.63841085518679752  0.65130035062070302  0.66472525675915795  0.67823090445773104
  0.69239187290887683  0.70637461432920290  0.72174835574471419  0.73495841831092457
  0.74466399534857153  0.75421559732481858  0.76429455774130584  0.77407457508188293
  0.78423654875025084  0.79705836498954741  0.81701514142352416  0.83572188853877671
  0.85390055638399243  0.87261970856182802  0.89211170126205153  0.91211613162312100
  0.93414987799424176  0.95591683550965567  0.97734339629737921  1.00000000000000000
 -0.00183775957471532  0.00909304607450927  0.01896706893487424  0.02871757382079106
  0.03895113846526052  0.05034848466336388  0.06091504098972447  0.07268668173814750
  0.08553937153481952  0.09844149415904331  0.11209716895667271  0.12436557792512271
  0.13474429850002789  0.14372379724846707  0.15198199454081218  0.16033194107195381
  0.16934470912856622  0.17868478518547024  0.18841953487131449  0.19921553662727545
  0.20730206380264710  0.21828549322733190  0.22880030658157546  0.24183400858110499
  0.25695796524753789  0.27228386521808029  0.28557275029236578  0.29507433216139456
  0.30220407262410409  0.31101760996024763  0.31963070474709987  0.32654095018118656
  0.33321883629828541  0.33994274309232708  0.34643729019780584  0.35606609550121515
  0.37057768574232186  0.38608667783819600  0.39943134353445719  0.41138785504833236
  0.42337729681575692  0.43537180963713623  0.44633571745241707  0.45442759813709049
  0.46223470232557823  0.46976274456909212  0.47771139181001787  0.48766798336848344
  0.49883833375798292  0.51116425121902298  0.52288772328711786  0.53359069242429413
  0.54380854935502776  0.55486309633412578  0.56644848720879792  0.57971926782377892
  0.59406212121458735  0.60900398366080299  0.62259976439344389  0.63253382649954160
  0.64065054119096743  0.64967551576137361  0.65909512522358804  0.66808591646004478
  0.67716170708881662  0.68699328591805930  0.69673551069655415  0.70511894129811370
  0.71517685344338577  0.72556988811119127  0.73644910184362722  0.75172992828066576
  0.76691462743927619  0.78215330312875908  0.79494068583141131  0.80505999678777196
  0.81415007911780346  0.82240846199125683  0.83044296868695255  0.83877890799054711
  0.84679468965980820  0.85599824759525134  0.86783521838211541  0.88073213602450295
  0.89251426675400125  0.90595371928222745  0.91865252077907522  0.93100567557157687
  0.94155194082642280  0.94977327062132721  0.95762696333747410  0.96594421315805268
  0.97432753867181698  0.98258410039665478  0.99079105759049857  1.00000000000000000
 -0.00272898675823137  0.01270699269082714  0.02357914581528630  0.03433099779080504
  0.04527555473749782  0.05492782971838384  0.06370663285780614  0.07144940695975749
  0.07910732108962616  0.08699979754310962  0.09436893835498071  0.10152266669968103
  0.10999152135186586  0.11996879736754394  0.13059009314115036  0.14117761641998661
  0.15180591464836399  0.16230541321893160  0.17259564426273794  0.18337489156722062
  0.19160117212641897  0.19863052330425573  0.20575346723914009  0.21347475429582771
  0.22072681059842891  0.22767120153319739  0.23465784788796476  0.24195712245740084
  0.25022581929534610  0.26383342783764602  0.27808282521854177  0.29084121178010852
  0.30235676325825106  0.31371916183955717  0.32561103495155297  0.33685124810316330
  0.34758691898797139  0.35876184876759887  0.37083244995609743  0.38247267836239424
  0.39376006942698044  0.40549062094758792  0.41737564703861035  0.43044422712481389
  0.44400581957511853  0.45742356097713838  0.47172166582583464  0.48414151834958358
  0.49614415642591442  0.50850911513784924  0.52187269453210616  0.53530869968556183
  0.54723567087518266  0.55992087783138889  0.56930399161720235  0.57801692061908039
  0.58776150381160208  0.60023486852955421  0.61452233056631844  0.63113141172925979
  0.64781440743011698  0.66305777123626652  0.67647247515271292  0.68878762455441245
  0.70309120792370317  0.71751741620683962  0.73282257117125960  0.74528605695140093
  0.75773408066533898  0.77040843225802602  0.77803776193255736  0.78496001528446013
  0.79408509777707914  0.80230791856655437  0.81071467321407420  0.81848857586874291
  0.82615157911585579  0.83498117648165060  0.84586484554112829  0.85724532957387323
  0.86640429793002272  0.87483311948566189  0.88227287839954915  0.88970913735488211
  0.89718769170653745  0.90471150693707181  0.91136230835210574  0.91950681798950284
  0.93202667530173766  0.94279493863895392  0.94976220846783532  0.95888442344202385
  0.96937292222192817  0.97977914863219495  0.98967948091424884  1.00000000000000000
  0.01702870802940699  0.50444424744549510  0.62456767616937725  0.69795829843473334
  0.74764165575617736  0.78198548096000065  0.81188434619117889  0.83537590556931407
  0.85420570792913941  0.86822839427424114  0.87970469784514083  0.89029356508783919
  0.89936991988125425  0.90739249573176073  0.91466403487008996  0.92038512699633257
  0.92498085549759568  0.92916563627316118  0.93331017226975599  0.93712722094728285
  0.94021109126335134  0.94284364844427049  0.94537986873522151  0.94776002332871123
  0.95001560317001355  0.95206790079803971  0.95402996431701070  0.95591312455935684
  0.95767046412815671  0.95908400691272044  0.96020632601254652  0.96150035124508870
  0.96281486155625018  0.96413758417074269  0.96530496854316894  0.96635100240382865
  0.96735153095954041  0.96833004902722530  0.96932689093581015  0.97036625502351725
  0.97133967022337098  0.97226572914061948  0.97314750794253324  0.97399337759287674
  0.97479561435962747  0.97552881610098319  0.97619267090618500  0.97690267677899467
  0.97760931875446688  0.97832326739474418  0.97901381886590322  0.97965452967966304
  0.98023641663477390  0.98080307532295186  0.98131833097438537  0.98179213540529053
  0.98223420460965571  0.98266635758237098  0.98309864476879116  0.98352196636123679
  0.98392507364302828  0.98432147018272820  0.98473686226301826  0.98518747734973433
  0.98565128431495508  0.98609159108919253  0.98651140196756448  0.98693446419163067
  0.98732681153541668  0.98772979089255220  0.98814606121069704  0.98853405727391785
  0.98893742321631128  0.98927872982199294  0.98960010145753352  0.98992023514668048
  0.99022792558736861  0.99055135146854345  0.99088013849098577  0.99121203484481735
  0.99157083640617671  0.99195205838980660  0.99234203806749810  0.99273097944952171
  0.99313394719636694  0.99351838168197382  0.99389729595118215  0.99431904455004672
  0.99475924974098240  0.99522584605224151  0.99572699178673463  0.99625958953350302
  0.99686390606554187  0.99756564721379792  0.99854217522425659  1.00000000000000000
   9.1261210722393389E-011  -1.0000000000000000     
 F F F F F F F F F F F F F F F F F F F F F F F F F F F F F F F F
  <DiscreteSampler_grid>
  grouped_processes
  1 # 1 for a reference and 2 for a running grid.
  10 # Attribute 'min_bin_probing_points' of the grid.
  1 # Attribute 'grid_mode' of the grid. 1=='default',2=='initialization'
  0.0000000000000000 # Attribute 'small_contrib_threshold' of the grid.
  0.5000000000000000 # Attribute 'damping_power' of the grid.
 # binID   n_entries weight   weight_sqr   abs_weight
    10   10   7.863820767118579E-005   2.642814655436486E-008   7.863820767118579E-005
  </DiscreteSampler_grid>
