  0.00214074430946323  0.00217502092316928  0.00219807963420379  0.00221316159522320
  0.00222679484458084  0.00223949538729101  0.00225101605205454  0.00226244006246516
  0.00227378412935363  0.00228739182068503  0.00230181201196661  0.00231717187935501
  0.00233332903902496  0.00234984855668338  0.00236681640614343  0.00238461563618645
  0.00240415700884355  0.00243283925550374  0.00246725241362347  0.00250381582598478
  0.00253863009539759  0.00257413839206649  0.00261029363276386  0.00265337531645652
  0.00269756754388120  0.00274359795370922  0.00279026825508828  0.00283799946999494
  0.00289535759481879  0.00295795900369739  0.00302075053173340  0.00308174880407805
  0.00313970663522051  0.00319232420173631  0.00324478754440668  0.00329870705325243
  0.00335533931561714  0.00342456304300827  0.00350327546128671  0.00359138060904625
  0.00369176242104750  0.00381129506291668  0.00393162949389694  0.00404617944515989
  0.00415730568570407  0.00426575382843205  0.00439837058089293  0.00454334712941777
  0.00470549531165175  0.00486232591510805  0.00501978096098154  0.00518724674272994
  0.00537213809610814  0.00558969814298078  0.00582915008109993  0.00607373002548666
  0.00633308738947002  0.00660237934902303  0.00688684091391384  0.00719147379709704
  0.00754856030872764  0.00798555504925571  0.00855078510904944  0.00920426130025020
  0.00978736358818491  0.01033342021313717  0.01087870507929011  0.01140883210792327
  0.01189585758896093  0.01241928996876445  0.01310292738869703  0.01389561948549932
  0.01479054206020011  0.01577310020806488  0.01689604282455991  0.01846687542021593
  0.01988587276866158  0.02144876060467204  0.02338351439382047  0.02542853232736658
  0.02762906148638975  0.03015606771652956  0.03332548214504807  0.03724108516676738
  0.04089971208210100  0.04487290263344988  0.05009468161606796  0.05818285789908048
  0.06819321219019606  0.08046981642920475  0.09371648150613898  0.10926859449432448
  0.13324422024356086  0.18213578792741414  0.26184603705395765  1.00000000000000000
  0.00034331211650038  0.00042169846509336  0.00049314355393841  0.00057038612309862
  0.00065089649774483  0.00072527590870855  0.00080151500861396  0.00089001795846510
  0.00097283483517736  0.00105674059428905  0.00115503394897770  0.00126556782529246
  0.00139103592268199  0.00152029599132882  0.00165755312703904  0.00180360404271119
  0.00197989026689552  0.00220966219003571  0.00248966102273766  0.00280711450317249
  0.00314972464015377  0.00348327977081560  0.00384089789724393  0.00421753915095419
  0.00459822753351852  0.00499482007451951  0.00543137381900623  0.00588212037847084
  0.00633591780933159  0.00681795681318560  0.00735495499403071  0.00779778345468004
  0.00821380273758628  0.00866125212045177  0.00916862491641642  0.00972378654852145
  0.01042543059536366  0.01108526491207009  0.01171897844986537  0.01240170304784383
  0.01306924968718218  0.01369465307493227  0.01431102578597837  0.01487140198343100
  0.01561607659996874  0.01633660602543948  0.01709091371720399  0.01792872635446468
  0.01889387898893334  0.01991705931928839  0.02074554395611599  0.02141649294385898
  0.02203840776817026  0.02264174297622933  0.02330297197552040  0.02422528328172940
  0.02533520871000785  0.02648222169620705  0.02768621318190288  0.02895254475684608
  0.03033485550484621  0.03182570743444844  0.03354143736549101  0.03560108023226567
  0.03752876410604422  0.03979734418369989  0.04184551649220297  0.04372990318326331
  0.04582125723182352  0.04804851832066560  0.05146797454807237  0.05343359754173668
  0.05440851890060278  0.05533591899491792  0.05623659580745295  0.05726997457734601
  0.05843482490286957  0.05953570035850695  0.06060831434778050  0.06168269849138126
  0.06279764975313017  0.06399713643824120  0.06806229717181984  0.07483942992253415
  0.08274927167156315  0.09091705827964995  0.09822730766296336  0.10459423601150147
  0.11124571914005078  0.11848219674864660  0.12483396260167641  0.13322133047571449
  0.15219061299731779  0.19087321932525431  0.23320531870936878  1.00000000000000000
  0.00000211506294268  0.00001119196407952  0.00002886566299607  0.00006277957831832
  0.00010309705249520  0.00015639941909661  0.00020587832484948  0.00025759391174739
  0.00033054488151546  0.00042870476500188  0.00052621120667772  0.00062505979551256
  0.00072339174565033  0.00082424757629857  0.00094122245697419  0.00109327586164305
  0.00127204679634303  0.00144798898770903  0.00163543269035682  0.00185114824479160
  0.00208425819182870  0.00231679132766129  0.00255990352466170  0.00279382342489933
  0.00304029779961448  0.00329419716230153  0.00361084106446352  0.00393772015366381
  0.00425595180232750  0.00460925922187299  0.00499245743808112  0.00541310111948306
  0.00580189871322805  0.00615588651990536  0.00652578963354865  0.00692226561965557
  0.00725984055945577  0.00758666433552753  0.00789455743116195  0.00817280610871109
  0.00842487251250130  0.00871444276243997  0.00908112183837648  0.00949373288932118
  0.00990450932831981  0.01040656249611022  0.01111748836504657  0.01179419627173783
  0.01244335356488693  0.01306060708213808  0.01361444827666955  0.01418801874659831
  0.01477885726617229  0.01539692564227848  0.01620103462733170  0.01714364681466082
  0.01818253809952275  0.01914541617121352  0.01997773962533306  0.02079773834923643
  0.02159967523624339  0.02257904380167605  0.02338928068831329  0.02427731239077761
  0.02522777375883195  0.02613890187729576  0.02677667830313011  0.02736902887966179
  0.02793207601478169  0.02847847663073641  0.02909196376844863  0.02976193653901874
  0.03049443343134763  0.03138826973327742  0.03249411921771586  0.03441959256580764
  0.03658283766788217  0.03889012449981701  0.04112457405970601  0.04289934895594050
  0.04503157721850849  0.04739654336296288  0.05001695723643035  0.05289189851634930
  0.05571736122983621  0.05853274948918580  0.06165989681760017  0.06524226574371580
  0.06919097938149071  0.07369996171072289  0.07845887500268595  0.08659913132616053
  0.10062992381202178  0.12835852907468490  0.16075886129710140  1.00000000000000000
 -0.00256224860124209  0.01382558532124052  0.03197697024157639  0.05232580639185918
  0.07432785407157727  0.09347655368327076  0.10994168477056032  0.12537959644048621
  0.14051620539074311  0.15504482418167920  0.16819114590446310  0.18160324217001489
  0.19460238395141571  0.20864674416008994  0.22069073806194947  0.23227009894749687
  0.24671100196642998  0.26193983496091106  0.27522656550900226  0.28663451533838485
  0.29862366741033197  0.30982445691843302  0.31911915873209989  0.32841467888283227
  0.33857293223098278  0.34832134244620522  0.35780110638161661  0.36739877586821212
  0.37845700842910213  0.39118833602293024  0.40433127089802012  0.41729482922709971
  0.42964324672363990  0.44356931515672754  0.45692413424315570  0.47083495207705250
  0.48385629114709144  0.49834890787725616  0.51446365317924703  0.53004689101856217
  0.54568990576956156  0.55959754230420933  0.56980637624452168  0.57846960875068532
  0.58736937963707370  0.59710139928296568  0.60686151391645260  0.61772694934336458
  0.62934293746530745  0.64400725776697931  0.65601804235439609  0.66523497801856180
  0.67393351086639464  0.68208254043289573  0.68989532636516493  0.69786790821342148
  0.70643752981842778  0.71566129737837458  0.72463152568927436  0.73294629385752241
  0.74072795324754259  0.75009444771304423  0.75913373445395038  0.76724898888184911
  0.77569006777786331  0.78350130355509662  0.79178284367728091  0.80045936209902424
  0.80954928078454258  0.82003403586678847  0.83167247835542635  0.84342740570420516
  0.85454999237329732  0.86439238342416425  0.87433972746275934  0.88403181865116465
  0.89299144578551692  0.90064241972581027  0.90695186591268828  0.91384700553680165
  0.91928380737249338  0.92325418634155776  0.92668917171270837  0.93037513668679639
  0.93401199740604135  0.93764925366524998  0.94100097162516760  0.94708354480370516
  0.95372611291211828  0.96101780348505983  0.96778168261419428  0.97414013014694090
  0.98017440660460065  0.98589453601155475  0.99242915346195615  1.00000000000000000
 -0.00277275421871175  0.01332010937238708  0.02815290443797861  0.04302116313798589
  0.05422621098481169  0.06262082211091356  0.07265624614720000  0.08304673715788966
  0.09620307647211365  0.10976011620545643  0.12246795475192100  0.13552438711284254
  0.14867893282393280  0.16049486406359742  0.17277701441092566  0.18534130742796112
  0.19641541732584247  0.20797399207430475  0.21917684030865511  0.22996235956594818
  0.23801341763511921  0.24433012263184187  0.25087627778570126  0.25728640559200100
  0.26633838744890564  0.27830198761438968  0.28973421539038435  0.30027698683937670
  0.30980039302846923  0.31906366431221000  0.32965804677569799  0.33721928855599981
  0.34589782762229426  0.35464983151250845  0.36244384901969967  0.37001976016966542
  0.38002585143914086  0.39103318545066762  0.39958628278474900  0.41009844158029013
  0.42251026858220858  0.43740867813643608  0.45307910066386581  0.46733835418940362
  0.48152140628833490  0.49487651834970225  0.50723593310214654  0.51980094781414532
  0.53264246268304660  0.54512659531429042  0.55700829138901209  0.56755248547753789
  0.57598945286785352  0.58496121767789477  0.59355054183318734  0.60155041963902833
  0.61029162284027327  0.62023068470921727  0.63519616297770398  0.64777567916291123
  0.65867967795883164  0.66908597851833751  0.68008520806689654  0.69126840230429698
  0.70132142578621970  0.71139880867363003  0.72164529986291781  0.73299272040674002
  0.74512601689694735  0.75568564527161253  0.76606220871916275  0.77768511161415654
  0.79058523883134713  0.80400414436568979  0.81998084240255942  0.83450586330228216
  0.84611073096098921  0.85621166960474349  0.86613329774801062  0.87647916965797656
  0.88711278649458436  0.89678497929022138  0.90506083039925533  0.91316292311650615
  0.92112275456973924  0.92950278404905318  0.93763888861524969  0.94334382544295692
  0.94832744771227517  0.95308402358218725  0.95803208729606237  0.96294446078768636
  0.97203498478545913  0.98250909353633065  0.99194282245242238  1.00000000000000000
 -0.00312745258144462  0.01008021816993871  0.02043187015786915  0.03082317114125272
  0.04117742063349273  0.04915123209785078  0.05518782435311183  0.06128607533543372
  0.06743767393304628  0.07350101380241854  0.08085113642972636  0.09065379018521455
  0.10240124862173983  0.11429779230914913  0.12670123567622699  0.13780837096194987
  0.15175389470138767  0.16724837634672590  0.17820281695927129  0.18722997090559085
  0.19556342351159897  0.20524213275133149  0.21490877346092238  0.22407993410577207
  0.23420027662805276  0.24508419986376101  0.25387391135483095  0.26221051076599922
  0.27221605748425504  0.28375854387331340  0.29652629368847666  0.30938302465681283
  0.31974345701680457  0.32975223573846163  0.33905579867245139  0.34863658208835330
  0.36018363413553578  0.37208513274355792  0.38552422101931871  0.39761837267621897
  0.40592838492734584  0.41433003885533215  0.42305729597472813  0.43224379219632664
  0.44372425921178688  0.45779762540105523  0.47297885140224349  0.48653654947157687
  0.49933046768637740  0.51122641796674428  0.52201231795545810  0.53176941866886684
  0.54135603155852308  0.55074830269318042  0.56041417064178900  0.56937149075950921
  0.57776331857057917  0.59068700630649906  0.60430691347784316  0.61519206633518508
  0.62458843898970995  0.63340855055619982  0.64015169462643018  0.64686503958499664
  0.65344447359077351  0.65990321977767785  0.66930764495152073  0.68408638101566843
  0.69818833833697269  0.70971993373355735  0.72012253308824403  0.73104587629814188
  0.74423737812821589  0.75857173954365742  0.77180704592382432  0.78618173637427946
  0.79724118797798627  0.80595120726847835  0.81520506832378792  0.82624337350994104
  0.83698107536985811  0.84699078177844445  0.85700413932401343  0.86737971708762029
  0.87688981569470337  0.88545932719333587  0.89309855077365796  0.90108831811154066
  0.91112583862203789  0.92379442509329646  0.93689693747765124  0.95029117289705467
  0.96474378381659998  0.97698933546133704  0.98823977316107070  1.00000000000000000
  0.00187110760198436  0.00338124413574671  0.00631676144654273  0.00929593479465743
  0.01208014685649663  0.01460122318002913  0.01693125661647855  0.01917409317993139
  0.02145228377190975  0.02382609951246063  0.02608041933422892  0.02854769939467421
  0.03096545302890672  0.03320465756157333  0.03530526049400631  0.03735452970193218
  0.03926824052538061  0.04134504563697008  0.04353513851756745  0.04565689561903064
  0.04786120857306968  0.04999738193106995  0.05203078360678209  0.05399238651483371
  0.05595797230330218  0.05790595532980529  0.05985062198815266  0.06187576545242435
  0.06351054695511152  0.06468960005848920  0.06581032793831873  0.06692699527657865
  0.06835984339336741  0.06981046836279697  0.07120189231241449  0.07252153978611563
  0.07419016485541143  0.07600472783001098  0.07778394334566201  0.07942431703839384
  0.08132059451189297  0.08315350896693310  0.08500286018637118  0.08711285521524127
  0.08930890160616847  0.09172931998729189  0.09400943447079599  0.09644464007175141
  0.09903360045184739  0.10142916302140058  0.10459278973006843  0.10703434728490718
  0.10919880245718468  0.11138992192862353  0.11381636354175610  0.11634131424717453
  0.11916942381092693  0.12185349473262184  0.12424924919895373  0.12650234039982897
  0.12930859674919212  0.13168337238381078  0.13395369905806717  0.13630826871870824
  0.13880541345767908  0.14172627251077949  0.14471030433791102  0.14744236565592261
  0.15047515878150416  0.15385876502837129  0.15785759495738938  0.16226131257198376
  0.16586893069373718  0.16866223490898369  0.17219966123342903  0.17636490997643856
  0.18001693045915362  0.18307496559047648  0.18643246839815833  0.19298313201190495
  0.20064191945035281  0.20701513859408502  0.21346793787321067  0.22037876425369723
  0.22702262887858618  0.23503633247143846  0.24769865287324100  0.25675407131981176
  0.26644457645959579  0.27699345146351495  0.29457649860222535  0.32183783105346531
  0.37181542236961718  0.42086057064847615  0.76163111193163235  1.00000000000000000
 -0.00187746418495500  0.00782128575999986  0.01714552343958459  0.02597879462324214
  0.03498379755897848  0.04370360640899396  0.05291004421156142  0.06236993224836069
  0.07207481571574306  0.08305424464218771  0.09430718358324190  0.10412798641883293
  0.11316581458840992  0.12268638380191239  0.13389228792382193  0.14635305669241633
  0.15828556911270847  0.16971567673816701  0.18031744492601778  0.19072105103264259
  0.20041486709983214  0.21011084868898358  0.21922458874492257  0.22868666579489538
  0.23896226995286041  0.25041094552095267  0.26167152822455275  0.27420171538259869
  0.28870471384586188  0.30368816759133699  0.31833788551887510  0.33268491604408473
  0.34483926744814797  0.35695196305450450  0.36849247473183538  0.38075026991437994
  0.39270473624882435  0.40591493919642846  0.41973478097302153  0.43552427300073343
  0.45045605967160579  0.46471484392092544  0.47919797137041253  0.49377091706003523
  0.50665512227401444  0.51790932541182111  0.53170268839008528  0.54507396222255722
  0.55873688884750250  0.57133247015135769  0.58427646108920051  0.59716146484797372
  0.61102227518756191  0.62574703768989237  0.63501053042466082  0.64590473102612334
  0.65646478135465636  0.66890956273734470  0.68042272795876346  0.69107941968033648
  0.69872018156523064  0.70619787590889194  0.71352968772032044  0.72091687097815815
  0.72779578401679823  0.73745052546959899  0.74935611774553168  0.76236871719462584
  0.77385377264826538  0.78355042551658893  0.79379698164312529  0.80456137676234185
  0.81377958720473242  0.82167722644390218  0.82836374034123927  0.83540980328733638
  0.84539132159247132  0.85586561324205801  0.86548837623300856  0.87446613034404319
  0.88301076930540767  0.89045194828289753  0.89731605799403136  0.90497837947725424
  0.91193699880761125  0.91814366561429861  0.92535688630708790  0.93216495784094600
  0.94353399123318871  0.95403032350280170  0.96413763460706570  0.97212232815309885
  0.97926256063289185  0.98654757519610814  0.99335549201455775  1.00000000000000000
  0.00658516138362743  0.32376817591679569  0.42385565329241226  0.49177625667933628
  0.52531818405120834  0.55820726300824064  0.59178580857196816  0.61584248399424146
  0.63595649395151121  0.65665210486577164  0.67375210805975683  0.68737847474184344
  0.70205046187047959  0.71568938776258184  0.72798276918387306  0.74047378268325248
  0.75115315460613175  0.76020265435621337  0.76860692422823185  0.77586722728182789
  0.78253931527825338  0.78883887664188623  0.79495182942445863  0.80129512885802767
  0.80831224774776589  0.81493686715968028  0.82143466754589778  0.82723289256672305
  0.83381026742626851  0.84010487031341252  0.84615929886112673  0.85083681286624402
  0.85523608819614727  0.85961186253905641  0.86415305742685977  0.86854097883618953
  0.87296430605889697  0.87602209813134890  0.87894629300302729  0.88176379695080442
  0.88443120722151736  0.88690011301983129  0.88938557372741123  0.89179348425112026
  0.89399909842998526  0.89611432207407049  0.89817134827426504  0.90201153681253610
  0.90589794062635376  0.90902692455504541  0.91201345808411671  0.91463722004391812
  0.91690244816433231  0.91931998910933022  0.92149042854177732  0.92361181054170127
  0.92587639359483898  0.92835861518487706  0.93042221800299629  0.93272662776100446
  0.93499016956446501  0.93723850921600216  0.93954931587355672  0.94193696073357502
  0.94402195285075030  0.94603660983008131  0.94791786541253598  0.94969545653397824
  0.95158637800297285  0.95339297367527220  0.95512624973187987  0.95680428758389424
  0.95841687886542914  0.96008935888806857  0.96182662823958198  0.96348926516896227
  0.96517868901439741  0.96688408030585526  0.96860962741042922  0.97032708337753504
  0.97193425626677665  0.97336549151237606  0.97482894826916722  0.97634814655619806
  0.97793227943452965  0.97951876426087070  0.98071100686301116  0.98187141620681695
  0.98304023145631092  0.98423198136070600  0.98560188498503831  0.98703552576271869
  0.98857254466894529  0.99023433234140246  0.99337318285397946  1.00000000000000000
   1.3336012754669483E-016  -1.0000000000000000     
 F F F F F F F F F F F F F F F F F F F F F F F F F F F F F F F F
  <DiscreteSampler_grid>
  grouped_processes
  1 # 1 for a reference and 2 for a running grid.
  10 # Attribute 'min_bin_probing_points' of the grid.
  1 # Attribute 'grid_mode' of the grid. 1=='default',2=='initialization'
  0.0000000000000000 # Attribute 'small_contrib_threshold' of the grid.
  0.5000000000000000 # Attribute 'damping_power' of the grid.
 # binID   n_entries weight   weight_sqr   abs_weight
    10   10   1.504066565551568E-008   1.911835574961924E-015   1.504066565551568E-008
  </DiscreteSampler_grid>
