  0.00073547476511730  0.00076118832588692  0.00078690188665655  0.00081261544742617
  0.00083832900819580  0.00087450133327608  0.00091249725459584  0.00095049317591560
  0.00099873837531457  0.00109926877698797  0.00120066163989506  0.00130279438121292
  0.00141634415220991  0.00153546955572832  0.00165858589389050  0.00178266584880793
  0.00192887853953654  0.00208389008830561  0.00225861255365624  0.00243941464570681
  0.00293956287853289  0.00303535016109741  0.00313113744366193  0.00322692472622645
  0.00332271200879097  0.00342745547262151  0.00353917967134753  0.00365090387007355
  0.00376262806879958  0.00387435226752560  0.00399632533618129  0.00412663800657742
  0.00425695067697355  0.00438726334736968  0.00451757601776581  0.00459580645373612
  0.00462980171731492  0.00466379698089372  0.00469779224447252  0.00473178750805132
  0.00476578277163012  0.00479977803520892  0.00483377329878772  0.00486776856236652
  0.00490176382594532  0.00493575908952412  0.00496975435310292  0.00500374961668172
  0.00503774488026052  0.00507174014383932  0.00510573540741813  0.00513973067099693
  0.00517372593457573  0.00520772119815453  0.00524171646173333  0.00527571172531213
  0.00530970698889093  0.00534320796914870  0.00537362399047213  0.00540404001179556
  0.00543445603311899  0.00546487205444242  0.00549528807576585  0.00552570409708928
  0.00555612011841271  0.00558653613973615  0.00561695216105958  0.00564736818238301
  0.00567778420370644  0.00570820022502987  0.00573861624635330  0.00576903226767673
  0.00579944828900016  0.00582986431032359  0.00586028033164702  0.00589069635297045
  0.00592111237429388  0.00595152839561731  0.00598194441694074  0.00601236043826417
  0.00604277645958760  0.00607319248091103  0.00610360850223446  0.00613402452355789
  0.00616444054488132  0.00619485656620475  0.00622527258752818  0.01133166908197168
  0.02147965617322635  0.03000541259463146  0.03000541259464146  0.03000541259465146
  0.03000541259466146  0.03000541259467146  0.03000541259468146  1.00000000000000000
  0.00001563503336632  0.00002982630049070  0.00003114759880852  0.00003246889712634
  0.00003395713801435  0.00003568497556263  0.00003741281311091  0.00004494400727871
  0.00009101270194536  0.00011458698133299  0.00011562045353603  0.00011665392573908
  0.00011768739794212  0.00011872087014516  0.00011975434234820  0.00012078781455124
  0.00012182128675428  0.00012285475895733  0.00012388823116037  0.00012492170336341
  0.00012595517556645  0.00012698864776949  0.00012802211997253  0.00012905559217558
  0.00013008906437862  0.00013112253658166  0.00013215600878470  0.00013324833078952
  0.00013445375024291  0.00013565916969629  0.00013686458914968  0.00013807000860307
  0.00013927542805646  0.00014048084750985  0.00014168626696323  0.00014289168641662
  0.00014409710587001  0.00014530252532340  0.00014650794477679  0.00014771336423017
  0.00014891878368356  0.00015012420313695  0.00015132962259034  0.00015253504204373
  0.00015374046149711  0.00015494740064211  0.00015635337562076  0.00015775935059941
  0.00015916532557805  0.00016057130055670  0.00016197727553535  0.00016338325051400
  0.00016478922549265  0.00016619520047130  0.00016760117544995  0.00016900715042860
  0.00017041312540725  0.00017181910038590  0.00017322507536455  0.00017463105034320
  0.00017603702532185  0.00017744300030050  0.00017884897527915  0.00018025495025780
  0.00022184821017937  0.00024599556761417  0.00025546026978340  0.00026492497195263
  0.00027438967412186  0.00028385437629109  0.00029441108624090  0.00030545050857054
  0.00031648993090017  0.00032752935322981  0.00033926393885087  0.00035217365350977
  0.00036508336816867  0.00037799308282757  0.00040824662162087  0.00082388119262122
  0.00166665246147295  0.00225439029958738  0.00245940966740549  0.00268174353452210
  0.00290691306839002  0.00314768626657872  0.00361737384681632  0.00728754310765561
  0.01475941129718266  0.02796236017792166  0.02796236017793165  0.02796236017794165
  0.02796236017795165  0.02796236017796165  0.02796236017797165  1.00000000000000000
  0.00000257584589323  0.00033682088504340  0.00038236751987717  0.00042791415471093
  0.00047470703809774  0.00052189061706306  0.00056907419602838  0.00093207384468266
  0.00095761814569340  0.00098316244670414  0.00100870674771488  0.00103349247569707
  0.00105709534818084  0.00108069822066462  0.00110430109314839  0.00112790396563217
  0.00115150683811594  0.00117510971059971  0.00119871258308349  0.00154350806320211
  0.00227713707992335  0.00239756882448749  0.00252274874727837  0.00265308647360848
  0.00279335901514279  0.00334801019963969  0.00357804694019295  0.00379611602865557
  0.00402585117499812  0.00426851442445658  0.00502530246334427  0.00505021743486290
  0.00507513240638153  0.00510004737790015  0.00512496234941878  0.00514987732093741
  0.00517479229245603  0.00519970726397466  0.00522462223549329  0.00524953720701191
  0.00527445217853054  0.00529936715004917  0.00532428212156780  0.00534919709308642
  0.00537411206460505  0.00539902703612368  0.00542398289654083  0.00545094722186112
  0.00547791154718140  0.00550487587250169  0.00553184019782198  0.00555880452314227
  0.00558576884846256  0.00561273317378285  0.00563969749910314  0.00566666182442343
  0.00569362614974372  0.00572059047506401  0.00574755480038429  0.00577451912570458
  0.00580148345102487  0.00582844777634516  0.00585541210166545  0.00588343190761764
  0.00591261415410084  0.00594179640058403  0.00597097864706723  0.00600016089355043
  0.00602934314003362  0.00605852538651682  0.00608770763300001  0.00611688987948321
  0.00614607212596641  0.00617525437244960  0.00620443661893280  0.00623361886541600
  0.00626280111189919  0.00629198335838239  0.00632116560486558  0.00635034785134878
  0.00719471185312278  0.00763248578355372  0.00821031595830406  0.01225245599125777
  0.01828416650103737  0.02202228861244173  0.02202228861245173  0.02202228861246173
  0.02202228861247173  0.02202228861248173  0.02202228861249172  0.02202228861250172
  0.02202228861251172  0.02202228861252172  0.02202228861253172  1.00000000000000000
  0.00917386611302690  0.00958406092067269  0.00999425572831848  0.01040445053596426
  0.01081464534361005  0.01122484015125583  0.01163503495890162  0.01204522976654740
  0.01245542457419319  0.01286561938183898  0.01327581418948476  0.01368600899713055
  0.01409620380477634  0.01450639861242212  0.01491659342006791  0.01532678822771370
  0.01573698303535948  0.01614717784300527  0.01655737265065105  0.01696756745829684
  0.01737776226594263  0.01778795707358842  0.01819815188123420  0.01860834668887999
  0.01901854149652578  0.01942873630417156  0.01983893111181735  0.02024912591946313
  0.02065932072710892  0.02138341482856192  0.02233878137086199  0.02329414791316205
  0.02424951445546213  0.02520488099776219  0.02616024754006226  0.02711561408236233
  0.02807098062466239  0.02902634716696247  0.02998171370926253  0.03093708025156260
  0.03189244679386267  0.03284781333616274  0.03380317987846281  0.03475854642076287
  0.03571391296306294  0.03666927950536301  0.03762464604766307  0.03858001258996314
  0.03953537913226321  0.04049074567456327  0.04144611221686335  0.11003030300760797
  0.14929622920573155  0.15509488523012174  0.16089354125451194  0.16669219727890214
  0.17249085330329225  0.17828950932768239  0.18408816535207251  0.18988682137646265
  0.19568547740085276  0.20148413342524291  0.20728278944963305  0.23660755617732318
  0.24933922749707391  0.25403353113127025  0.25828786159999539  0.26254219206872054
  0.26679652253744568  0.27105085300617082  0.27530518347489602  0.27955951394362122
  0.28381384441234642  0.28806817488107156  0.29232464297770322  0.29659283992879232
  0.30086103687988142  0.30512923383097057  0.30939743078205967  0.33677360659736227
  0.42565664422973515  0.51453968186210786  0.55080316658679063  0.56395296857450439
  0.57710277056221815  0.59025257254993202  0.60340237453764589  0.68788364886114317
  0.75329934717043290  0.76425535395083455  0.77488306249498473  0.78501750344779764
  0.82223392473524481  0.83549714485804227  0.83549714485805227  1.00000000000000000
 -0.00267742152000635  0.00446156266418796  0.00892312532837593  0.01338468799256390
  0.01784625065675186  0.02249535217977239  0.02752438024036086  0.03255340830094933
  0.03758243636153780  0.05655859473723136  0.06335592232404232  0.06428119743555022
  0.06520647254705814  0.06613174765856605  0.06705702277007396  0.06798229788158187
  0.06890757299308978  0.06983284810459769  0.07075812321610560  0.07168339832761352
  0.07260867343912142  0.07353394855062934  0.07445922366213724  0.07538449877364516
  0.07630977388515306  0.07723504899666098  0.07816032410816888  0.07908559921967678
  0.08001087433118470  0.08093614944269260  0.08186142455420052  0.08278669966570842
  0.08371197477721634  0.08463724988872426  0.08556252500023218  0.08648780011174011
  0.08741307522324802  0.08833835033475594  0.08926362544626387  0.09018890055777179
  0.09111417566927971  0.09203945078078762  0.09296472589229554  0.09389000100380347
  0.09481527611531139  0.09574055122681931  0.09666582633832722  0.09759110144983514
  0.09851637656134307  0.09944165167285099  0.10036692678435891  0.10129220189586682
  0.10221747700737474  0.10314275211888266  0.10406802723039059  0.10499330234189849
  0.10591857745340641  0.10684385256491431  0.10776912767642223  0.10869440278793013
  0.10961967789943805  0.11054495301094595  0.11147022812245387  0.11239550323396177
  0.11332077834546969  0.11424605345697759  0.11517132856848551  0.11609660367999342
  0.11702187879150133  0.11794715390300924  0.11887242901451715  0.11979770412602506
  0.12072297923753297  0.12164825434904088  0.12257352946054878  0.12349880457205670
  0.12442407968356460  0.15492898330217841  0.23419666118389557  0.31346433906561261
  0.39273201694732968  0.47199969482904686  0.55126737271076398  0.63053505059248105
  0.70980272847419812  0.78907040635591530  0.83862679705234711  0.85061375785388271
  0.86260071865541821  0.87458767945695359  0.88510308151445105  0.89556606259929494
  0.90039864316497797  0.90484333435694375  0.90484333435695374  1.00000000000000000
  0.08889484008153281  0.09783066839573815  0.10796635273995761  0.12102618428033431
  0.12794921738082785  0.13218829014160460  0.13642736290238136  0.14066643566315812
  0.14490550842393488  0.14914458118471169  0.15338365394548847  0.15762272670626529
  0.16186179946704210  0.16610087222781891  0.17033994498859567  0.17457901774937243
  0.17881809051014919  0.18305716327092594  0.18729623603170270  0.23523495826984828
  0.24787952497441845  0.25475810447772163  0.26047490848238292  0.26619171248704421
  0.27190851649170550  0.27762532049636690  0.28334212450102825  0.28905892850568959
  0.29479871018301007  0.30055776445115251  0.30631681871929495  0.31207587298743733
  0.35911032674635318  0.36999139839585959  0.38087247004536595  0.39175354169487236
  0.40263461334437883  0.41351568499388536  0.47937744336793164  0.56765073081183171
  0.65592401825573199  0.74419730569963216  0.83247059314353222  0.83427293780744516
  0.83522181615716817  0.83617069450689119  0.83711957285661420  0.83806845120633722
  0.83901732955606023  0.83996620790578325  0.84091508625550615  0.84186396460522916
  0.84281284295495218  0.84376172130467519  0.84471059965439821  0.84565947800412122
  0.84660835635384424  0.84755723470356725  0.84850611305329027  0.84945499140301328
  0.85040386975273630  0.85135274810245931  0.85230162645218233  0.85325050480190523
  0.85419176640396099  0.85491973572371605  0.85564770504347110  0.85637567436322615
  0.85710364368298120  0.85783161300273625  0.85855958232249130  0.85928755164224635
  0.86001552096200140  0.86074349028175645  0.86147145960151150  0.86219942892126655
  0.86292739824102160  0.86365536756077665  0.86438333688053171  0.86511130620028676
  0.86583927552004192  0.86656724483979697  0.86729521415955202  0.86802318347930707
  0.86875115279906212  0.86947912211881717  0.87020709143857222  0.87093506075832727
  0.87166303007808232  0.87239099939783737  0.87311896871759243  0.87384693803734748
  0.87457490735710253  0.91172671255609905  0.93226915995279946  1.00000000000000000
 -0.00411836510197650  0.00388669909196313  0.00777339818392626  0.01166009727588938
  0.01554679636785251  0.01943349545981564  0.02124863595942519  0.02189770971060558
  0.02254678346178596  0.02319585721296633  0.02384493096414671  0.02449400471532709
  0.02514307846650747  0.02579215221768785  0.02644122596886823  0.02709029972004861
  0.02773937347122898  0.02838844722240936  0.02903752097358974  0.02968659472477012
  0.03033566847595050  0.03098474222713088  0.03163381597831125  0.03228288972949164
  0.03293196348067201  0.03358103723185239  0.03423011098303277  0.03487918473421316
  0.03552825848539353  0.03617733223657391  0.03682640598775429  0.03747547973893467
  0.03812455349011505  0.03877362724129543  0.03942270099247581  0.04007177474365619
  0.04072084849483656  0.04136992224601695  0.04173593496274482  0.04186354350644898
  0.04199115205015314  0.04211876059385730  0.04224636913756146  0.04237397768126563
  0.04250158622496979  0.04262919476867395  0.04275680331237811  0.04288441185608227
  0.04301202039978643  0.04313962894349059  0.04326723748719476  0.04339484603089892
  0.04352245457460308  0.04365006311830723  0.04377767166201140  0.04390528020571556
  0.04403288874941972  0.04416049729312388  0.04428810583682805  0.04441571438053220
  0.04454332292423636  0.04467093146794052  0.04479854001164468  0.04492614855534885
  0.04505375709905301  0.04518136564275717  0.04530897418646133  0.04543658273016549
  0.04556419127386965  0.04569179981757381  0.04581940836127798  0.04594701690498214
  0.04607462544868630  0.04620223399239046  0.04632984253609462  0.04645745107979878
  0.04658505962350294  0.04671266816720710  0.04684027671091127  0.04696788525461543
  0.04698152834570472  0.04698152834571472  0.04698152834572472  0.04698152834573472
  0.04698152834574472  0.04698152834575472  0.04698152834576472  0.04698152834577472
  0.04698152834578471  0.04698152834579471  0.04698152834580471  0.04698152834581471
  0.04698152834582471  0.04698152834583471  0.04698152834584471  1.00000000000000000
  0.06628590424855549  0.07444999046496860  0.08261407668138171  0.09313757062497224
  0.10388901064681004  0.18398630200483529  0.26592192543768067  0.34785754887052622
  0.39623443037350420  0.39720216570559663  0.39816990103768901  0.39913763636978145
  0.40010537170187382  0.40107310703396626  0.40204084236605869  0.40300857769815107
  0.40397631303024351  0.40494404836233588  0.40591178369442832  0.40687951902652075
  0.40784725435861313  0.40881498969070557  0.40978272502279794  0.41075046035489038
  0.41171819568698281  0.41268593101907519  0.41365366635116763  0.41462140168326006
  0.41558913701535244  0.41655687234744487  0.41752428101970673  0.41849164788793647
  0.41945901475616615  0.42042638162439588  0.42139374849262556  0.42236111536085530
  0.42332848222908498  0.42429584909731471  0.42526321596554439  0.42623058283377413
  0.42719794970200387  0.42816531657023355  0.42913268343846328  0.43010005030669296
  0.43106741717492270  0.43203478404315238  0.43300215091138211  0.43396951777961179
  0.43493688464784153  0.43590425151607121  0.43687161838430094  0.43783898525253062
  0.43880635212076036  0.43977371898899004  0.44074108585721977  0.44170845272544945
  0.44267581959367919  0.44364318646190892  0.44461055333013860  0.44557792019836834
  0.44654528706659802  0.44751265393482775  0.44848002080305743  0.44944738767128717
  0.45041475453951685  0.45138212140774658  0.45234948827597626  0.45331685514420600
  0.45428422201243568  0.45525158888066541  0.45621895574889509  0.45718632261712483
  0.45815368948535456  0.46739293872119675  0.47851862867330974  0.55632978635166219
  0.63826540978450763  0.72020103321735318  0.79225641203674202  0.79687161746098345
  0.80148682288522499  0.80610202830946642  0.81071723373370796  0.81528083403647345
  0.81981195354632352  0.82434307305617349  0.82887419256602346  0.83339653887269050
  0.83737537821338037  0.84135421755407025  0.84533305689476024  0.84931189623545011
  0.85329073557613999  0.85819018284479787  0.85819018284480786  1.00000000000000000
  0.14173894723256419  0.26055136442296833  0.27112369430983496  0.28249620919574275
  0.30851650959602794  0.39553744203651103  0.48255837447699435  0.51050975499887985
  0.52365401757120256  0.53679828014352537  0.54994254271584819  0.56638491503853228
  0.65340584747901553  0.71004236748701599  0.71467638973909198  0.71931041199116796
  0.72394443424324395  0.72857845649531994  0.73321247874739581  0.73784650099947169
  0.74248052325154767  0.74711454550362355  0.75157942632813624  0.75576519306565082
  0.75995095980316552  0.76413672654068010  0.76832249327819480  0.77331121163047001
  0.77950361435764504  0.78569601708482006  0.79188841981199509  0.79808082253917001
  0.80427322526634493  0.81046562799351984  0.87093219932113697  0.93776695958691636
  0.93890277939427624  0.94003859920163602  0.94117441900899590  0.94231023881635578
  0.94344605862371556  0.94458187843107544  0.94571769823843532  0.94685351804579510
  0.94798933785315498  0.94912515766051486  0.95026097746787463  0.95139679727523452
  0.95253261708259440  0.95366843688995417  0.95480425669731406  0.95594007650467394
  0.95707589631203371  0.95821171611939360  0.95934734138277100  0.96048294331757744
  0.96161854525238388  0.96275414718719032  0.96388974912199676  0.96502535105680320
  0.96616095299160965  0.96729655492641609  0.96843215686122253  0.96956775879602897
  0.97070336073083541  0.97183896266564185  0.97297456460044829  0.97411016653525473
  0.97524576847006117  0.97638137040486761  0.97751697233967405  0.97865257427448049
  0.97965088297324032  0.98053562719179510  0.98142037141034988  0.98230511562890466
  0.98318985984745944  0.98407460406601421  0.98495934828456899  0.98584409250312377
  0.98672883672167855  0.98761358094023333  0.98849832515878799  0.98938306937734277
  0.99026781359589755  0.99115255781445233  0.99203730203300711  0.99292204625156189
  0.99380679047011666  0.99469153468867144  0.99557627890722622  0.99646102312578100
  0.99734576734433578  0.99823051156289044  0.99911525578144522  1.00000000000000000
   5.8433777823558840E-013  -1.0000000000000000     
 F F F F F F F F F F F F F F F F F F F F F F F F F F F F F F F F
  <DiscreteSampler_grid>
  grouped_processes
  1 # 1 for a reference and 2 for a running grid.
  10 # Attribute 'min_bin_probing_points' of the grid.
  1 # Attribute 'grid_mode' of the grid. 1=='default',2=='initialization'
  0.0000000000000000 # Attribute 'small_contrib_threshold' of the grid.
  0.5000000000000000 # Attribute 'damping_power' of the grid.
 # binID   n_entries weight   weight_sqr   abs_weight
    10   10   7.423716776428714E-003   2.207843979031823E-004   7.423716776428714E-003
  </DiscreteSampler_grid>
