  0.00000262007193706  0.00000441247722667  0.00000612939527026  0.00000782276238714
  0.00000940548930274  0.00001081738510160  0.00001198015432736  0.00001297321496254
  0.00001404460844190  0.00001527220038835  0.00001665961166225  0.00001813335964504
  0.00002003644603769  0.00002233333292189  0.00002461140829977  0.00002778267710029
  0.00003001142727280  0.00003198158749478  0.00003415361658546  0.00003639271708168
  0.00003862568855378  0.00004116758738833  0.00004406095929400  0.00004739781969438
  0.00005152235029716  0.00005513328521947  0.00005828343154495  0.00006226987282191
  0.00006714641993149  0.00007253891116407  0.00007822537967027  0.00008367747624730
  0.00008964973738213  0.00009643871701698  0.00010372525242682  0.00011164551809314
  0.00012004202165313  0.00012877778647496  0.00013923836214859  0.00015087023402824
  0.00016399239131919  0.00018063894274412  0.00019864032313382  0.00021759215325172
  0.00023422684469236  0.00024950209191288  0.00026582278398940  0.00028330234381972
  0.00030046435726401  0.00031979632251750  0.00034267007641731  0.00036849323881385
  0.00039292810748819  0.00041776181969509  0.00044031367416239  0.00047986064846028
  0.00051531778331279  0.00054965465610484  0.00058620448565034  0.00062642029679476
  0.00067355584127828  0.00072441058555188  0.00078740027245683  0.00085734172327807
  0.00092683382186027  0.00099897780510558  0.00107398616373644  0.00115239117286922
  0.00123915674575934  0.00134493774332787  0.00145810351413646  0.00156706732838052
  0.00168392924751046  0.00180562356644334  0.00194789543791917  0.00212909240376593
  0.00237646102842933  0.00280280923513197  0.00328782500726589  0.00382126016339789
  0.00439555762143969  0.00508105980317975  0.00588256132160337  0.00692158643095903
  0.00855510715408858  0.01079190405034952  0.01340183108414189  0.01667504482880214
  0.02101207244330820  0.02621257130390170  0.03341902074266679  0.04510184585892707
  0.06481030737142857  0.16491911796785580  0.58969782001182847  1.00000000000000000
  0.00000214154859658  0.00001236471096131  0.00003341787611300  0.00006916543462663
  0.00010516827643964  0.00014901405297441  0.00020719300512929  0.00028443746970693
  0.00035144663068974  0.00042070886477769  0.00049888300266574  0.00060631655434872
  0.00071883989785704  0.00082619896903594  0.00092690477723629  0.00106138904540269
  0.00119411733750932  0.00131600999535110  0.00144730746723641  0.00157870530538780
  0.00173091152240869  0.00188696979414179  0.00209704832473743  0.00234117480785792
  0.00257493775490394  0.00280704614082842  0.00304849506301693  0.00331545426273726
  0.00358614351267431  0.00389380471592859  0.00425890802076045  0.00460833158543744
  0.00491637310547221  0.00517157982093045  0.00542648630516074  0.00571222082537176
  0.00602576872423305  0.00637744641737361  0.00671988696452131  0.00699311456871377
  0.00729153123378324  0.00764559861261599  0.00805345077307719  0.00855734206872536
  0.00915303685816835  0.00978793181965563  0.01039822083012341  0.01098899724217012
  0.01161322271057440  0.01231144065745263  0.01302681106690945  0.01372772380280649
  0.01441620982840722  0.01502289263397964  0.01561435474255215  0.01620020754911162
  0.01673101471192243  0.01732226260537182  0.01791112922350432  0.01860005287316314
  0.01945828990221489  0.02030179551897231  0.02117996711689303  0.02223808502930565
  0.02342221054013090  0.02457865158438951  0.02582829136586773  0.02725779895932896
  0.02872266846107658  0.03042498680061326  0.03212285978990510  0.03363239211361021
  0.03499516924316805  0.03631643685704367  0.03764906969621375  0.03907905647751910
  0.04101907177922370  0.04321148690715942  0.04488144872151595  0.04684907485747389
  0.04929370914559688  0.05131344610859444  0.05312003253257664  0.05444712467232211
  0.05666011345924708  0.05865544252553816  0.06062951365803437  0.06262031402561130
  0.06443319369513126  0.06623883896753573  0.06809653333793760  0.06930458137712538
  0.08536213191030899  0.09722506684511285  0.09758186589412352  1.00000000000000000
  0.00015799426679751  0.00028957401174902  0.00043319060956853  0.00058137798052104
  0.00074041386966486  0.00092725240180663  0.00112136518447426  0.00134590290533222
  0.00159660143998620  0.00178601840730048  0.00195680039113246  0.00218657968138181
  0.00253861565811793  0.00289771333597844  0.00326331964307946  0.00367486883726028
  0.00407426760618985  0.00437593938367355  0.00466091599326132  0.00496441318055343
  0.00535572530822224  0.00581048567070750  0.00628706269734783  0.00672969889765544
  0.00709026008524244  0.00741060946587322  0.00771506477379261  0.00805375055419389
  0.00845026534530914  0.00893478739812704  0.00950365628713433  0.01003374407104258
  0.01055728602661338  0.01107255615158665  0.01147241265483882  0.01172470021973775
  0.01199596622647658  0.01226796482651590  0.01254541360538570  0.01287801687535064
  0.01348590313925634  0.01431674876358185  0.01510460801298119  0.01565360218636124
  0.01614718855857570  0.01666494064823264  0.01727691238899510  0.01794438269442648
  0.01854921889789430  0.01924026846241469  0.02012130438593855  0.02115049089874478
  0.02229893399492294  0.02333739701258427  0.02439523689229605  0.02547610910925011
  0.02654537235507678  0.02736552157941967  0.02817406032705925  0.02912943671956431
  0.03019670790984591  0.03117706897913260  0.03209326275756381  0.03304003231257534
  0.03440653813717157  0.03587687713322217  0.03696634626487926  0.03792279352543044
  0.03903889395424910  0.04026398053626293  0.04149753558501820  0.04276754711432681
  0.04408488900392353  0.04559950139618260  0.04774704736545014  0.05055976577478412
  0.05276939875964833  0.05526895911064790  0.05744552365662194  0.05945437201534257
  0.06142812692977304  0.06356767361319893  0.06622693865524140  0.06964825379908178
  0.07444124779477250  0.07976545708789680  0.08405989715272473  0.08816737343033706
  0.09208037590016951  0.09595869606852847  0.10000584683616770  0.11133512572358141
  0.12334388687993711  0.13817708776126389  0.39076883190795214  1.00000000000000000
 -0.00121843853486643  0.00579221440304592  0.01272613279734138  0.02100781211328236
  0.02910688972547592  0.03700318351492056  0.04532297384855125  0.05535396773009033
  0.06400856005642394  0.07283499031875197  0.08298536858951050  0.09210292921003915
  0.10029195599221680  0.10881495078368977  0.11762129281065657  0.12674097573448501
  0.13913499194877227  0.15309130219984537  0.16472331558805126  0.17555773002112007
  0.18611152920266349  0.19731742267979213  0.20985744317677565  0.22267116351475724
  0.23479700736025230  0.24595509826226852  0.25844295533429534  0.27248417357128929
  0.28696665238532670  0.30176478183388838  0.31570491501976256  0.32459189038919634
  0.33037986187832685  0.33633585510444813  0.34307332270312002  0.34958023263719318
  0.35629268234056316  0.36469294036114491  0.37398901227488829  0.38296988851824509
  0.39264018598581008  0.40061382388450045  0.40947566123889673  0.41947539647082965
  0.42937568023830835  0.43898677335577968  0.44895502846741858  0.46174995740195668
  0.47731598163742595  0.49279993635556829  0.50704550645353852  0.52234232522946789
  0.53596715346283308  0.55097240688944860  0.56432481306281923  0.57722093620881254
  0.58943694712078842  0.60085638749210002  0.61189709516310453  0.62351324230855654
  0.63754885108265513  0.65059864958943592  0.66081381061701938  0.66995910645445500
  0.67858701135176047  0.68808969744685589  0.69950291294450673  0.71039348633709842
  0.72091600508771825  0.73195258725068091  0.74335366090802524  0.75487479735986562
  0.76596358312579405  0.77649423275307261  0.78816016142443990  0.80008827905501501
  0.81165919942766385  0.82019658759166991  0.82762125112715035  0.83527476497290798
  0.84379735691017566  0.85546847784743341  0.86753873827666350  0.87896856580536864
  0.89084757948621529  0.90385216243304300  0.91551119638392453  0.92643148203837600
  0.93645264447462562  0.94529508233199211  0.95394334845706563  0.96260152546054090
  0.97125691825129512  0.98080180286024055  0.99013156217317466  1.00000000000000000
  0.00254731248818319  0.03441314802161088  0.05184420390397900  0.06340382906154585
  0.07300904971553905  0.08170713755078134  0.08938981087898887  0.09661919153738469
  0.10331068705857196  0.10893549829557335  0.11405895214581609  0.11909850281380693
  0.12438436937693968  0.12958081087020437  0.13493297688521008  0.14010472333896254
  0.14457011082936841  0.14865419746011110  0.15291101329108764  0.15728359194063224
  0.16212821172904279  0.16695530487198762  0.17190018687827180  0.17625408195451969
  0.18056965533558253  0.18452231819491233  0.18792928469601114  0.19063674067842079
  0.19275267606550647  0.19500247677901542  0.19756062608386346  0.20043989404541981
  0.20362476961394052  0.20697889244018253  0.21030572401719061  0.21368786992246955
  0.21695933141913565  0.21980826356192890  0.22264622999888248  0.22514229181526677
  0.22775521913739424  0.23046456366814630  0.23307652844769253  0.23547384957568016
  0.23819663959083567  0.24115410900614984  0.24427640608555737  0.24953981592982122
  0.25583731896913686  0.26222480367261070  0.26876653858391719  0.27407052521895675
  0.27865426179700603  0.28375663985148486  0.29021275739260288  0.29780056563467905
  0.30562802585537613  0.31228706905626569  0.31597046589606159  0.31906925221444238
  0.32237708558682571  0.32608644958439570  0.32940537500423667  0.33173674423935640
  0.33771536313564088  0.34910918914505196  0.36187929772832844  0.37506791462635997
  0.39703057878539250  0.42098303679933757  0.42670517444627587  0.43156764043258811
  0.43705052476075723  0.44265379312384884  0.44879890058311034  0.45385712494406555
  0.45691616763514814  0.45941055988359214  0.46189854762035948  0.46511215709190601
  0.46978050157409806  0.47379250257696315  0.47719522540168818  0.48452730229088098
  0.49324926841480193  0.50024371643411081  0.50741972774731481  0.52313932045922851
  0.56391436822576801  0.58719259540729019  0.60562889593410996  0.61809467524271544
  0.63708843169186391  0.67468006258445423  0.82652127876059134  1.00000000000000000
 -0.00363154651570059  0.01164288603475873  0.02419643299842196  0.03534212513451424
  0.04568345015231563  0.05512642965826010  0.06386416385436813  0.07250752363800599
  0.08183746134781986  0.09156826009534445  0.10188671407018596  0.11362945733229191
  0.12526558757150963  0.13465939077037511  0.14316894156098678  0.15314236655945129
  0.16355590178326881  0.17261403388755647  0.18218025478392247  0.19423268757842174
  0.20738443174612683  0.21952841319472358  0.23160414003388030  0.24278610039950732
  0.25480689323034489  0.26694248551590133  0.27935232550042088  0.29345640401851292
  0.30345999051469719  0.31284071828414922  0.32188249680514208  0.33134007418742822
  0.34252830941930956  0.35706055297164124  0.37045614134656640  0.37970139070347864
  0.38793020904844050  0.39652631765650986  0.40553448187934615  0.41503297732391103
  0.42508809686976035  0.43397284295375727  0.44386929545884146  0.45402562878915487
  0.46514982486034978  0.47761920575329125  0.48961949345665301  0.50004685406576488
  0.50983766992885649  0.51945696920820650  0.52861670724847420  0.53720502026763650
  0.54580024323192289  0.55412713866975249  0.56241093865110725  0.57048219887675289
  0.57625981426520068  0.58110322369430545  0.58574348487138717  0.59068967090727276
  0.59787947040419775  0.60898872455850339  0.61897329221354780  0.62962271779836221
  0.63988922687101812  0.64959781242078607  0.65902136354896568  0.66974012628641211
  0.68331992246337103  0.69415918595854609  0.70390271158834194  0.71359164899097927
  0.72327582462747242  0.73442776699723356  0.74767152607344578  0.76255324942063052
  0.77571335894078264  0.78831176251581736  0.80103502140888194  0.81237942624841974
  0.82246443389370560  0.83266718269780104  0.84368404938991759  0.85523169161070001
  0.86463315086437986  0.87379020062081381  0.88409688955350041  0.89474219110749387
  0.90497924269493646  0.91633506144409482  0.92972225842884748  0.94431629524984850
  0.95833414868052691  0.97103223107200187  0.98455966330221867  1.00000000000000000
  0.00578916963933135  0.00978292189198226  0.01422637907206008  0.01774834195136199
  0.02077715217296681  0.02351625307859773  0.02621500094955729  0.02927314238690139
  0.03243983242333504  0.03564223096147867  0.03875939884221842  0.04160675169678418
  0.04420745205311809  0.04667862725721347  0.04910307366507491  0.05163036897833653
  0.05426564653337458  0.05693496541965273  0.05958397012218255  0.06205863710486507
  0.06442871315608412  0.06670471398764903  0.06904538054813310  0.07132838775910715
  0.07349571360938059  0.07556115778725489  0.07770689783265702  0.07967206423238171
  0.08111342662173129  0.08271799088162275  0.08431116230544385  0.08584431966107055
  0.08732757630398891  0.08903509292497047  0.09107544215835846  0.09336827367695202
  0.09553686331744547  0.09765324627021169  0.10013043331725810  0.10254438785640695
  0.10508208409231569  0.10752621328211208  0.11006175740752888  0.11263794501462239
  0.11484103601268686  0.11692613381424731  0.11901819683416794  0.12115399871025925
  0.12331693255677595  0.12577245399937353  0.12860799633894124  0.13121052938330086
  0.13357417896610912  0.13599168325805383  0.13851607383434805  0.14199281849625470
  0.14569017436469728  0.14945211358701843  0.15194138322828449  0.15371859640168031
  0.15539355565327795  0.15705582329090415  0.15872762556681533  0.16109255031563519
  0.16493873260309388  0.16963305856130484  0.17529010467604139  0.18374694278340978
  0.19175892774557290  0.19821530238087046  0.20373068538946615  0.20846855931382599
  0.21296780371074026  0.21673499514266625  0.22005766940794985  0.22392532750728353
  0.22792091816215024  0.23166401471288012  0.23578282592789004  0.23883767372175629
  0.24157036267833298  0.24599142654400491  0.25162900501466551  0.25605917720595556
  0.25843482051685512  0.26094851109920736  0.26412447206991307  0.26684702517362441
  0.26962206608488798  0.27402239938241441  0.27705094005349412  0.27966520061210298
  0.29065068927012699  0.31180539151545067  0.43221605387475409  1.00000000000000000
 -0.00490430143921311  0.01580927074551142  0.03222301808957068  0.04708735950664002
  0.06091547955695083  0.07363417528325446  0.08569892480023149  0.09733941454702087
  0.10672819468814006  0.11625329481070472  0.12441302480102054  0.13483493954082573
  0.14514358237394601  0.15319363940552147  0.15994226259101432  0.16796416615004497
  0.17649613304914419  0.18480529635402226  0.19326855050727762  0.20252696611874163
  0.21411796830829216  0.22760069881554806  0.23780843723678127  0.24702682540339355
  0.25555975761961741  0.26350154255488772  0.27379602698614558  0.28613934441104488
  0.29783145636850927  0.30882280339484253  0.32188643974398723  0.33303497975220686
  0.34324637994157342  0.35310608352482559  0.36350300029076221  0.37421287094403277
  0.38085952538440837  0.38723403743379398  0.39509522909180456  0.40530958783592225
  0.41436959815125562  0.42173915114543847  0.42866277077543935  0.43633448994956175
  0.44580523751945739  0.45501857034507165  0.46497334502858051  0.47571224182654492
  0.48485803326180948  0.49366057767180771  0.50350119538793070  0.51430763695545512
  0.52405583229911035  0.53156223583062845  0.53938806322962596  0.54645964525397184
  0.55225840989985231  0.55765002558855581  0.56321105201005206  0.56986544791285276
  0.57767282280268872  0.58444678002276429  0.59261546919323294  0.60112681877302732
  0.60964036055155146  0.61968582856709176  0.62938773285456628  0.63899515810101681
  0.64981703292916182  0.66290643722739606  0.67766130012153025  0.69203182315909695
  0.70676829436046262  0.71838063675950026  0.72905556356212142  0.73687794654779337
  0.74450263940935424  0.75166462594512196  0.75838820938661444  0.76546700591254024
  0.77400730431250264  0.78333335649179026  0.79507545234115840  0.81282757922041149
  0.83152218256860300  0.84982176266353338  0.86123840264780893  0.87175038085843248
  0.88249645520310827  0.89414417417051595  0.90847750012099848  0.92420851174502616
  0.94089496097501391  0.95888234925238747  0.97703953051852155  1.00000000000000000
  0.01122565285643538  0.32038721499263390  0.44260614893443484  0.52271833124972256
  0.57710285445537568  0.61596866101543390  0.65134256272298829  0.68235842378303369
  0.70943098094536738  0.73030308451937376  0.74849072268929540  0.76884083503929435
  0.78637577490310084  0.80077128051624835  0.81250010271895767  0.82241146383551333
  0.83147116227443907  0.84090991967866657  0.85129046012138054  0.86042343598686477
  0.86850853873237155  0.87548645017175863  0.88097702906765407  0.88595521776138741
  0.89088945792829488  0.89582754947298471  0.90025556518536620  0.90444038091247747
  0.90827427312433806  0.91209767086724680  0.91545302487703462  0.91795364133633217
  0.92004974993041977  0.92219489017127598  0.92457124906652566  0.92724394853662795
  0.92955083398091953  0.93168267409458216  0.93379579219502007  0.93612136569723614
  0.93864254792821067  0.94097807670479161  0.94341636836215448  0.94563512932760618
  0.94762089311009634  0.94918149972538179  0.95068185510131298  0.95212132639902258
  0.95359725343107393  0.95506628593326814  0.95645045541985141  0.95777701308739172
  0.95907238806734652  0.96032053893851166  0.96149023028401814  0.96274514292214142
  0.96402786548165031  0.96530114895391672  0.96652688397618836  0.96765735868579583
  0.96872540696209608  0.96972357304987233  0.97063356759906505  0.97154326874654917
  0.97246353003944108  0.97343051551930471  0.97441909770502133  0.97542700792446024
  0.97645344677916834  0.97723970902932789  0.97801574506144562  0.97878257620658748
  0.97955791020053917  0.98035407463531632  0.98117185809993601  0.98203079654310044
  0.98276942391325794  0.98345073960313889  0.98421406518319532  0.98500376171698845
  0.98581105363968979  0.98657983369638280  0.98733788918037269  0.98811272090958835
  0.98889494801231514  0.98978953110179502  0.99066139237211293  0.99151267583396974
  0.99224747930917623  0.99290811418741221  0.99357112242014822  0.99422609278058616
  0.99487743130973227  0.99596657681237521  0.99773384666638698  1.00000000000000000
   4.6252940809577208E-020  -1.0000000000000000     
 F F F F F F F F F F F F F F F F F F F F F F F F F F F F F F F F
  <DiscreteSampler_grid>
  grouped_processes
  1 # 1 for a reference and 2 for a running grid.
  10 # Attribute 'min_bin_probing_points' of the grid.
  1 # Attribute 'grid_mode' of the grid. 1=='default',2=='initialization'
  0.0000000000000000 # Attribute 'small_contrib_threshold' of the grid.
  0.5000000000000000 # Attribute 'damping_power' of the grid.
 # binID   n_entries weight   weight_sqr   abs_weight
    10   10   5.033653806756960E-012   8.516983834496317E-023   5.033653806756960E-012
  </DiscreteSampler_grid>
