  0.00106942724195770  0.00166542901831259  0.00206205734371026  0.00233877507587189
  0.00257018088995599  0.00281801962591681  0.00307036493290191  0.00329986158220785
  0.00351044083169483  0.00371770703641813  0.00393910436047826  0.00417408652279684
  0.00441400512345596  0.00465852930078079  0.00490176301169329  0.00513082589450662
  0.00536272081470168  0.00560216012015972  0.00587630570509484  0.00616152220592155
  0.00642983103773554  0.00675211223981419  0.00705845336916831  0.00736518764350166
  0.00767805114156441  0.00800033459756049  0.00834043134195911  0.00868422024239916
  0.00901986299492092  0.00936060968643138  0.00972498540572989  0.01008393200120860
  0.01040920411540176  0.01072398357564495  0.01103989542716861  0.01139600099894762
  0.01182476219791889  0.01227559316986539  0.01271695101495760  0.01317052864839553
  0.01367967974349282  0.01422034261680167  0.01474312276754165  0.01526327332218662
  0.01574728681643237  0.01627434769690642  0.01677871695253284  0.01729134284021806
  0.01780944612681709  0.01835294814086361  0.01891343714624718  0.01948987798771918
  0.02008549208700783  0.02069541319764945  0.02136055229378208  0.02205656274642709
  0.02276141320586225  0.02353864191857992  0.02437479869096046  0.02528632213673009
  0.02645110962777211  0.02732474854811473  0.02825877534540412  0.02928203885395811
  0.03031904082271921  0.03143776746700495  0.03253870361793135  0.03383828956386310
  0.03541683006137207  0.03720027408042053  0.03901563648491321  0.04079502306470444
  0.04264406907489478  0.04474201757666183  0.04732128696625885  0.05039798394115941
  0.05398257288187662  0.05771436178439390  0.06042502543623443  0.06299977939219913
  0.06574835290573133  0.06871551023089571  0.07189444242378805  0.07590182996899433
  0.08079912038644833  0.08620588829095503  0.09246994141644087  0.09953325609178004
  0.10698293496339890  0.11531456706197662  0.12478719225300891  0.13817504919075593
  0.18407607453122291  0.22376992000831475  0.45912082954863054  1.00000000000000000
  0.00044010673667499  0.00065251726669887  0.00080190796012472  0.00093990804218724
  0.00107543243230457  0.00122141090537194  0.00139996741018916  0.00162163758017365
  0.00185972260127844  0.00210612047186740  0.00236078557333899  0.00265452135775859
  0.00299536990833322  0.00336144704668454  0.00372676416252310  0.00409256708839601
  0.00443400873925061  0.00479017113954267  0.00516231464265403  0.00556672928163891
  0.00596195265104718  0.00635455451739488  0.00676468560916927  0.00717616619848644
  0.00764941638836354  0.00815705792009865  0.00865175277216585  0.00913275293282634
  0.00965674137666029  0.01019577374549273  0.01077417396318445  0.01140214467190334
  0.01205538401394420  0.01269714952955814  0.01336230191551746  0.01407427420687222
  0.01484891572775996  0.01563167018797585  0.01641378242049389  0.01719891016116350
  0.01803779172001058  0.01892685828913021  0.01984341930347086  0.02083250957481718
  0.02182422725052899  0.02279396118024879  0.02373757415535068  0.02469583880265037
  0.02565547672654926  0.02665248260101126  0.02773025707122471  0.02885326729359966
  0.02996601228985392  0.03108037272696719  0.03216541871540159  0.03330632376546445
  0.03455267919044111  0.03591634055274134  0.03738795936862802  0.03884020405676124
  0.04019533181864159  0.04165935511679913  0.04291144118639762  0.04435099777180506
  0.04631621974933490  0.04794023172646733  0.04940264184753133  0.05111513952160345
  0.05274190855131126  0.05454095133879366  0.05666804875203035  0.05877507217420468
  0.06081451235979844  0.06287152428494602  0.06535839936060399  0.06833599559841635
  0.07199449490034744  0.07581269720110874  0.07894345664426056  0.08161382867567417
  0.08468617642413259  0.08790361667924110  0.09087278519001610  0.09272563993818704
  0.09527881358337950  0.10399403776799611  0.11641295556477452  0.13052807021940394
  0.14603617471221916  0.15643003150137569  0.16067151084037784  0.16563367490119374
  0.17336992913947480  0.20812582776547439  0.63124586601176358  1.00000000000000000
  0.00000198323682778  0.00001291160897268  0.00003599310459595  0.00006780449409156
  0.00011166596226599  0.00016049474668669  0.00021828683215709  0.00027791027467387
  0.00034125143112499  0.00040953004841119  0.00047966644737723  0.00055389683148696
  0.00063174987299815  0.00071670907364211  0.00080907054389908  0.00090590938636170
  0.00101008711777782  0.00112268633322519  0.00123793128063443  0.00135303727050878
  0.00146802095308508  0.00158852369625327  0.00171714894025560  0.00185105735180074
  0.00199065798437655  0.00213792359818195  0.00229758737359295  0.00246545723075269
  0.00263550262837767  0.00281512478198825  0.00299958431469864  0.00320235302670787
  0.00342426916409311  0.00366101217090211  0.00390937264666550  0.00416365331278675
  0.00442366500420825  0.00470541702318788  0.00503087904207712  0.00535560018208557
  0.00561267340654959  0.00585601841210316  0.00609811451407032  0.00634346000949140
  0.00660172492919625  0.00693461352318927  0.00728685227954545  0.00761868253975812
  0.00797243807694689  0.00829550161580514  0.00866770189315921  0.00905659747312469
  0.00946086309292546  0.00987743246105516  0.01031762797014559  0.01075560384040132
  0.01121039740625570  0.01170922585117263  0.01228487886054914  0.01280446399167277
  0.01332976124774278  0.01388644005091233  0.01447065635098258  0.01511561051208182
  0.01586616174982908  0.01673978553376890  0.01758741306888811  0.01867644172546497
  0.01987961698146472  0.02117518280813155  0.02259509345803813  0.02417267370295349
  0.02560648289263077  0.02694780726475625  0.02831753069061528  0.02978233254656933
  0.03138694723367284  0.03315674756789014  0.03499674566594464  0.03681055815334317
  0.03880662083846675  0.04140659349189525  0.04459334271912860  0.04865918299734966
  0.05234785544359882  0.05789932476028022  0.06341760427658616  0.06869391054116608
  0.07400856457954207  0.08020041070470525  0.08763214800989753  0.09906345347160933
  0.13267266997699323  0.19953825488028393  0.26328463004016128  1.00000000000000000
 -0.00078367837792334  0.00287881782590467  0.00702029039684015  0.01072376214167024
  0.01504496964960965  0.02012252363824904  0.02537453542929594  0.03078315020177442
  0.03599204306113281  0.04109624394008163  0.04672324790448039  0.05256100957967674
  0.05825142268643144  0.06438193633944590  0.07099717542620299  0.07759315149519354
  0.08409652894749714  0.09041026380048439  0.09625431230071362  0.10254710099387344
  0.10927256495116729  0.11601353592650160  0.12249948853346763  0.12899115646185658
  0.13521691298250735  0.14145925985030688  0.14870702392089188  0.15635212404757784
  0.16396957680278559  0.17147550226218281  0.17895566105803085  0.18658063462803398
  0.19429930883675914  0.20127292453639553  0.20801406356704730  0.21499122947072008
  0.22163736208976692  0.22884683960888869  0.23628167329518940  0.24431407023451510
  0.25237240849171216  0.26057260931857318  0.26924627902544845  0.27848091373758321
  0.28786118226956497  0.29665942484994373  0.30487780571671724  0.31330355038003754
  0.32209734622054448  0.33100194657750570  0.34001234290509336  0.34949492359712525
  0.35967733218283388  0.36976226912401017  0.37913314200726028  0.38834482361010758
  0.39779960764192857  0.40778060301740926  0.41811068010706898  0.42870139818246306
  0.43965217692823066  0.45122237097238188  0.46401558620279160  0.47728724025312841
  0.48968125346963398  0.50146301624134404  0.51360229981144478  0.52628411022870070
  0.53812659223710901  0.54890927008549761  0.55990812637828946  0.57188427584151502
  0.58452853918759573  0.59656917191705416  0.60900531101802846  0.62216185239467658
  0.63560082518410355  0.65021482464546698  0.66592752468344107  0.67983382461540109
  0.69367076408974160  0.70789269383162712  0.72249383402650458  0.73760721070374635
  0.75399065123498343  0.77103462094928266  0.78844820482320388  0.80641286026362591
  0.82584415173655779  0.84555611532219355  0.86549561195244040  0.88779744970230456
  0.91222572670818836  0.94062922635323232  0.97041897113456788  1.00000000000000000
 -0.00179056223746555  0.00927807653774612  0.01868725353788597  0.02881195605677847
  0.03944330666688418  0.04983351089514514  0.06020814327059433  0.07165954447464315
  0.08285120010412642  0.09372827185700709  0.10430506984503142  0.11528706196832907
  0.12617459385184637  0.13734908857877820  0.14865182338229768  0.15984763658449758
  0.17155847591152146  0.18399712701758239  0.19533708090696555  0.20627243000509712
  0.21706609379494660  0.22798549450763761  0.23969521120135226  0.25199300781413914
  0.26429130429474740  0.27541852024694619  0.28520749236223158  0.29463631453123695
  0.30393704920990972  0.31387769814958633  0.32440806558150792  0.33543741342723216
  0.34621840841876944  0.35725429882488186  0.36878205715316065  0.38003493477733441
  0.38980571040961720  0.40003762267448323  0.41047969661899758  0.42100446152348592
  0.43135183750692363  0.44220563474120572  0.45357207775565594  0.46484697547003928
  0.47625619491970794  0.48819260405475545  0.50056915365576771  0.51204594477524823
  0.52296432966113193  0.53289548579603385  0.54248261327730329  0.55236702705858975
  0.56219880939511413  0.57199584759686639  0.58197059390157535  0.59296930518308177
  0.60388377915044800  0.61435734519872320  0.62519903909412855  0.63685387269480154
  0.64865156474618979  0.66026018041472190  0.67164958784062134  0.68278487618905037
  0.69424038043562919  0.70611033697850534  0.71746591199496645  0.72817743972164573
  0.73943080449426069  0.75056447204273569  0.76187467196759528  0.77245449012864520
  0.78194832564209793  0.79118563496063599  0.80044584041805311  0.81048384261990436
  0.82085209956343053  0.83175596905333482  0.84292723149191162  0.85322882473241934
  0.86329774701829665  0.87349098730469865  0.88377191726098836  0.89344098870296063
  0.90316625085418190  0.91226539350061964  0.92113581388334609  0.92992930618402980
  0.93957995231651237  0.95005630077113890  0.95934738870461589  0.96682281579967877
  0.97452880393943109  0.98189193451531576  0.99089878206466109  1.00000000000000000
 -0.00286578967736670  0.01261653611749931  0.02447970875913991  0.03597845217339859
  0.04799541532318694  0.06039129811053063  0.07090593701388771  0.08119610211539080
  0.09128854255062961  0.10150629998726127  0.11062999564931845  0.11945735293983671
  0.12852435452980671  0.13845526446082734  0.14884093979048477  0.16087384681790950
  0.17370250415454996  0.18755749165916838  0.20028204995282833  0.21143213487746434
  0.22176326926769613  0.23129023931817208  0.24036415764213684  0.25012469727223585
  0.26023837037151099  0.26998843570673153  0.27924484799999627  0.28830664342968143
  0.29788497271587416  0.30793060742615858  0.31768667090099006  0.32774416839303655
  0.33854032914385862  0.35061305836897905  0.36349255649351081  0.37611512830447208
  0.38774455356506515  0.39885063697023704  0.40960335932297726  0.42064568833649840
  0.43146473898203208  0.44237990266234367  0.45297426118162026  0.46360263324200551
  0.47469168637203768  0.48600956356657227  0.49771807803486595  0.50916708639618080
  0.52041607572658188  0.53192256621325773  0.54271489589760946  0.55282682625915225
  0.56323229578499612  0.57443363459536423  0.58651093618767425  0.59905265658632545
  0.61079590848827625  0.62095357735397472  0.63040664115555500  0.63994620916750466
  0.64901760056511004  0.66010139047898098  0.67110135126238302  0.68108223275817670
  0.69073273463515461  0.70021933921154189  0.70978703176576652  0.71953244692354246
  0.72986585109266577  0.74115361865182516  0.75260017036143223  0.76350377514953227
  0.77386297515687108  0.78456847420892040  0.79567254085037031  0.80696510871412208
  0.81691557781358093  0.82593253900535868  0.83545599065095011  0.84591747431440123
  0.85616350030528154  0.86582817257933131  0.87525331282904295  0.88567520952860546
  0.89617672525996828  0.90537052712970068  0.91475562894329843  0.92478408138209212
  0.93537945831397429  0.94561317580172111  0.95594005899567103  0.96552152758447363
  0.97510026352559620  0.98383546238843267  0.99177417913353250  1.00000000000000000
 -0.00020684480241279  0.00892072321064769  0.01584348021980286  0.02146463114881285
  0.02631245895645600  0.03078100733108430  0.03494862454795608  0.03895087456727891
  0.04268900670517411  0.04623062879530915  0.04980284503515434  0.05326630830124987
  0.05659237162927919  0.05964463813461598  0.06246356560277672  0.06526049727281437
  0.06798553835111325  0.07087510968599330  0.07362920524365493  0.07634467907541441
  0.07892809389820617  0.08157459414678979  0.08418518294839043  0.08671747601384409
  0.08928488122499915  0.09188501222688399  0.09450373748341848  0.09722263964542287
  0.09979625217799938  0.10228461965349316  0.10482729326168279  0.10741284788820063
  0.11005988458580741  0.11293204859150524  0.11569428403132226  0.11835291257474019
  0.12099741591552277  0.12348898068778165  0.12605748118219687  0.12877631444345694
  0.13147589887387498  0.13408553326332961  0.13667472434985514  0.13928451345978787
  0.14200364361984855  0.14494023867036854  0.14797501996558443  0.15074553759724621
  0.15312699320226381  0.15498260229192820  0.15660673052747048  0.15820721118409922
  0.15985039543922275  0.16156531454283304  0.16350296511828433  0.16724210908982415
  0.17052163613826185  0.17371104591007186  0.17736670882097380  0.18147716613847628
  0.18508561235387005  0.18857836262435004  0.19214472790298978  0.19586395046746657
  0.19990675773386701  0.20334877475504831  0.20678627194611504  0.21105728603604873
  0.21616440672144702  0.22113142918142745  0.22557949225816082  0.22991207393213206
  0.23458614302741240  0.23968106937563671  0.24494009733038269  0.25043023513080070
  0.25634594810617345  0.26372757769145017  0.27205269893265249  0.28086655663874027
  0.28939985234752258  0.29676881865201205  0.30388304624610191  0.31074957711233170
  0.31798652578423403  0.32634731564307584  0.33716385793267839  0.34960360954566211
  0.36229614844217228  0.37434776826883737  0.38568820156438566  0.40403259440084693
  0.43614704770836288  0.52703895661987299  0.71570216727918656  1.00000000000000000
 -0.00236290686884538  0.00900774712415319  0.01941949887355634  0.03097894736506374
  0.04206204784111858  0.05224360576869430  0.06331438070573947  0.07469397950480743
  0.08669593878941452  0.09735197051392368  0.10849789139324516  0.11953410394301446
  0.13115713409969929  0.14244540385259435  0.15297755530417995  0.16379475625059095
  0.17530284858889050  0.18744771255542908  0.19957363024235211  0.21161690781218373
  0.22338151962037905  0.23517136344953626  0.24716697720404976  0.25839474623828618
  0.26922194966389801  0.28042572994904735  0.29238244107329936  0.30458241700385930
  0.31742942813224523  0.33013664845206853  0.34152407230457849  0.35206115603416738
  0.36290359878873751  0.37400295659416832  0.38511625515983738  0.39659128650449810
  0.40993225924140275  0.42265819584168524  0.43506980104047871  0.44501118408783968
  0.45448546933612261  0.46420354471971004  0.47479992441862900  0.48533296980786111
  0.49482832845092900  0.50400009359423703  0.51329915260140124  0.52312167757112615
  0.53353836409121003  0.54364735817152732  0.55267207512534200  0.56105967394125178
  0.56941222697669103  0.57813023651863527  0.58672457886391594  0.59488479593611066
  0.60322813551919652  0.61205767703833236  0.62066515861999016  0.62888080415870629
  0.63680803144012221  0.64518472405974536  0.65424776691150099  0.66293372402801976
  0.67222018565234720  0.68252746324552915  0.69319057953982344  0.70378665753330305
  0.71462560815127685  0.72589336231113633  0.73701349588687370  0.74738243972516916
  0.75779683644097451  0.76837970300445402  0.77851451319564779  0.78931487838181558
  0.80031495974008771  0.81046879240419034  0.81944620380209510  0.82804489698507555
  0.83822007530291531  0.85018419961803937  0.86184916837037306  0.87297079689378343
  0.88457394545545098  0.89674027099566234  0.90877696144123110  0.92078952237292733
  0.93200061808751067  0.94225741268030738  0.95179380356986454  0.96140477354711984
  0.97062895841829766  0.97989599353988555  0.98942921143216123  1.00000000000000000
  0.01835773374588427  0.33395610589851965  0.44099753832970973  0.50164532498529557
  0.54610990199689013  0.58106563325741090  0.61184554609400832  0.63742841984927678
  0.65854929372834636  0.67642029085620492  0.69250130474856020  0.70750063920385575
  0.72026128572162629  0.73152678306038554  0.74252561246225446  0.75303486863868430
  0.76251647177296666  0.77160070458026009  0.78074657080660059  0.78979507214393874
  0.79778372340060744  0.80495850568838245  0.81173658569567542  0.81796565423002909
  0.82399794799276393  0.82989275841890098  0.83544085086952713  0.84064391050634069
  0.84565868754093221  0.85058291793214913  0.85512887483060118  0.85934014959457461
  0.86321878894036097  0.86704838763711323  0.87099790801303079  0.87500353663328567
  0.87900704234478089  0.88290044189022743  0.88658083744374672  0.89004360118021575
  0.89332574878846238  0.89635462602616200  0.89911683105035833  0.90174968323117588
  0.90434530025035376  0.90687030198008900  0.90947478229117884  0.91209093939572083
  0.91469080298558447  0.91723933216901976  0.91966046991578776  0.92191222939054684
  0.92412102131810725  0.92630924921645508  0.92844760336447463  0.93057586216970223
  0.93268490945964655  0.93477284644348624  0.93685858861048754  0.93885752948324386
  0.94062581191580197  0.94233588233532273  0.94401231239357186  0.94562474203824420
  0.94724282382365022  0.94888235064612692  0.95051601785558126  0.95211916721747469
  0.95371722189125741  0.95529673169279750  0.95685598708704078  0.95840071641609748
  0.95993436283709832  0.96139348976182726  0.96284193401702189  0.96427453682805220
  0.96567880422167363  0.96708687631439294  0.96852387805841766  0.96999541041299475
  0.97150884968365248  0.97298468179867714  0.97442858168486202  0.97584423428385980
  0.97723747176580311  0.97859282634720479  0.97995621602910721  0.98136020705491600
  0.98280232244245735  0.98424343327389041  0.98574071277957709  0.98729439546282360
  0.98916009367459490  0.99139209128021499  0.99459056342309160  1.00000000000000000
   2.7860178575232033E-016  -1.0000000000000000     
 F F F F F F F F F F F F F F F F F F F F F F F F F F F F F F F F
  <DiscreteSampler_grid>
  grouped_processes
  1 # 1 for a reference and 2 for a running grid.
  10 # Attribute 'min_bin_probing_points' of the grid.
  1 # Attribute 'grid_mode' of the grid. 1=='default',2=='initialization'
  0.0000000000000000 # Attribute 'small_contrib_threshold' of the grid.
  0.5000000000000000 # Attribute 'damping_power' of the grid.
 # binID   n_entries weight   weight_sqr   abs_weight
    10   10   7.616028685321226E-010   1.965759678455632E-018   7.616028685321226E-010
  </DiscreteSampler_grid>
