  0.00105723133279139  0.00150698897294834  0.00175318761001944  0.00202301052400243
  0.00222682768839058  0.00238845533950182  0.00254076084423195  0.00274908870600915
  0.00301676127917600  0.00333876948553349  0.00368973863667743  0.00394299407261059
  0.00422021565439426  0.00445855499257404  0.00474056818593282  0.00503385876626828
  0.00532009461779193  0.00558737390350829  0.00581793555957683  0.00601509334582620
  0.00621666300689183  0.00645362954025491  0.00669598945225388  0.00693938519922799
  0.00724536770541413  0.00764021704487922  0.00819477853637313  0.00862428625910243
  0.00907034681919616  0.00956461463050796  0.01013122622911398  0.01074749832628642
  0.01119671631991594  0.01151496691158934  0.01183999814673782  0.01220616980525733
  0.01264591671778385  0.01307617473862606  0.01357325070477587  0.01404973073915190
  0.01495998123986639  0.01595637382108898  0.01695956199774757  0.01792881235340311
  0.01891116322440486  0.01988456292728881  0.02081357919328923  0.02167060490672064
  0.02235651348605835  0.02305444233464979  0.02379720043035475  0.02456119770543339
  0.02538897623426038  0.02626193165574627  0.02709312224469713  0.02791562330777330
  0.02881288549847338  0.02989644472472838  0.03118927124738706  0.03228181092757491
  0.03333102635301630  0.03458015474458443  0.03589687326273714  0.03761156506925539
  0.03932521561740699  0.04135818988982498  0.04362505283755700  0.04583311486392147
  0.04760044617283157  0.04916105376770438  0.05075415873035224  0.05223797557322543
  0.05375675268847439  0.05525814586548611  0.05666064803875171  0.05870268492561173
  0.06150997251218438  0.06506453813164979  0.06911723935737239  0.07304188404212390
  0.07772464412125760  0.08577132404562565  0.09520877443163428  0.09835924286954589
  0.10242024699963115  0.10794814208251166  0.11476925716690563  0.12284952547131542
  0.13197178464902934  0.14119707284921748  0.15081133894101031  0.16434801540869057
  0.18442077984885583  0.25873317922155714  0.42327349874891712  1.00000000000000000
 -0.00000567494351194  0.00051616644037314  0.00152977553085510  0.00264112855403264
  0.00381611006791313  0.00499416156909172  0.00612269499422590  0.00734042065838804
  0.00875352696957837  0.00997808255037903  0.01099045741136713  0.01201506197596977
  0.01300755322956200  0.01399471439129881  0.01495962001199492  0.01611397262843940
  0.01758846751566100  0.01888185615053667  0.02015641232385838  0.02160111862408268
  0.02309644843503478  0.02486244961453135  0.02647641661453755  0.02803499014703143
  0.02954333217985657  0.03072291041312521  0.03220884235675887  0.03374952609224927
  0.03537235076980582  0.03685345215079368  0.03821822099834592  0.03948685842263428
  0.04080422165621406  0.04223850891723050  0.04373805014452437  0.04533158854017195
  0.04720326578414982  0.04937628419604741  0.05153273904794081  0.05347276199202764
  0.05526272317443164  0.05684044977459755  0.05854380567587106  0.06022144206432042
  0.06172307433788916  0.06322942124867367  0.06514143943548507  0.06698165298657013
  0.06850570530838115  0.06972886107161302  0.07086614844977425  0.07462249348075864
  0.08045487146472863  0.08995882088597593  0.09917799324960921  0.10812956668442564
  0.11407051812615160  0.11808755124768025  0.11896192222692212  0.12005064986265086
  0.12204581336509157  0.12411855365943876  0.12637319053047233  0.12875273736912093
  0.13124884774151824  0.13338286969613602  0.13526888700412332  0.13712416200567079
  0.13898329321298178  0.14122834002459900  0.14370686204052369  0.14665041207654050
  0.15049742127565160  0.15445422996680780  0.15707763116265913  0.15963035074148538
  0.16243672787515387  0.16544443410748039  0.16840570783760728  0.17084887504868448
  0.17287379651251292  0.17464932286036322  0.17649936414069178  0.17900823439418526
  0.18275866081570666  0.18705286132435375  0.18986148249943557  0.19343376381757668
  0.19769754534139022  0.20636120703953015  0.21898146827342665  0.24405716783608977
  0.28889185388687783  0.35021088839316616  0.52819543434954808  1.00000000000000000
  0.00007325694185975  0.00010853376259415  0.00014381058332855  0.00020397201715982
  0.00027950212429357  0.00035133731484038  0.00042081754745029  0.00052748720547876
  0.00066014929325805  0.00078703913939789  0.00089501729539030  0.00097762580763656
  0.00104485488000235  0.00113051533365200  0.00130638120534643  0.00145718299957716
  0.00166286397657826  0.00194689968204352  0.00230234038459486  0.00269661706918397
  0.00307425188467082  0.00348919272281688  0.00400869525478382  0.00486108248244878
  0.00576181607118862  0.00656120732326275  0.00733560734804133  0.00836285710600841
  0.00967692889612419  0.01034492217506261  0.01095237614426192  0.01156901407085150
  0.01218963678669469  0.01290286056959026  0.01386968611423363  0.01502883621374935
  0.01635045215159093  0.01751453928153573  0.01844084830829181  0.01934633970480556
  0.02029016683382479  0.02123063524879877  0.02235198036605741  0.02380204010310695
  0.02537575120716331  0.02697671125460385  0.02863849306267013  0.03000091491158710
  0.03125475734357684  0.03244866231584306  0.03381523886348883  0.03539402767972420
  0.03678851957211333  0.03821839816723280  0.03966926619680080  0.04123556875295894
  0.04277167090456636  0.04414116686562427  0.04555411161364344  0.04690193869533618
  0.04800900344335479  0.04919937219397847  0.05047174178675187  0.05198810023828292
  0.05410279950217726  0.05723325129254775  0.06154775555701335  0.06601151139792999
  0.07021192152438752  0.07446114637663244  0.08006728113148977  0.08540603418682584
  0.08975713223827106  0.09363730973374969  0.09747898646132347  0.10163334275590542
  0.10716388508736492  0.11489080516106998  0.12764300403342371  0.14023615402558193
  0.14749888280294529  0.15135443748264835  0.15781621076277563  0.16405975690188657
  0.16955785541576088  0.17514759349912809  0.19185997328896895  0.20830795412903577
  0.21891152038600264  0.22716855830835425  0.23600221142490219  0.26067434887284918
  0.30370552935384670  0.36755432724874776  0.53927173985403853  1.00000000000000000
 -0.00189397139426228  0.00684569037082604  0.01413418871968798  0.02078978536104498
  0.02738144823647354  0.03429995321866125  0.04161257542052543  0.04916665085343037
  0.05700027036108350  0.06411750520317931  0.06935997877223619  0.07496610648874721
  0.07994398410291824  0.08455832567741485  0.08923969696096012  0.09389887345798713
  0.09857920169758495  0.10314507470118751  0.10788726430253376  0.11264679652146435
  0.11736812633131806  0.12230626354076857  0.12808393293124681  0.13592712312321595
  0.14213410236507146  0.14829370788419602  0.15405554210839659  0.15984588087085169
  0.16695647710955097  0.17576127363374033  0.18585656495105798  0.19486244371320552
  0.20300170510117721  0.21113774715817829  0.22001679288413545  0.22939159854000321
  0.23960706234619952  0.24992867320870440  0.25972171536128696  0.26963288989972733
  0.27925295004287803  0.28898463472288871  0.29869995275828548  0.30754222817159288
  0.31677734797820539  0.32579275792141399  0.33436942203817033  0.34305468883511231
  0.35237013095064312  0.36356675417117990  0.37597985104008380  0.38839923059686193
  0.39919687830288519  0.40740747054300375  0.41546978166378784  0.42360162993676354
  0.43170351329371137  0.43957741430833291  0.44692739275491478  0.45472610090243037
  0.46137449991082707  0.46643379102375987  0.47201247780669492  0.47929685910966008
  0.48643891207937906  0.49156204410360332  0.49601918710334597  0.50049718816227096
  0.50638581543154459  0.51491927117955560  0.52512203509432598  0.53756905772954344
  0.54970652421942334  0.56145825428236884  0.57520184746050973  0.59075087082293698
  0.60838569357411032  0.62441574595465332  0.64239068210252337  0.66045621615013139
  0.67763653764076637  0.69656835993624266  0.71646535881248707  0.73517959403764521
  0.75018894071919517  0.76429520163662601  0.77864102441360283  0.79371408633016549
  0.80956611718883664  0.82883724547102500  0.84948901617659034  0.87287444391628444
  0.91279034480837340  0.93898414641136618  0.96157868874099384  1.00000000000000000
 -0.00326153783587357  0.01239861422263350  0.02555311186215466  0.03814628779825019
  0.05144078503949434  0.06554421547792234  0.07841453478583452  0.09056476740633439
  0.10291172547340412  0.11569562886057418  0.12823458061780088  0.14032803348384898
  0.15090565101888007  0.16056581919676360  0.16922462976945007  0.17451059008486822
  0.17926164270459399  0.18460879376977801  0.19029256757337601  0.19706010658942674
  0.20316987590025076  0.20976506080777058  0.21624078838844701  0.22256212248987464
  0.22910319714612559  0.23683129969120270  0.24510898383879237  0.25367924528787800
  0.26455383119948367  0.27527303043246215  0.28673476608756665  0.29857925494375914
  0.31203590200743353  0.32669822970688189  0.34079024427134252  0.35341875033368203
  0.36640945371647371  0.38006645209210971  0.39356837576916520  0.40691273721612997
  0.42051886952389206  0.43421172307783407  0.44648665795928510  0.45764552640488404
  0.46852635597581976  0.47762145620074492  0.48571968086148842  0.49338969047419218
  0.50216656975566998  0.51106896824951542  0.51998251209482593  0.52985893906389137
  0.54105197072531286  0.55319327124884010  0.56647201912592982  0.57784056586748889
  0.58773949493997890  0.59709412876147561  0.60740835046289310  0.62017974929278619
  0.63365084525648796  0.64871423512462600  0.66272249905215785  0.67393134113279862
  0.68287430188761788  0.69164953748278668  0.70080015569282306  0.70840174232595476
  0.71410425364922481  0.72293659676991473  0.73181364249194358  0.73868697342808620
  0.74452592826102393  0.75019478566329845  0.75659242389388981  0.76411499031778773
  0.77195884625356204  0.77959442465241735  0.78803566312013973  0.79924704634897759
  0.81103515426633077  0.82148114545845741  0.83261399436751482  0.84454799294308258
  0.85736041743552971  0.86845892792131829  0.87772446681769789  0.88608509907824951
  0.89479262656184611  0.90531765979557821  0.91714698880397405  0.93207207467851227
  0.94988569582387350  0.96783734714455383  0.98446412031785380  1.00000000000000000
 -0.00295553232986278  0.01196534744553845  0.02334263764304713  0.03220946346789919
  0.04101031661480912  0.05068378714281342  0.06129421057609614  0.07161545055629415
  0.08108357465297575  0.09071959417157732  0.10072188196645360  0.11169668395462393
  0.12281137580669790  0.13444031779973059  0.14593847436419355  0.15785180483702649
  0.16919456354649440  0.17919764458399967  0.19035529749381705  0.20221002520107426
  0.21555864205978184  0.23312067008607951  0.25150284324526279  0.26480050035363040
  0.27528917597125696  0.28586943106393248  0.29673321783181839  0.30678764016834148
  0.31680104547845428  0.32752480665771222  0.33813798001190526  0.34848902055971048
  0.36093255757171566  0.37129311318241631  0.38058591857316920  0.38914854034916796
  0.39787033842700581  0.40753945489862209  0.41852549698003183  0.43136179449588830
  0.44589145134634112  0.45914600943332223  0.47160027317336700  0.48461580689503142
  0.49664404548021540  0.50760619178353428  0.51816015704223728  0.52884491632384190
  0.54041575763625360  0.55398971151047438  0.56485605148730789  0.57796627655384225
  0.58683692070107596  0.59514601865454120  0.60337916908188793  0.61277977722462063
  0.62264219162450718  0.63189669153414851  0.63913048499996683  0.64714290716078093
  0.65592867927645671  0.66520437344526773  0.67418149654498660  0.68183012255394460
  0.68962368128287788  0.69739784001450333  0.70373646692633751  0.71004684216609371
  0.71842183918003211  0.72486128310271458  0.73295212309785318  0.74423878754518347
  0.75878863500596072  0.77181085025095741  0.78435801637805924  0.79619288569241675
  0.80889573715047980  0.81932847227626138  0.82887707666745092  0.83924222985244135
  0.85040973726548053  0.86042013715652743  0.86906812817913659  0.87822416604404518
  0.88964701398709867  0.90228980444776563  0.91335715146716789  0.92448743221283070
  0.93383758610522727  0.94641279578089454  0.95726831744170893  0.96477283684804005
  0.97228178754558703  0.98062141340814024  0.99008716423337395  1.00000000000000000
  0.00479491394121031  0.01595499141491522  0.02444363337736512  0.02959250581882462
  0.03395881435069759  0.03770054133873905  0.04117565520029273  0.04431738401956260
  0.04756795599473132  0.05099653634644077  0.05435813905731943  0.05761471043205688
  0.06071093472569188  0.06357966897115454  0.06595757128495836  0.06808388097122281
  0.07015130680816645  0.07229600120396786  0.07479834474369412  0.07724008998875720
  0.07937369226910010  0.08132625126361952  0.08330634452840124  0.08548903936057767
  0.08814429600904623  0.09059539501168212  0.09284487701610721  0.09483610637966293
  0.09678122662964762  0.09893020254309584  0.10133623037420116  0.10391511990726904
  0.10650462776251102  0.10890001469125012  0.11121643923700930  0.11354658230685588
  0.11580706404368778  0.11824199610814302  0.12065536799920691  0.12300287064844934
  0.12614313367836946  0.13036910126071385  0.13568542541546366  0.14125955669074827
  0.14659911642472012  0.15068521324807019  0.15358868910740422  0.15610854641166941
  0.15859846887153350  0.16125837327134401  0.16543567625369096  0.16936303945252865
  0.17263209768470875  0.17570239118023706  0.17898997905636191  0.18137557029332640
  0.18349177035225483  0.18567077824603087  0.18781302516714979  0.19037085014399144
  0.19340428621978040  0.19622274287938027  0.19916905841653046  0.20246552171598767
  0.20516445083448262  0.20844252150216933  0.21197832754639231  0.21579997824509636
  0.22001069399493445  0.22492545685816201  0.23097825776938982  0.23757294904778548
  0.24363227287524247  0.24930259587268530  0.25658141286054548  0.26597672009456641
  0.27590603913851658  0.28396602331638304  0.28979452859996596  0.29556218368027104
  0.30309314903097873  0.31470194577615634  0.32081276909072437  0.32416510755110850
  0.32762779865039166  0.33141573295891896  0.34082222059097267  0.35129903067670665
  0.36003679404555561  0.38016810987192284  0.40026494828883430  0.41871038925537468
  0.45371042771717351  0.51285516974383694  0.80654109997086343  1.00000000000000000
 -0.00405749878784963  0.01303317649181060  0.02781996159497343  0.04148300032967456
  0.05392153389578305  0.06599902478725210  0.07614050446236718  0.08499290371597060
  0.09258853578405089  0.10019458571876848  0.10778686828129420  0.11496021101373335
  0.12209089026616829  0.12969797246807380  0.13856947513508400  0.14686376470659795
  0.15342932318695784  0.16025916251016517  0.16828045846638351  0.17589337200943397
  0.18247648258772459  0.18908651262386963  0.19735656925258424  0.20713530955552595
  0.22010895855267101  0.23491784083838524  0.24752942172317458  0.25813394930233724
  0.26789139387084188  0.27529394338133567  0.28286166463952084  0.28994326006266524
  0.29751618202458441  0.30922470164774196  0.33082247798737657  0.34723784020442877
  0.35903818506404689  0.36953151677499563  0.37974072181160323  0.39066235902044355
  0.40332818711115587  0.41856211780256941  0.43559098813788988  0.45337542670084946
  0.46913266963192823  0.48375519420782870  0.49817017122605450  0.51039029624247068
  0.52299883400522029  0.53599615297693526  0.54785741475551608  0.55830263918929990
  0.56956068513088187  0.58085550542330433  0.58987750999077992  0.59791785978860756
  0.60568067571360884  0.61451451697491732  0.62243088975428384  0.63039236692244427
  0.63889084080794889  0.64907775003490797  0.66290601136202509  0.67600266706658452
  0.68896133178076802  0.69718844483904308  0.70614898437297846  0.71527924896248829
  0.72447177822481945  0.73392089718274900  0.74395723176858475  0.75538505193662575
  0.76940525796928694  0.78404110814331429  0.79887191739320562  0.81092142757710295
  0.82124562214895103  0.83064154109389410  0.83904302430842415  0.84747349114171200
  0.85647288449580194  0.86502001208458024  0.87324325994750607  0.88171456898189249
  0.89054570776416786  0.90014577885100100  0.90938749598300139  0.91780250094789095
  0.92810605640968868  0.93762308861353960  0.94627358805730455  0.95380039433851782
  0.96313194339687414  0.97395586356010011  0.98620246440028525  1.00000000000000000
  0.00111870897138024  0.51664944931009438  0.63515903550859931  0.70515736374239912
  0.74403027563328084  0.77469755100883098  0.79504888224893999  0.81218834906180459
  0.82832331827653716  0.84157081169416437  0.85293980285938409  0.86244334963750058
  0.87147618390958170  0.87854864536157784  0.88419074514429707  0.88894022746036183
  0.89331380880315014  0.89708463208002875  0.90071473948458702  0.90413969573983466
  0.90748668583983949  0.91059200548377572  0.91361353136397394  0.91660954806008166
  0.91915719702190457  0.92164244367819237  0.92431516680122994  0.92722683944166528
  0.92973946321214640  0.93183690430147437  0.93380127474422514  0.93574381231512538
  0.93777187541541374  0.93974706547935838  0.94191023754646686  0.94401729494522169
  0.94585475489317461  0.94762217845046348  0.94918218617111727  0.95059233952480326
  0.95198154946394431  0.95338318757925955  0.95462002607789531  0.95583242889337039
  0.95718340141806957  0.95861370494941922  0.95986318226677869  0.96082342116705011
  0.96163129356823818  0.96235541961990001  0.96310187448900131  0.96387744208057247
  0.96470013255809695  0.96555210921086920  0.96640741680201503  0.96732512623455136
  0.96834846738209279  0.96931974125953391  0.97009100878123211  0.97074098439978673
  0.97134299231593746  0.97192544814715143  0.97250318909208910  0.97310880660229915
  0.97375839342083259  0.97446022318676995  0.97521941690229774  0.97598096721383176
  0.97678060387061838  0.97760850382194309  0.97841168102134113  0.97910741404085888
  0.97978805454618834  0.98043783230872039  0.98106231581127556  0.98167301085800618
  0.98228266056061797  0.98291113113801420  0.98355972097151856  0.98419361043891018
  0.98481715281104365  0.98543691312049608  0.98611958665827448  0.98684831736779821
  0.98760975236903004  0.98845287616048372  0.98919484576923422  0.98985874191555545
  0.99049406841344678  0.99112322056055457  0.99175691264998145  0.99246718517911359
  0.99323355437419336  0.99418671490270272  0.99596529683465340  1.00000000000000000
   1.2956406906900629E-018  -1.0000000000000000     
 F F F F F F F F F F F F F F F F F F F F F F F F F F F F F F F F
  <DiscreteSampler_grid>
  grouped_processes
  1 # 1 for a reference and 2 for a running grid.
  10 # Attribute 'min_bin_probing_points' of the grid.
  1 # Attribute 'grid_mode' of the grid. 1=='default',2=='initialization'
  0.0000000000000000 # Attribute 'small_contrib_threshold' of the grid.
  0.5000000000000000 # Attribute 'damping_power' of the grid.
 # binID   n_entries weight   weight_sqr   abs_weight
    10   10   6.189800113045243E-012   2.386221143193909E-022   6.189800113045243E-012
  </DiscreteSampler_grid>
