 -0.00000901312432696  0.00061312768552481  0.00174128018306468  0.00319997899664488
  0.00442819217058079  0.00548533807796303  0.00659880107052749  0.00772747772791436
  0.00890045808742895  0.01015512848223272  0.01144180222500678  0.01274946981610811
  0.01418918209414157  0.01570954171865723  0.01730393984571949  0.01894940258807881
  0.02050777542512191  0.02195324084107346  0.02338361503172403  0.02486721068388979
  0.02652924800934832  0.02842796916449029  0.03040586056563929  0.03226939345879861
  0.03413907261305690  0.03590932632862348  0.03741176311006184  0.03890376482984530
  0.04045188969890532  0.04205204313925220  0.04388161354869526  0.04603339172308561
  0.04822825541752265  0.05025109738973507  0.05212972248907168  0.05407068220118560
  0.05609920717707000  0.05802735226836074  0.06011042214806424  0.06225408910481587
  0.06517327113864323  0.06899686183195546  0.07319790396210678  0.07796524846287164
  0.08257774850540148  0.08613391512194535  0.08887667239200014  0.09167006624210652
  0.09470913687150199  0.09783356554337762  0.10054649588909716  0.10291184825879991
  0.10517612384121930  0.10746557474515225  0.10997090028130387  0.11256468716997538
  0.11507721557642968  0.11787738746422649  0.12021766053024420  0.12251250961092351
  0.12464412199393371  0.12680153447465614  0.12902108893438738  0.13129951781984928
  0.13346041061085090  0.13565845859826234  0.13803073756658799  0.14058260969708899
  0.14333098729624669  0.14639970016803802  0.14950314424369851  0.15314365960076204
  0.15696113076165852  0.16050680915514004  0.16430438696966657  0.16869864351194272
  0.17294793465468924  0.17680173789565934  0.18058112873290699  0.18473596286715060
  0.19005094006549686  0.19664105601905404  0.20266812948566520  0.20766361304799297
  0.21183331380276837  0.21620208046023437  0.22092420386518111  0.22623103834281524
  0.23304918479892658  0.24082858846633198  0.24832278550852899  0.26617883837380452
  0.28940298083284494  0.31670627738925600  0.34717339569433669  1.00000000000000000
  0.00038032427169449  0.00054089595149321  0.00068477545455406  0.00087283647148834
  0.00112177228054228  0.00133187560081523  0.00160228516018612  0.00192432767531604
  0.00223079538453021  0.00266018709697938  0.00304706722123756  0.00343415527385748
  0.00385643346833580  0.00434079739832392  0.00484769805140905  0.00533599444951940
  0.00588373980420008  0.00650180500607532  0.00719292515481934  0.00789481240352696
  0.00845125156295304  0.00905475358842011  0.00961583605915159  0.01027010249712978
  0.01081478788283428  0.01128366441581203  0.01175289683649267  0.01222559135081565
  0.01269964559283509  0.01330607676176976  0.01399706237448680  0.01471007094320647
  0.01549968561167739  0.01637250638092759  0.01709590706859123  0.01781947131579346
  0.01853102386139833  0.01924873382319476  0.02011971808538198  0.02108275491676787
  0.02207965475009775  0.02303341278069922  0.02390805675197333  0.02491572642880946
  0.02584649643048747  0.02673860327277790  0.02756986619068477  0.02838052310887059
  0.02931394544792733  0.03064760800136854  0.03310295525173048  0.03536412163060736
  0.03688195338401432  0.03770884384646831  0.03857983522615985  0.03939131046275589
  0.04019403136953247  0.04102366565893779  0.04196752139417045  0.04286928465884311
  0.04366548997280598  0.04444909759835672  0.04537098305627862  0.04616932548470407
  0.04704070212750646  0.04796428371323268  0.04906259626519775  0.05035984455324980
  0.05164880125809989  0.05294042922845874  0.05428079635119012  0.05565869706516004
  0.05692028163659236  0.05794626257974938  0.05892331977166639  0.05990632724466664
  0.06114243191061984  0.06264276939791633  0.06405325142072198  0.06535995452001316
  0.06667326031909936  0.06823564168103870  0.07039006356269500  0.07308986611518828
  0.07630737546934654  0.07851229453701608  0.08262138866353076  0.09101285492988898
  0.09682776682396403  0.10063940276478459  0.10470430524093061  0.10920012301475751
  0.11403987771043798  0.12412072160190608  0.14175854447096278  1.00000000000000000
  0.00001894581631213  0.00026988492135223  0.00036022558334744  0.00046487580781981
  0.00054474931574545  0.00061345001339163  0.00069388422858732  0.00082578602607350
  0.00106305463516172  0.00138135608828330  0.00194648939471229  0.00252054574261243
  0.00320254948494721  0.00409434704724882  0.00497945832801461  0.00592365676609603
  0.00671307489495249  0.00754925331670151  0.00847740743511295  0.00960191539953144
  0.01102310309228277  0.01263128820164917  0.01428060724721784  0.01594501923141737
  0.01758912286381213  0.01926625940018954  0.02076937267674188  0.02212978485423636
  0.02350787400156594  0.02507426879123743  0.02681025553207069  0.02854614235625569
  0.03029658600838794  0.03202492690087952  0.03369159392092169  0.03528305795941324
  0.03690517685353044  0.03865717996846998  0.04056791457249758  0.04258964874987032
  0.04462011570436418  0.04663697841341732  0.04871691444976984  0.05092032548561370
  0.05336917776227232  0.05605275983839567  0.05912936899438739  0.06205647290380267
  0.06470908515137057  0.06764578245853561  0.07074539461499915  0.07335029659184060
  0.07468457115341916  0.07636889624609076  0.07849751665543772  0.08084509761040683
  0.08319767715550215  0.08536145473452215  0.08757088879828581  0.08983930611374440
  0.09217202278999018  0.09468620248306699  0.09687083504519962  0.09892432366777837
  0.10038408375881312  0.10180958221726451  0.10328032805332787  0.10493021783372701
  0.10717820192668974  0.10964904366159023  0.11215704292376093  0.11406178380487351
  0.11605799670690810  0.11836371723911646  0.12103160950146406  0.12413084958889122
  0.12764989835017762  0.13078619478459005  0.13406463189509851  0.13676523767208995
  0.13934938817348980  0.14194267452783649  0.14521496179457666  0.14799505210985434
  0.15054269526019068  0.15296280275976459  0.15634352720269837  0.16000231308940252
  0.16358594238394714  0.16667335491473831  0.16958075421933558  0.17212299760599406
  0.17501192498256321  0.17836646788007934  0.18268963470830532  1.00000000000000000
 -0.00373916670960863  0.01123026781471298  0.02544670982535173  0.03915091939056838
  0.05313651795208042  0.06794977847184935  0.08178986210484125  0.09500341634352659
  0.10675739924521158  0.11298020906049858  0.12022117718799726  0.12729371302073414
  0.13463269159846208  0.14239198822755342  0.15060712520154335  0.15874105745007508
  0.16637932736124481  0.17550536875929212  0.18577811046801312  0.19762003039035084
  0.21262593796453003  0.22972094923673902  0.24637468058892137  0.26295046028358893
  0.27826936288277510  0.29345123715785981  0.30700232872615041  0.31745244480720519
  0.32522631019986414  0.33305282501422145  0.34058824776301305  0.34870958522896728
  0.35805631820208866  0.36719890797863164  0.37809393755573595  0.39465283546425739
  0.41046533675333674  0.42349054814432852  0.43635607630230755  0.44786049255435556
  0.45762429719844544  0.46687548893455572  0.47606290890235381  0.48719225545317485
  0.49852326635332989  0.50854063041921271  0.51772264306423932  0.52621374868742066
  0.53301296661846032  0.53931045135132483  0.54543304268493753  0.55138892321543498
  0.55959562457599932  0.57122288576725400  0.58263009509549479  0.59398873622694515
  0.60615805712509829  0.61981673598562070  0.63517368296798948  0.64848390637392539
  0.65603762912458552  0.66441281287232035  0.67215928452278961  0.68033166594541139
  0.68853148546148935  0.69622770986889471  0.70299866253305587  0.71187858259752934
  0.72263957647624433  0.73351454899760915  0.74429455986878090  0.75543199834035601
  0.76782155100443716  0.78121626073703787  0.79299914020705631  0.80195498906918472
  0.81116401619844969  0.81927751783467684  0.82842315518338094  0.83677358532132140
  0.84565888924478172  0.85475750681460116  0.86316277543544861  0.87072402479020838
  0.87815651661034932  0.88571675788529924  0.89583248292845807  0.91062066731199953
  0.92713633881255297  0.94431714198219185  0.95930620296293478  0.96885587007562779
  0.97711270248424797  0.98486414958782231  0.99271380895068850  1.00000000000000000
  0.00453750055734880  0.01754867122674315  0.02642610390229877  0.03259967267006928
  0.03810728554276874  0.04303246671753679  0.04738039458409166  0.05144929864976878
  0.05532672844509152  0.05936172923820348  0.06350604725265341  0.06770846870873035
  0.07158075909506377  0.07505396943045689  0.07828981420249459  0.08147336635279248
  0.08490995225552300  0.08848900514348827  0.09197928188070982  0.09528526985892476
  0.09851056243280375  0.10190394572464963  0.10484432022153072  0.10770989262466406
  0.11035454569742509  0.11292324619479036  0.11558188506138631  0.11827394939411638
  0.12089087309319262  0.12355303922905435  0.12658477343110017  0.13007809264726555
  0.13362256025838989  0.13749694462230269  0.14141931149625439  0.14497185146728930
  0.14976166017765630  0.15519460267064819  0.16150872973956010  0.16636961370781927
  0.16964267464826763  0.17284893024281894  0.17605867193834862  0.17902937984885983
  0.18198374617685123  0.18540554491256100  0.18907550817774640  0.19171416987829953
  0.19435129853719177  0.19693269055924822  0.19952475962616117  0.20177457163170803
  0.20387171696252754  0.20615528635979502  0.20895931186008565  0.21203555869709415
  0.21475988931893067  0.21767556958976769  0.22105616046205193  0.22484781279385954
  0.22827575825768315  0.23159636622990487  0.23458659040839175  0.23784679156977348
  0.23963075140561443  0.24178187984641003  0.24354674425635450  0.24611835570650731
  0.25019952042473675  0.25530528804355623  0.26099872668467494  0.26681260261009182
  0.27167125369807155  0.27941599800371253  0.28694926993788422  0.29301450124796574
  0.29871994779799504  0.30438601525106762  0.30943619135948525  0.31556252475429136
  0.32476371315718933  0.33327163731526582  0.34263563250405027  0.35096108933845954
  0.35648876258064521  0.36177658903780441  0.36855552677047981  0.37546979158799260
  0.38221979982795345  0.38999112118643231  0.40306632908297557  0.41461256472090335
  0.43320110390874172  0.46113662792813875  0.73704190761873190  1.00000000000000000
 -0.00231757621417185  0.00910118367921412  0.01957165198600826  0.02610329750357692
  0.03418674298610200  0.04220013505614643  0.04959071403816748  0.05658242869980050
  0.06362178785540183  0.07092009228907026  0.07718940718687803  0.08433083499164090
  0.09391496184588459  0.10554975211981281  0.11759888152467644  0.12901483764346799
  0.13983799781876852  0.15084979323538333  0.16294702739283048  0.17564119224383992
  0.18884294919678302  0.19963323566117216  0.21081106083018791  0.22249560583319999
  0.23452875722701347  0.24536894302097223  0.25609450900794822  0.26836000373834606
  0.28002405927592122  0.29247794342669353  0.30617146005084800  0.32095779465799240
  0.33390523171739234  0.34529286580471591  0.35610956190505894  0.36621647647627942
  0.37571690736461077  0.38474549191166335  0.39466951689163515  0.40601198139489042
  0.41686218362173816  0.42736038317379799  0.43711007832445375  0.44573115264930790
  0.45417830463298037  0.46295497356151599  0.47305835811670327  0.48499741213957048
  0.49687679922650796  0.50803722417716179  0.51924232328209141  0.53007074548993116
  0.54132402210569552  0.54889886001402333  0.55610165957287283  0.56399210782992870
  0.57176233664372977  0.57960112658935714  0.58831783536693028  0.59997381472236466
  0.61335280706929074  0.62559672426997837  0.63668433552993942  0.64765171807608590
  0.65931819512116985  0.67124752762553319  0.68395827807925524  0.69834846972752496
  0.71392376123310741  0.73018586761353688  0.74411194600197550  0.75702657448602673
  0.76812649719173720  0.77960581070649504  0.79126212039392485  0.80086742653060283
  0.80762819165141719  0.81449829280065611  0.82360291697115517  0.83349797138115989
  0.84197142362811961  0.85128598770833475  0.86225831599486624  0.87490158699915421
  0.88742189344211553  0.90022254729406170  0.91316904956977074  0.92716196916802984
  0.94236705504928164  0.95570116549874240  0.96349004444585584  0.97011308670436269
  0.97800843948334060  0.98465052206876647  0.99127893057340610  1.00000000000000000
  0.00147250938171495  0.00408659792504555  0.00722389204559241  0.00990485151271282
  0.01223314619520372  0.01444126720274087  0.01664440270793472  0.01884558169296880
  0.02104679868691582  0.02326754750240403  0.02542015737536800  0.02753561341529958
  0.02970965350017512  0.03193759788710825  0.03414976638540281  0.03618967411634385
  0.03831348243099669  0.04029771881013067  0.04216320766140132  0.04408020997488808
  0.04547954873401034  0.04695444634272786  0.04843982704620414  0.04994030262819193
  0.05151186605962755  0.05312173840576840  0.05481160261320243  0.05667253423178094
  0.05834108884406265  0.05979045547992629  0.06129419160265716  0.06279595536896344
  0.06432851926758247  0.06588937384697317  0.06750006072059576  0.06894298816313606
  0.07080183799903222  0.07267934702774112  0.07484064030197460  0.07740590886628602
  0.08031301192140648  0.08342731385482322  0.08639210418307464  0.08939021312830271
  0.09208635745549353  0.09453029017297039  0.09682599595719869  0.09924581064167262
  0.10165364466936477  0.10380703218588341  0.10567002394554301  0.10791207289093453
  0.10929741102975331  0.11061208820107436  0.11203601959277841  0.11362441600670015
  0.11496962557856223  0.11615710468414599  0.11731485546242387  0.11851237086667431
  0.11994003404094039  0.12145977979432947  0.12302942993149842  0.12460647308961841
  0.12645162616187616  0.12857208212731761  0.13026824617116281  0.13154678918128376
  0.13273746976369463  0.13452240950723790  0.13706496751511765  0.13926204807147383
  0.14140734123399074  0.14360177794285670  0.14527756023137750  0.14698213682905722
  0.14886553807157649  0.15082678102437022  0.15265487002118575  0.15382957459040567
  0.15507730190326388  0.15673621536819637  0.15909839109342744  0.16112503150039870
  0.16248477398252381  0.16400096645915799  0.16524380286681656  0.16679911373002515
  0.16970662730521202  0.17295114334562445  0.17841462905811611  0.19508026267705536
  0.21760433991724659  0.24754899817273629  0.54177968532087883  1.00000000000000000
 -0.00107045018828170  0.00490901601329348  0.00985699102541798  0.01536851379686328
  0.02129588908436159  0.02792120271705738  0.03469018228114968  0.04068239498435872
  0.04617851150570846  0.05160564813726749  0.05707056191334215  0.06399358142788775
  0.07416561600442748  0.08436055359240605  0.09479924729697091  0.10507974811455729
  0.11586732350124351  0.12806777725645799  0.14194378496391052  0.15401741191392229
  0.16337202290504499  0.17236377806505604  0.18044375935899931  0.18712438175111010
  0.19390559125021448  0.20038090002933143  0.20755452763929200  0.21621666895433184
  0.22624417100677255  0.23893937269067214  0.25383245873153237  0.26987921646921670
  0.28582166593634611  0.29880123843523371  0.30965061282888251  0.31878279531213777
  0.32644173832055595  0.33406801685681986  0.34442554244123758  0.35792810999687041
  0.37729553360389928  0.39671327349432906  0.41480829968667454  0.42799552193495233
  0.44160555227129172  0.45654517743221551  0.47160958141188075  0.48475942905972480
  0.49579032651072130  0.50766551257708081  0.51739161666787514  0.52587082911906780
  0.53373078633816151  0.54346263692254104  0.55976643182595143  0.57864207596383144
  0.59777538359926052  0.61517081718655831  0.63275947795554888  0.64570046795992608
  0.65944830757217121  0.67262290392241120  0.68605225547539983  0.69916760965443958
  0.71166442229758242  0.72475848267178777  0.73885005717098917  0.75320950691912825
  0.76841137399739790  0.78447959075602158  0.79789899113907292  0.80826215971463578
  0.81774739368559501  0.82696899362880583  0.83698415788496761  0.84567359649552654
  0.85405095063255043  0.86255262594645177  0.87150931114962404  0.88116941475099586
  0.89101361478964258  0.89954131166788320  0.90696080280144986  0.91380231352512531
  0.92025849769600487  0.92704805041124927  0.93534647803902038  0.94376111516683947
  0.95385027240877251  0.96189955897066737  0.96853886823189284  0.97557855370721758
  0.98240059618308018  0.98870207336362759  0.99431261136316573  1.00000000000000000
 -0.01542820162200143  0.53657963111587204  0.64311561644568371  0.71113665606437848
  0.75748754033987153  0.78381079519237407  0.80592688639223253  0.82259347249998482
  0.83646534405200379  0.84977798403053773  0.86038962639884486  0.86898424233166138
  0.87667449624859461  0.88353253412174937  0.88960064708470177  0.89504737213217433
  0.90008565278116615  0.90516161037248022  0.91017341080413705  0.91495185782187494
  0.91900284216325412  0.92235438597963093  0.92544743948303387  0.92834264362104857
  0.93104270349669371  0.93362393983816527  0.93598228924008842  0.93804238179939670
  0.93993066838699002  0.94183164528861107  0.94379239332914910  0.94552500424575259
  0.94725484589800535  0.94900984842536296  0.95069877768520694  0.95242381891782424
  0.95402662269516414  0.95549640125070534  0.95685577925703702  0.95811267472703454
  0.95903284858582294  0.95992927878938428  0.96089782064590501  0.96196167901374119
  0.96302208755276386  0.96399605398930088  0.96490309016808595  0.96576130593975118
  0.96663230674347012  0.96728245323076489  0.96785391110034313  0.96842424506818048
  0.96903697465433780  0.96969068081929333  0.97031851708580641  0.97093039316116070
  0.97159523995401831  0.97240719713638801  0.97315495070440949  0.97388162126760780
  0.97459155809850428  0.97525511581909974  0.97586569994258643  0.97641858850011320
  0.97698923547492489  0.97757038480989955  0.97815367631909811  0.97870408474859238
  0.97926175878778510  0.97978935484096885  0.98026466330307227  0.98072819176947945
  0.98120689976311104  0.98169822173447185  0.98221415089768482  0.98273982555499717
  0.98326622582103429  0.98390139833294177  0.98451329561215328  0.98509016770426205
  0.98564252822123599  0.98617895925936305  0.98673166329291861  0.98730836346433559
  0.98795131435545869  0.98855023246349250  0.98913688789570875  0.98972335826465629
  0.99035262989955553  0.99100641923294364  0.99169945741871024  0.99252422006712282
  0.99341758931713819  0.99456155037069038  0.99616538111018127  1.00000000000000000
   1.0855236446190469E-018  -1.0000000000000000     
 F F F F F F F F F F F F F F F F F F F F F F F F F F F F F F F F
  <DiscreteSampler_grid>
  grouped_processes
  1 # 1 for a reference and 2 for a running grid.
  10 # Attribute 'min_bin_probing_points' of the grid.
  1 # Attribute 'grid_mode' of the grid. 1=='default',2=='initialization'
  0.0000000000000000 # Attribute 'small_contrib_threshold' of the grid.
  0.5000000000000000 # Attribute 'damping_power' of the grid.
 # binID   n_entries weight   weight_sqr   abs_weight
    10   10   1.294318386929079E-012   1.381530308126731E-023   1.294318386929079E-012
  </DiscreteSampler_grid>
