  0.00109706509689341  0.00142642740482768  0.00167792539658817  0.00188742299032730
  0.00206177122896717  0.00221441786976001  0.00235541967432816  0.00248578015814740
  0.00261180470419105  0.00273454912265721  0.00284960807485586  0.00296387271605161
  0.00308331194149980  0.00321207725382861  0.00335830948965120  0.00350397323462756
  0.00364728382459097  0.00378922828063116  0.00394642881410747  0.00409289376146521
  0.00424199649966424  0.00438680686539055  0.00452980338840274  0.00468291388811267
  0.00484554004029237  0.00502346879165070  0.00522040360131842  0.00542226615909443
  0.00564514441146439  0.00585007663594809  0.00605308267611150  0.00625991446538606
  0.00647459921662389  0.00671826255301623  0.00695182191709387  0.00718204514508413
  0.00742207750987325  0.00768130267656915  0.00796157902256322  0.00825533510655417
  0.00854626172815461  0.00885665627979315  0.00917794499930019  0.00950604025342988
  0.00984580999707076  0.01021147539357193  0.01061919331574207  0.01106462536021945
  0.01152178510978910  0.01197889206144526  0.01243146299860507  0.01287654442703784
  0.01335346116202002  0.01388429564560828  0.01440305545953377  0.01493248454870003
  0.01550026201780883  0.01605928235508220  0.01658579834717860  0.01710946319219206
  0.01764691713363975  0.01831697871210893  0.01903268687057436  0.01974346147290081
  0.02048992716864461  0.02135976042462969  0.02235605820359435  0.02349994411622522
  0.02476530048696846  0.02610404391944541  0.02776954491764763  0.02928132619110678
  0.03051130987855185  0.03172283531807697  0.03294166807326336  0.03415332316858551
  0.03548682170200780  0.03695149888516785  0.03840707770522298  0.03979572508773890
  0.04107231795060054  0.04240747773710159  0.04417578448224757  0.04650101172975150
  0.04946255008895608  0.05331424461885989  0.05925639194892972  0.06428487992599724
  0.06975244113878129  0.07771396854011693  0.08734503161670296  0.09694727029830978
  0.11283542998298036  0.17475912118406528  0.34225435307192076  1.00000000000000000
  0.00000182027662500  0.00001162166314226  0.00002979390404581  0.00006337180958064
  0.00010865302837049  0.00014942737274702  0.00019725721448753  0.00026083687180521
  0.00033299315784778  0.00041476163435384  0.00050075454979467  0.00059620855354873
  0.00069745240712793  0.00080133012100267  0.00090756838569481  0.00102509257280511
  0.00114888952547448  0.00127796767489668  0.00142127498307418  0.00156896828934048
  0.00173374433555104  0.00192019974473730  0.00211598572882196  0.00231491217166193
  0.00252376344022515  0.00274204523198447  0.00296857234091543  0.00319151559902778
  0.00343084060848992  0.00368589862221369  0.00396425532121163  0.00426593873399471
  0.00456685600885405  0.00486098012969437  0.00516077078945099  0.00546993862605899
  0.00577357373734675  0.00610952913972732  0.00646372348440975  0.00679376366264088
  0.00715026633649110  0.00752809286244024  0.00790529793479951  0.00827059861429722
  0.00863850503083422  0.00901652617159190  0.00940001497275699  0.00984385051517164
  0.01034064283090113  0.01087793129642224  0.01140148507995277  0.01191049991361948
  0.01240933425696594  0.01291286456607731  0.01346836557965373  0.01413211479363555
  0.01492194394845179  0.01560519995598524  0.01628122638532617  0.01696764211238548
  0.01770960618191428  0.01863028991602621  0.01970247055934709  0.02077370478579560
  0.02180085305473276  0.02280624882102400  0.02384365714150184  0.02488194254458111
  0.02606905632891853  0.02724456213892373  0.02844764186504759  0.02980547578113482
  0.03135413381450802  0.03313752405882763  0.03553932362059954  0.03775870632247966
  0.04013103639624262  0.04256334824809289  0.04493735319417962  0.04782788710124904
  0.05108175679553104  0.05451988947695086  0.05809940124114907  0.06182450261264330
  0.06564025528548181  0.06957148747429436  0.07404472570780059  0.07997265864283634
  0.08842302213694261  0.09927190130186206  0.11220406134214034  0.12655048837547239
  0.14003017417603517  0.16304454267299068  0.55027167634799456  1.00000000000000000
  0.00025053885455478  0.00057070041559479  0.00088640344424683  0.00117332050312173
  0.00147782654500487  0.00185548929891354  0.00224052708161174  0.00264331949223241
  0.00302771042940193  0.00341477771795764  0.00382609572381124  0.00430968887447054
  0.00485170783599013  0.00538339606344016  0.00586626201063840  0.00634416586064512
  0.00685591902912235  0.00739144960424979  0.00799157643836093  0.00859447602148419
  0.00922944197774716  0.00985814232066176  0.01047940696012771  0.01108529922012812
  0.01167602346891181  0.01227009331966579  0.01291669330285962  0.01365001816472898
  0.01448750905898956  0.01536682389195209  0.01628270055615997  0.01716390060800294
  0.01811591066974079  0.01908628248474837  0.02009967732306630  0.02118227337493197
  0.02218153715427782  0.02308067615463525  0.02405473986883704  0.02518954348969964
  0.02639771772884212  0.02759720917671894  0.02870253060306220  0.02976914689136280
  0.03075202027900016  0.03172737052619918  0.03262432497975272  0.03355023730124954
  0.03451283762658527  0.03553017015723048  0.03661071439833700  0.03776298088192481
  0.03902152348268454  0.04010468167441709  0.04141069968917320  0.04280064637439881
  0.04436700277839211  0.04596082863317528  0.04777170129522482  0.04949748154982731
  0.05133561576457670  0.05339847808939966  0.05543497258365014  0.05731561701278813
  0.05915692547679280  0.06112714904216793  0.06323112529682304  0.06549064887258339
  0.06807203724781560  0.07133334464353613  0.07604961817772986  0.07799288894026801
  0.07981484932952321  0.08167660421087729  0.08354083085221298  0.08536042961783086
  0.08756516484002765  0.09027690850906364  0.09326590359240404  0.09666163194576018
  0.10062996885433900  0.10447415499417044  0.10713382763074408  0.10927752226666147
  0.11195545130869196  0.11533481379796445  0.11806574845248941  0.12157374469564251
  0.12377909768319877  0.12573562106365141  0.13578102343677051  0.15032200334286255
  0.16774618005800393  0.18740360394655886  0.21638936267816739  1.00000000000000000
 -0.00188572731991718  0.00783209634309795  0.01662197447629140  0.02721823502745080
  0.03687640988447216  0.04596558383798535  0.05465838525796463  0.06378220971566367
  0.07393559440767093  0.08511031326010261  0.09584614348189148  0.10523506509085249
  0.11402411215381697  0.12303270867291391  0.13319953184685709  0.14387028255541470
  0.15524337054821552  0.16573125591059207  0.17691855667281972  0.18799341553001869
  0.19795681752041491  0.20763587770095607  0.21681005401742676  0.22554059454881270
  0.23486244460226846  0.24482579351245326  0.25433424611490280  0.26366538795520134
  0.27303384771276745  0.28205640259424153  0.29052202040937641  0.29881162000589406
  0.30727723434157628  0.31798210191578946  0.33054807995355734  0.34260580970068150
  0.35426822313460371  0.36640613271128880  0.37731273139907628  0.38730824471342146
  0.39672018689007726  0.40684150768984967  0.41714429159013217  0.42823126736089118
  0.43970403119777562  0.45128186274752974  0.46315837207149169  0.47509232100293558
  0.48541431387977146  0.49511986881473646  0.50531370047304935  0.51467815731191024
  0.52455409020648269  0.53494785524265842  0.54658357374748645  0.55876460485480350
  0.57036975922332755  0.58179392543152386  0.59254165694350769  0.60204676858675443
  0.61104155918318437  0.61980743389976811  0.62932644602040755  0.63987878292450195
  0.65127989298139499  0.66358091798010910  0.67562327158939717  0.68769346119308983
  0.69944247035272133  0.71149543421049921  0.72411891963961028  0.73706812161445290
  0.74945024882765587  0.76161490544626320  0.77319304996887273  0.78428007839244396
  0.79477167470787358  0.80481179028351879  0.81509423849844909  0.82523978904203932
  0.83547654193215415  0.84598092063558139  0.85691708266646460  0.86848510131937018
  0.88063965564979108  0.89389074548301461  0.90648095877852986  0.91840376275910429
  0.92842409506141443  0.93864619521068293  0.94842235855391877  0.95860575009451177
  0.96866508373037541  0.97847980816695468  0.98861633204690735  1.00000000000000000
 -0.00284314411711011  0.01034880301232009  0.02104101247354602  0.03262670510429327
  0.04478294752714847  0.05826391663162656  0.07163222505066279  0.08370305963767950
  0.09475640183770255  0.10500181152195623  0.11470477892035441  0.12458021073559652
  0.13535349153035661  0.14576160126585144  0.15506679922048874  0.16409945726327035
  0.17460592465320174  0.18538475922972991  0.19590256301244274  0.20641961666510361
  0.21765992723097730  0.22985136277672963  0.24168824134353473  0.25263749771083988
  0.26540740519508199  0.27646370317839580  0.28859522761870016  0.30017313235608478
  0.31054038674341400  0.31981439068696810  0.32908736143271761  0.33864197889335135
  0.34787943935690890  0.35706956691164898  0.36733132068860275  0.37808317246854684
  0.38937634862113174  0.40008469462947843  0.41090446514058926  0.42175476426421710
  0.43205787481179553  0.44186266644603428  0.45170281518135036  0.46188716735807539
  0.47206110941298995  0.48184836188102842  0.49216074805018911  0.50278334354392606
  0.51463344563493596  0.52564159438108216  0.53566509272970586  0.54531070015368510
  0.55568013102426572  0.56644438560415022  0.57709996877812197  0.58748048631568106
  0.59672175338241151  0.60550277601347735  0.61481915135795451  0.62484611708193960
  0.63635048142670114  0.64750534147745309  0.65746935237372595  0.66742600497584170
  0.67770064397557350  0.68826904788786558  0.69885266416334979  0.70973074351009358
  0.72140451596711697  0.73383669586994771  0.74507154554494426  0.75650540004037747
  0.76667390995292495  0.77641467435403433  0.78614773133129578  0.79583569373771135
  0.80585880293572665  0.81667062728366746  0.82871305363169911  0.84112893028807545
  0.85293563629699720  0.86442911889752494  0.87551204202130162  0.88451241365090949
  0.89412105799444597  0.90345783006320457  0.91377801254298374  0.92297188920714668
  0.93169696255538048  0.94081987547647672  0.94974249422030033  0.95809642053927080
  0.96651385910948495  0.97558507996469968  0.98698438377756648  1.00000000000000000
 -0.00142971188390466  0.00686528231474882  0.01486860801570512  0.02339588347588446
  0.03185126462934117  0.04016382922791628  0.04917151240614170  0.05906923993975161
  0.06922916644893339  0.07983039006714060  0.09027649662652182  0.09998076228787700
  0.11097942901605320  0.12195265183873018  0.13237160894606881  0.14159361148668723
  0.15182366788233032  0.16319006508160805  0.17444182774998868  0.18602087575718881
  0.19739230508196484  0.20738886876245974  0.21738313138459459  0.22835222115442577
  0.24041834039204257  0.25217223373324477  0.26352330696947801  0.27482128755308732
  0.28609232550484121  0.29764777067175041  0.30928136028668729  0.32036733450218025
  0.33127269664809605  0.34231633638572373  0.35261524197849198  0.36232583833695192
  0.37154703455920007  0.38158684758421330  0.39113940102530764  0.40160353437373764
  0.41191298853173242  0.42460795799249029  0.43714334128875859  0.45045024867689049
  0.46264193341519122  0.47541785490057997  0.48768074858987026  0.49881063460468095
  0.50859895851625314  0.51829688473943414  0.52939214514093391  0.54141590528305583
  0.55305165389851152  0.56479643485271813  0.57740228139128358  0.59023041967501277
  0.60157928254231585  0.61085372720349662  0.61889686471646743  0.62698988082917739
  0.63587963101271827  0.64554867785472758  0.65544169428345134  0.66635196215945169
  0.67809910616448854  0.68930030323107538  0.69988550625438817  0.71029239364809149
  0.72121957049633012  0.73266020916962127  0.74389616771641709  0.75498977659729660
  0.76560733944040682  0.77485673744753403  0.78299254961925568  0.79092899260125127
  0.79943324761276624  0.80969437732926719  0.82075458147079627  0.83279738611556620
  0.84489551500721227  0.85715596145540962  0.86884088107961921  0.88008083452229258
  0.89103197781974619  0.90215433471557571  0.91196856494347178  0.92107314014653552
  0.92972597378737354  0.93904669317769451  0.94895782852208810  0.95887435994411241
  0.96947521140968795  0.97938507687246901  0.98979639128950347  1.00000000000000000
  0.00591820039917006  0.00988407243053836  0.01525337855701584  0.01942073664131270
  0.02298650600551497  0.02614216682201690  0.02923177204509851  0.03215253376928646
  0.03493005060252673  0.03761369468444086  0.04021392382588845  0.04263897871523351
  0.04474749374284248  0.04690273082082332  0.04898465505469403  0.05105918827374316
  0.05324570769493327  0.05547424713557528  0.05766295103078101  0.05977487742981725
  0.06185516786735347  0.06395243396183034  0.06601519670069210  0.06824958104918799
  0.07063996165172805  0.07319371631536759  0.07583139260971189  0.07841304640032877
  0.08081072953529531  0.08318195939857098  0.08559494084292550  0.08809740518623031
  0.09056123993800004  0.09296897183251497  0.09540680400213535  0.09776419721558548
  0.10004912793539297  0.10244572199264008  0.10485711673946679  0.10739501870507429
  0.10998139320848117  0.11258750747779397  0.11541154673837242  0.11815719819356388
  0.12095738460202889  0.12305976463128972  0.12495108254864708  0.12675441894339776
  0.12852857832670933  0.13034092130168590  0.13341583183118252  0.13519448795683017
  0.13682530851491809  0.13849905284514782  0.14033047269842167  0.14230692477343895
  0.14521595728274658  0.14787764148073634  0.15000269147751608  0.15212201751955323
  0.15427107157399089  0.15702928605123689  0.15990504279830547  0.16269196496537761
  0.16542456462845756  0.16829859908520098  0.17172514305971601  0.17512689992999939
  0.17909051087899885  0.18265188902215149  0.18563776402303026  0.18814374999188849
  0.19109748614706187  0.19421897513105313  0.19781608600137590  0.20327765567227182
  0.20941695144310229  0.21629742525265919  0.22251474886605774  0.22790558178224171
  0.23348634647297797  0.23893274936123846  0.24563085319126921  0.25435021068737873
  0.26411491010262261  0.27520385230822425  0.28857266184875013  0.30145797877417835
  0.31549773207817128  0.32765689588867075  0.33893122146290389  0.35081657720941750
  0.36654032927846220  0.40486335372701199  0.67080672608668979  1.00000000000000000
 -0.00251126863410663  0.01165815315538387  0.02317687602604690  0.03482861542901904
  0.04759306828763309  0.06148027326406810  0.07549518372955587  0.08919462221874126
  0.10239500361486550  0.11447081971901277  0.12630870094687158  0.13823069421989778
  0.15048917349678065  0.16272828441958240  0.17445972285801595  0.18579533643647966
  0.19656836560089785  0.20795004927599417  0.21829833643719543  0.22917727878893826
  0.24213147766768264  0.25509385508905963  0.26768845611139114  0.28082646339746176
  0.29276058311065539  0.30309848931744815  0.31329737185323681  0.32225767732116872
  0.33140301639292069  0.33989072899110262  0.34890014130840491  0.35797034694605084
  0.36687523976697839  0.37600083077979768  0.38450907677874646  0.39295354307172009
  0.40116201552004338  0.40955255291792875  0.41751139410616689  0.42513365434533656
  0.43287346863083453  0.43899119942734682  0.44538074286061813  0.45180893652744114
  0.45826076846478708  0.46521327272622803  0.47270908754944746  0.48130522969758405
  0.49029553290167727  0.49881923926635358  0.50753619125647953  0.51680942668313756
  0.52564007808468149  0.53432442223340459  0.54292091285143318  0.55071835838291749
  0.55806224601254850  0.56518207064480663  0.57283958347172503  0.58123255240820526
  0.59079733712605087  0.60078876654365432  0.61014142005603123  0.61923459996387753
  0.62848708534533659  0.63688206313013662  0.64446762359369014  0.65221796086863570
  0.66004158506583244  0.66837436072158551  0.67775365423106704  0.68799725134985823
  0.69990238101258706  0.71306297326380286  0.72652791304721498  0.73985315187705281
  0.75166227505737615  0.76238041399886003  0.77374243644585783  0.78619778679501584
  0.79788779251755004  0.80969350869846546  0.82230886742853371  0.83581418992060552
  0.84889591225274863  0.86203964191917726  0.87580363814782458  0.88985033048473894
  0.90359559765550124  0.91645328655797376  0.92928460885554631  0.94326110206910285
  0.95717536322169394  0.97160156250810525  0.98560798411056394  1.00000000000000000
  0.01885763391316996  0.29222519773647082  0.39318859527621386  0.46050685241070227
  0.50919505568406531  0.54789887881029786  0.57625907409723487  0.60236792557934449
  0.62549244567887263  0.64599047116217068  0.66430224763088364  0.68090017687417437
  0.69506403644455894  0.70780863593898846  0.71964304598356799  0.73073557380179188
  0.74128952563385531  0.75155332679110509  0.76113523531356508  0.77019874894980667
  0.77854035031771263  0.78648120027589541  0.79365263098330963  0.80010996100215748
  0.80658119777525605  0.81277600300125730  0.81881418089514679  0.82461690407335275
  0.82994880902233548  0.83518180536943909  0.84019951991500053  0.84527988980792479
  0.85012110482363468  0.85451333614706138  0.85870819139940857  0.86283912315990408
  0.86719667832383640  0.87160612185326269  0.87577855423684781  0.87941675902618655
  0.88268338154243398  0.88588848082660165  0.88904923942938319  0.89202291989998483
  0.89475651277716561  0.89729017560899216  0.89982046359014778  0.90234015272558676
  0.90494181781843963  0.90752280743640290  0.91020341495060342  0.91284904274845424
  0.91536004481141309  0.91773575407934305  0.92002113452730283  0.92208560658477279
  0.92417345252172656  0.92623097884005512  0.92827797092287634  0.93034083470679718
  0.93243498937590108  0.93460719562576267  0.93677290673186187  0.93885821176823026
  0.94080615176535809  0.94272815355011974  0.94466485630677244  0.94659208929009242
  0.94849767046080236  0.95041783376773037  0.95234406584318065  0.95426596531101415
  0.95616675454577982  0.95776013556954642  0.95934601649661355  0.96091454129033538
  0.96240081388430643  0.96391201284079386  0.96537526043906763  0.96686785303491862
  0.96841784228826910  0.96992459705259870  0.97127870892295809  0.97270806227300277
  0.97419013612248262  0.97570899579476034  0.97724598693176612  0.97861699716738437
  0.98010300044892285  0.98166136234332824  0.98324766009682785  0.98502358620215125
  0.98724956421457621  0.99007251319892509  0.99400083452836652  1.00000000000000000
   5.4187811927073806E-022  -1.0000000000000000     
 F F F F F F F F F F F F F F F F F F F F F F F F F F F F F F F F
  <DiscreteSampler_grid>
  grouped_processes
  1 # 1 for a reference and 2 for a running grid.
  10 # Attribute 'min_bin_probing_points' of the grid.
  1 # Attribute 'grid_mode' of the grid. 1=='default',2=='initialization'
  0.0000000000000000 # Attribute 'small_contrib_threshold' of the grid.
  0.5000000000000000 # Attribute 'damping_power' of the grid.
 # binID   n_entries weight   weight_sqr   abs_weight
    10   10   3.634108238611437E-015   4.641864933569076E-029   3.634108238611437E-015
  </DiscreteSampler_grid>
