  0.00000239727376371  0.00000318331598789  0.00000394462547188  0.00000468562783828
  0.00000536867800698  0.00000613951860466  0.00000708974668956  0.00000819167323006
  0.00000931144988401  0.00001035621789918  0.00001142614310881  0.00001257930938702
  0.00001387919984302  0.00001551172562887  0.00001742106606774  0.00001966104804870
  0.00002227674240598  0.00002512103077012  0.00002823922995693  0.00003145263574013
  0.00003509803070618  0.00003910205457743  0.00004345144044304  0.00004813952632453
  0.00005316113709250  0.00005888650476684  0.00006538579699720  0.00007257994774191
  0.00008210283652942  0.00009181198454824  0.00010268478994105  0.00011497410201564
  0.00012883759483289  0.00014578736283850  0.00016540411379155  0.00018649665956459
  0.00020918851847925  0.00023284659150702  0.00025899282109382  0.00028724275815786
  0.00031886158555063  0.00035567166948934  0.00039862924966856  0.00044784364477503
  0.00050144689188481  0.00056032306440609  0.00062647048556184  0.00070410306376082
  0.00079342470915424  0.00088972251582231  0.00098629016715354  0.00109021241734503
  0.00120160903546481  0.00132384371827458  0.00148610996009573  0.00165639309480562
  0.00184578365562929  0.00206514498742062  0.00228307449997885  0.00251790500209061
  0.00277864359631878  0.00306528940495158  0.00338917624338166  0.00376241782977763
  0.00419035658673749  0.00468438830197329  0.00525152893476244  0.00580805266427445
  0.00635926712240133  0.00689455459256142  0.00745383700992444  0.00805342522115438
  0.00875749438147007  0.00959430657405006  0.01044229848828298  0.01131008530170240
  0.01221810765029807  0.01317084503231372  0.01417945632329178  0.01529705558361293
  0.01666918658843062  0.01832153706580346  0.02004303634085669  0.02172906434082160
  0.02330251693638379  0.02492557463553965  0.02674345263295397  0.02923581974660130
  0.03258701837344316  0.03643253504753655  0.04058620615445435  0.04613594271882256
  0.05425177186707783  0.07711744708569888  0.26216249836981148  1.00000000000000000
  0.00000241223735500  0.00001016452222752  0.00002476906707017  0.00004545749812896
  0.00007345715186496  0.00010716271826853  0.00015457693538218  0.00020787270963496
  0.00026686064128231  0.00032813490388430  0.00039546637516896  0.00046730393047456
  0.00053817337631478  0.00061203020788333  0.00069291616701995  0.00078431216048507
  0.00088818312590498  0.00100039700539921  0.00111019770626343  0.00122284661179859
  0.00134320406565479  0.00147310708539786  0.00161133465138015  0.00175551708094847
  0.00190632220613420  0.00205855204374139  0.00221132722932684  0.00236856398451583
  0.00253451402370306  0.00271017277931889  0.00289434502722768  0.00307813912433467
  0.00326796476628802  0.00346315777767542  0.00367901717596519  0.00388738074636786
  0.00413693043773667  0.00440670640365148  0.00469851671842019  0.00499902935702641
  0.00529805776414649  0.00561468708506257  0.00593461195161698  0.00624313499755691
  0.00656502915052821  0.00692143485028861  0.00728734578960144  0.00766146311456067
  0.00807353490953534  0.00848505061158181  0.00891262186980961  0.00934771541264389
  0.00980470582348152  0.01027251262610447  0.01074149749712893  0.01122261198381843
  0.01176562866096529  0.01237942819954912  0.01300572399658333  0.01368065534010331
  0.01437777432340089  0.01510374612590213  0.01581043666165655  0.01669098746016852
  0.01760295642927212  0.01851642071304634  0.01942831912303422  0.02037594584214205
  0.02140826907156635  0.02255588094341526  0.02408284994080807  0.02555998464859504
  0.02703589316447645  0.02879391170325099  0.03086131119628371  0.03291192108539568
  0.03472001066574565  0.03645966875209828  0.03832736809501439  0.04044346728963998
  0.04291038110943172  0.04535475870173498  0.04801179094305235  0.05068596556419822
  0.05400900130528107  0.05844052205493863  0.06328468496425516  0.06807636176895296
  0.07342639878990122  0.08076494746937560  0.09389032967631533  0.11546395987976717
  0.12968724228215239  0.15015371035894445  0.19006583240514976  1.00000000000000000
  0.00017821149259840  0.00034984821231298  0.00051218842145489  0.00064533826257253
  0.00078339896875851  0.00092863939948081  0.00107201592516265  0.00122882956034281
  0.00142708935285950  0.00163473093346851  0.00185867783214627  0.00209954754875544
  0.00235022532960157  0.00260899133287563  0.00287221662648948  0.00313657944385338
  0.00340685051851616  0.00368096801564001  0.00397399513642780  0.00427445078565661
  0.00457685131494617  0.00488652065413896  0.00520359912652868  0.00553324388234461
  0.00587953657130692  0.00624014355953466  0.00660727451317954  0.00697497817655957
  0.00733902742789865  0.00769353044850917  0.00805107665858222  0.00844135324990961
  0.00886961589187032  0.00934087817066998  0.00983173782275449  0.01032807309134743
  0.01080079759191452  0.01127160006154567  0.01176838483903309  0.01229739830124706
  0.01287867184141885  0.01345224347516588  0.01399144997177635  0.01454793355911476
  0.01511296156530608  0.01573507784067137  0.01630608542432208  0.01695407995948274
  0.01763133231908173  0.01829752602629553  0.01893499366411633  0.01965298702460929
  0.02037545975090645  0.02111604409400644  0.02187134146769858  0.02267385380258910
  0.02355590384598981  0.02442314506324514  0.02527980923996026  0.02614125892333202
  0.02706559048337237  0.02816394840486276  0.02929070352460391  0.03033891019273746
  0.03158072521087853  0.03284649880896751  0.03401714675232615  0.03506307782156570
  0.03607700793786345  0.03729064438041131  0.03888172680623030  0.04060675344340951
  0.04220781661036772  0.04413546236673984  0.04609157539188367  0.04781275301883542
  0.04983914139572066  0.05180080871252176  0.05388830002320485  0.05625063597186650
  0.05883755617236852  0.06105377772557836  0.06318186558296016  0.06553018824174352
  0.06807899722331318  0.07036974871371598  0.07222407739589888  0.07443111987104534
  0.07798385780094926  0.08211435132503610  0.08960666426825263  0.09994350886438996
  0.11172121276538108  0.13409746007765647  0.16994460938659978  1.00000000000000000
 -0.00271198203507357  0.01082963535448990  0.02126164633133039  0.03328552991896669
  0.04493970590137376  0.05525251201080398  0.06555710039656033  0.07578322536399770
  0.08643227705288269  0.09774821345093471  0.10853855114911629  0.11930594079064430
  0.13009370855374519  0.14104588002811386  0.15199954130514062  0.16276037348113084
  0.17346724564411822  0.18411955461262039  0.19442402909584369  0.20416096378861373
  0.21355381435431015  0.22298430536397626  0.23287448189875723  0.24385934742338156
  0.25492008664290433  0.26514380734012294  0.27451197607147726  0.28344871419701456
  0.29353775757904399  0.30400053617444472  0.31455847777042095  0.32500516620118225
  0.33537002963158596  0.34663158293751484  0.35773766046177935  0.36784633774718184
  0.37789532043223378  0.38766724464553504  0.39791755599171164  0.40857114906442416
  0.42026451525663827  0.43268581900654512  0.44545733209157995  0.45776963909346879
  0.46904556934781366  0.47989097748760667  0.49077159428112810  0.50150776018475030
  0.51191559109183804  0.52242148810048683  0.53331855999859246  0.54451474603497596
  0.55616429217529384  0.56731407420311697  0.57811180237289750  0.58915176252244628
  0.60042923785684799  0.61159923695135654  0.62240985806554505  0.63291826303647936
  0.64268146670032167  0.65174583834276845  0.66089182455762219  0.67149511958242392
  0.68380034665510814  0.69619445030557336  0.70794538313825450  0.72032585054847609
  0.73240371194960951  0.74289681998442991  0.75260334971466802  0.76122413267285105
  0.77015419816856889  0.77948873014851938  0.78896085622179724  0.79840400171304915
  0.80831149698814164  0.81885228372017127  0.83000709536976558  0.84045246198250601
  0.85024990144971468  0.85980585641555018  0.86892427380329629  0.87888125786662397
  0.88887198292680891  0.89783324430289846  0.90745092168953101  0.91690896161261792
  0.92877559760914230  0.94018695404147357  0.95077266669780469  0.96063500200386809
  0.96991143982192685  0.97943979233419864  0.98925393187735156  1.00000000000000000
  0.00493689842193630  0.01550652596401166  0.02410707910653860  0.03060102632264852
  0.03631669371713299  0.04131194475358893  0.04560024879142292  0.04950871343687718
  0.05330811584351376  0.05705940448120139  0.06069282026582078  0.06407146930686888
  0.06722930450607016  0.07037836102372594  0.07359695512631939  0.07675937799044771
  0.07979744403325002  0.08269204745910406  0.08546367828430404  0.08820378851779173
  0.09104529494304747  0.09401748312411497  0.09690323439692261  0.09976589710778876
  0.10259972655393677  0.10550323478208619  0.10838951861161937  0.11109272109737038
  0.11377769109188821  0.11649307811989437  0.11922349303633799  0.12196593409237995
  0.12461131814450019  0.12713389948529460  0.12978844788238011  0.13255800914005289
  0.13531714409851145  0.13808369058502432  0.14077208677451616  0.14349457091876244
  0.14608862346389337  0.14845018613098426  0.15102903189950009  0.15364086967851756
  0.15660660083831993  0.15997518761061025  0.16372392730845542  0.16651193073421089
  0.16871001521620740  0.17077359982971063  0.17284455326216475  0.17497570883129399
  0.17790342024667313  0.18135803284770965  0.18469194748938886  0.18845484904748364
  0.19228072204265248  0.19519625757931924  0.19764744584834243  0.19997186041963511
  0.20236956282831073  0.20506728366146548  0.20851269728984217  0.21311347825391511
  0.22027026397376917  0.22785788178228925  0.23399251813691410  0.24078467941074116
  0.24716049726219472  0.25323672239884026  0.26108958145839151  0.26847105220579109
  0.27480233566131151  0.28027937963901978  0.28599514002203580  0.29375529471399148
  0.30143268773519394  0.31270123610728068  0.32766144311980139  0.33655035874355338
  0.34291506973888330  0.35369351206178218  0.36336144070557530  0.37035994485803686
  0.37983546632503856  0.38526677805832060  0.39018572768987803  0.39484928196467817
  0.40440367752561313  0.41167443956365285  0.44203782127355717  0.48287152972660879
  0.53428196176208431  0.55456945284067694  0.92068211065517758  1.00000000000000000
 -0.00295035259521246  0.01131250620501875  0.02250367298516349  0.03406499255593683
  0.04532070161161243  0.05666687666511477  0.06749123957966972  0.07798719126592427
  0.08875473363596816  0.09989927717889105  0.11070687794104823  0.12071518308535321
  0.12996829747429653  0.13890135749378485  0.14843464813622703  0.15861769672481166
  0.16943352316092772  0.17949632870486368  0.18917293116133113  0.19912344034890361
  0.20974736429845425  0.22045470517000132  0.23141129309195091  0.24122391126075668
  0.25079804087446461  0.26086588373261865  0.27152564663115120  0.28158843409868389
  0.29068181607948251  0.30009151592183747  0.30986282329300369  0.32044864977180504
  0.32967821864398672  0.33916083876769615  0.34916552657530020  0.36037546657271657
  0.37177255487258620  0.38300227313106788  0.39379967191126153  0.40460745540919901
  0.41557481893970449  0.42735621437759230  0.43920865135544152  0.45003182132764175
  0.46005973343645490  0.47025666840721192  0.48082217114226927  0.49177014804026281
  0.50219654827460614  0.51237090665357476  0.52218570739620651  0.53149862390352620
  0.54106259092628628  0.55161869854765810  0.56311085251796200  0.57503393122152946
  0.58637613363670715  0.59733750762847981  0.60800394113442902  0.61835128942733075
  0.62904619506804249  0.63955007084549009  0.64938365525176223  0.65879712458729767
  0.66875584861204052  0.67942870756136231  0.69013209144420640  0.70063934138790263
  0.71066699198219996  0.72036040363151177  0.73010977086232787  0.74029135927387013
  0.75146621843276706  0.76326799117616051  0.77437260090807192  0.78560400074872627
  0.79690887097851160  0.80913578408862286  0.82040362555408941  0.83118521148445734
  0.84182922881402522  0.85263966836931537  0.86324682844575695  0.87341307919274469
  0.88350314491498583  0.89327185071409509  0.90307227619458785  0.91325671969570543
  0.92375850736305742  0.93485765957097844  0.94569962758730841  0.95609540067914967
  0.96702310131789637  0.97788109181507776  0.98891437627964962  1.00000000000000000
  0.00588570997023837  0.00813510322711894  0.01074531266688712  0.01282141492466936
  0.01468799142095396  0.01648984707211256  0.01822519437636518  0.01993214306031470
  0.02160580394943780  0.02326133002530811  0.02493724408355855  0.02659414398033421
  0.02818588002459977  0.02976584854721734  0.03136803850633431  0.03298572495316433
  0.03462340361152216  0.03624940692662750  0.03783274893844796  0.03938724831068856
  0.04094848694083794  0.04250433862558901  0.04394384343033844  0.04538886850677752
  0.04681810725113788  0.04828180200792719  0.04975038791103251  0.05128358607659492
  0.05287735698593656  0.05436662046482609  0.05602899000409251  0.05774740917089852
  0.05941706127615144  0.06104894215537672  0.06265550100441633  0.06433022300697236
  0.06614374136465923  0.06791261067555002  0.06966478441586837  0.07141762392754648
  0.07318862966947365  0.07499505078821268  0.07683092140837616  0.07873087587433991
  0.08071968016555227  0.08280296556008758  0.08479336472413251  0.08665216697896813
  0.08834057518513945  0.09011514628580540  0.09211314670998060  0.09455171907450408
  0.09696757836930947  0.09912723019435675  0.10144228271147721  0.10343987112930056
  0.10513989178153206  0.10684197329828819  0.10866230629110808  0.11118366284345255
  0.11262486002733209  0.11392372836165882  0.11529512557532390  0.11654219554422354
  0.11754829672449213  0.11889183339153371  0.12098681293348634  0.12331935180941136
  0.12545912269784620  0.12742149533715361  0.12938007722360811  0.13133673041151447
  0.13338723284453163  0.13576578150242377  0.13824182436342064  0.14108384536561358
  0.14396963307697855  0.14708189584665687  0.15080183057417804  0.15468564568648407
  0.15837308052311661  0.16184721391915391  0.16511517472293533  0.16854504211850410
  0.17236332507443050  0.17725674689150533  0.18266856288535210  0.18524015316880582
  0.18717865687229321  0.19402866825597440  0.20289204802833488  0.20808359529736478
  0.21105169395490694  0.21682934636363174  0.38515140572301632  1.00000000000000000
 -0.00318241334404539  0.01469314576140665  0.02902154150602304  0.04271939321151603
  0.05678636586215658  0.07039764495731597  0.08277577113778206  0.09485475539209340
  0.10657541475960540  0.11810128892594041  0.12916485613015649  0.14025788465590311
  0.15144253977182556  0.16190564256830545  0.17128384936625629  0.18032324026745561
  0.18918766590029298  0.19877409666503315  0.20838543060249543  0.21796798590540409
  0.22811938703732079  0.23887746978723762  0.24993932006836531  0.25994203346565092
  0.26966519194489968  0.27909130844508973  0.28864842460828943  0.29766206726385480
  0.30624916810607422  0.31512991482058755  0.32489579697884580  0.33531681677931152
  0.34466772353769970  0.35395042872984728  0.36313807511583562  0.37264673551447158
  0.38261479532568315  0.39301821800060782  0.40402940444179408  0.41540623820823053
  0.42607042735477829  0.43616703561964371  0.44594658030012985  0.45582571215141615
  0.46604871407825010  0.47625657321271136  0.48616184902587645  0.49579977465994174
  0.50534273974844646  0.51462618428688844  0.52361289467272043  0.53219445701925538
  0.54067906845787117  0.54942847865434152  0.55901346242281436  0.57031736792217480
  0.58262772059493162  0.59356336146372612  0.60334718974025692  0.61267086292434492
  0.62189983054363762  0.63095846553703105  0.64007071956573269  0.65040308964594895
  0.66132774434250097  0.67150005984490602  0.68106691757573168  0.69071075055540032
  0.70132533707826561  0.71215069730193448  0.72219633572246844  0.73118312285077158
  0.74001823100644026  0.74917478873962928  0.75971941884709759  0.77165739866271410
  0.78358799884451402  0.79470813251345596  0.80509574514963222  0.81546549027111570
  0.82667678464277128  0.83817512582736009  0.84933292465713861  0.85947331327852017
  0.86874876463589523  0.87830121743570688  0.88793233172690000  0.89896220459681808
  0.91097041703197268  0.92282188953521860  0.93442786791541788  0.94674921908155896
  0.95951214858830924  0.97274419586573024  0.98599685240403567  1.00000000000000000
 -0.00073931012206457  0.26244527353510611  0.35335810262852713  0.41750952722507190
  0.46420935107500932  0.50088218525368988  0.53232336093135868  0.55916596334499269
  0.58236058897387966  0.60388250663717213  0.62323721683783928  0.63947705119213616
  0.65416642447313278  0.66811717772478796  0.68167951094611512  0.69381305571741847
  0.70447856309288148  0.71461380657209894  0.72450222638061246  0.73423071746146695
  0.74339120307251838  0.75206442583213007  0.76013118544730374  0.76826204685214305
  0.77595732715741661  0.78368570529962245  0.79112067264173347  0.79768441405490020
  0.80375753909229486  0.80958564328815441  0.81520533109690363  0.82064669064837559
  0.82601344993911763  0.83100769801604157  0.83581573677424825  0.84036225645580065
  0.84499007479766963  0.84962190109514579  0.85422775971945741  0.85869638520044711
  0.86314184228586366  0.86730173161803081  0.87140227164320450  0.87515749261623110
  0.87871573885998966  0.88218415087440671  0.88553010198832427  0.88880247485106323
  0.89199259323439462  0.89512133143415118  0.89821737166732607  0.90131529911433017
  0.90440129075067932  0.90722397452563142  0.90988835698903459  0.91242137677467117
  0.91488364848707793  0.91734276824339533  0.91987548500452543  0.92245747011104495
  0.92502380820139052  0.92747018245204749  0.92982182710316841  0.93214382012250330
  0.93445103341190039  0.93670540948386827  0.93886180328871915  0.94094392945941707
  0.94298082226673874  0.94503488850205686  0.94719665875854508  0.94926217800125667
  0.95119495747786675  0.95302950145584264  0.95477526122663314  0.95645033757289755
  0.95810849128690401  0.95972006721419889  0.96140125094774975  0.96317316982065171
  0.96501565069959472  0.96688225121426308  0.96872675393216412  0.97065737753994041
  0.97251452113393522  0.97435073399743266  0.97619675272153850  0.97801926713104448
  0.97982582920410477  0.98173752703152695  0.98378622019010575  0.98599938287678535
  0.98854620140202976  0.99114924803613313  0.99442669600118860  1.00000000000000000
   4.3557372278544391E-016  -1.0000000000000000     
 F F F F F F F F F F F F F F F F F F F F F F F F F F F F F F F F
  <DiscreteSampler_grid>
  grouped_processes
  1 # 1 for a reference and 2 for a running grid.
  10 # Attribute 'min_bin_probing_points' of the grid.
  1 # Attribute 'grid_mode' of the grid. 1=='default',2=='initialization'
  0.0000000000000000 # Attribute 'small_contrib_threshold' of the grid.
  0.5000000000000000 # Attribute 'damping_power' of the grid.
 # binID   n_entries weight   weight_sqr   abs_weight
    10   10   5.239340943675172E-009   9.525450940168164E-017   5.239340943675172E-009
  </DiscreteSampler_grid>
