  0.00015727462507154  0.00029259746869639  0.00035096399875613  0.00040145563989718
  0.00043581457695990  0.00046217605625628  0.00048723907842563  0.00051131166846618
  0.00055490663441888  0.00060095330364624  0.00066287773920880  0.00073147592881818
  0.00080309551425677  0.00087460583653296  0.00094176758767804  0.00100623202138283
  0.00107223598115831  0.00114440647586411  0.00121719943656371  0.00128697207908672
  0.00135836648719607  0.00143442263437010  0.00150308511369791  0.00159392105558248
  0.00171071822463042  0.00181908749899672  0.00194523963243651  0.00208077938614702
  0.00221575780724704  0.00234365098944572  0.00246824275460014  0.00259773327678777
  0.00273947667514948  0.00289979892236093  0.00307230341987303  0.00325474281607693
  0.00343588590478837  0.00362560079769676  0.00382405541367157  0.00402555608651853
  0.00422443186311607  0.00443252288038775  0.00465636872904854  0.00486643091795128
  0.00505211592550022  0.00523303302916915  0.00542499619422254  0.00562882605008901
  0.00586023902399646  0.00610973214170952  0.00640804981177718  0.00676059346080472
  0.00710832277599638  0.00745948566769228  0.00787361837219582  0.00836096529359525
  0.00887142205397021  0.00940176752889735  0.00996885440467744  0.01059229210226180
  0.01130411521890875  0.01210200652758548  0.01294183110580559  0.01393343125686311
  0.01509493567001829  0.01607085490163578  0.01701832944636373  0.01802498008355241
  0.01935662414671617  0.02091385770833503  0.02196234584866772  0.02278339371199751
  0.02369131010272206  0.02463051222801362  0.02574043122900245  0.02702113370732937
  0.02847236259523575  0.03015154319627136  0.03179870985199002  0.03312818591222168
  0.03494745544175726  0.03792644820278560  0.04162667523717728  0.04496449021482920
  0.04800510266518222  0.05102972509134628  0.05469900611631877  0.06145231768787844
  0.07704755326598470  0.09286794615177826  0.10492452088063098  0.12164398792311386
  0.14027980728536538  0.20888579843557425  0.30473989102491383  1.00000000000000000
  0.00000224622202013  0.00000260664683479  0.00000296707164946  0.00000374637126368
  0.00000523542309630  0.00000672447492892  0.00000836689044661  0.00001002234045710
  0.00001192171471005  0.00001391669986106  0.00001617029303401  0.00001886769323992
  0.00002255295867021  0.00002735890410336  0.00003232153045292  0.00003673895658332
  0.00004109050168020  0.00004536687071831  0.00004975012392868  0.00005419568969213
  0.00006357054339467  0.00007392379975765  0.00008505434480928  0.00009696670922761
  0.00010933087432615  0.00012308948885586  0.00013852295241879  0.00015562091393778
  0.00017508116948014  0.00019556980486939  0.00021677411758998  0.00023855770384843
  0.00026157485547498  0.00028934606059734  0.00032059205553270  0.00035380101963200
  0.00038615262802532  0.00041698822213257  0.00044844079450427  0.00048603797876671
  0.00052393169359337  0.00056296794831958  0.00060790946413771  0.00065628248994152
  0.00070524982605080  0.00075790276400826  0.00081476703628923  0.00087604363694636
  0.00094025989214351  0.00100286593296170  0.00106822884427465  0.00113452357748731
  0.00120063862849409  0.00127154073486557  0.00134973119147897  0.00143031388294191
  0.00151910800326320  0.00160771459297245  0.00170945823645494  0.00182185160735940
  0.00195242565769878  0.00209919281267567  0.00226282317746081  0.00242685498802007
  0.00259882994652242  0.00277848298564588  0.00296972727755967  0.00317617320040230
  0.00341883220481271  0.00370664958283817  0.00400127676228775  0.00431483334391635
  0.00467731288288572  0.00509338919299535  0.00555604461021619  0.00604645458109490
  0.00649636640744930  0.00692365466050916  0.00741410608903288  0.00798152088381815
  0.00867367554828294  0.00943645868518256  0.01031999729871812  0.01136249030072312
  0.01252718439128579  0.01400548391618614  0.01565523472622756  0.01768610949835972
  0.02074512374325323  0.02479431861923059  0.03015182054506380  0.03742274363803279
  0.05065945917593419  0.06901237099675901  0.28664961960412527  1.00000000000000000
  0.00004235312043163  0.00004332121395846  0.00004426319806156  0.00004527472840421
  0.00004680928199457  0.00004841864322273  0.00004970296949618  0.00005110166874920
  0.00005296574764762  0.00005532652834491  0.00005756053930303  0.00005964507176781
  0.00006167084080443  0.00006401063639922  0.00006626042734294  0.00006837415278771
  0.00007097864595766  0.00007436949581235  0.00007758171637347  0.00008043740999379
  0.00008373726052812  0.00008723476488791  0.00009104317787764  0.00009505438557513
  0.00010049212842218  0.00010821022570788  0.00011702957463578  0.00012537400761063
  0.00013568614297026  0.00014708617614260  0.00016243786810541  0.00017977745309601
  0.00019832958861134  0.00021837069592291  0.00024098996255418  0.00026874490480949
  0.00030508909779875  0.00034250490551914  0.00037874309410672  0.00042258467872226
  0.00047293041606820  0.00052247681496148  0.00058705477313361  0.00066003771582771
  0.00073615166384995  0.00081892485704200  0.00091454395016018  0.00101859275870541
  0.00113052859300212  0.00124656382371299  0.00137583741460466  0.00152001303629329
  0.00169929890956666  0.00191641887759175  0.00215336177944610  0.00236192220980772
  0.00257474295150176  0.00279786786816076  0.00301401299103906  0.00325160110702131
  0.00349594178390192  0.00373546428504505  0.00398477561217996  0.00425127957082925
  0.00453371211404995  0.00489600389341460  0.00534872705239677  0.00580307944858819
  0.00628184228956167  0.00679822371198682  0.00735971557150376  0.00800687483443253
  0.00872261463956867  0.00956143990826903  0.01054561226909148  0.01174891202745523
  0.01282956385336727  0.01377788395837615  0.01458212977845235  0.01556379620134854
  0.01672825181765938  0.01784838595308171  0.01917746739145365  0.02080521295851389
  0.02316979165393090  0.02602155214545991  0.02946404551008841  0.03394888017147205
  0.03902149998443981  0.04445561290380955  0.05000091262502102  0.05481524165085841
  0.06145442467809813  0.07036038647355963  0.27393951956980772  1.00000000000000000
 -0.00338784798962218  0.01444626443940967  0.02893551031508736  0.04265207708119441
  0.05658502085104487  0.06952893737026153  0.08201881610626037  0.09541729247421714
  0.10847252115907004  0.11991616289154144  0.13131112627670088  0.14287935649654365
  0.15555750004410804  0.16580971476879056  0.17744470240230031  0.18872667827468029
  0.20020775681665365  0.21258187767180867  0.22484486728847730  0.23764635343213175
  0.25159914519866033  0.26451456390429767  0.27710728447632471  0.28934095291853179
  0.30026565274487449  0.31085079695048662  0.31961887831417857  0.32961756979927365
  0.33700611704859523  0.34526414332983935  0.35449045339648788  0.36346655187783922
  0.37374290108344349  0.38066112371229172  0.38662634131528861  0.39183840150229993
  0.39718295169881462  0.40317055911581051  0.41012073715282971  0.41710297400352592
  0.42356324717223304  0.43046974231996760  0.43987762464891139  0.45192419661486360
  0.46172500333640021  0.47023130037464195  0.47852054692060880  0.48781980320284479
  0.49866735623373037  0.51393364570771716  0.52949484164768668  0.54130452650398875
  0.55034740993422959  0.55818764778369334  0.56666386589042628  0.57510871591775758
  0.58491950282762373  0.59556709605587466  0.60586457811877892  0.61615230048807190
  0.62653543607985296  0.63833577845958700  0.65110834822819663  0.66254739401980001
  0.67216195321544669  0.68033388989567001  0.68815630938189831  0.69608556705268676
  0.70497192313605483  0.71638741987000987  0.72992703057510133  0.74212645187943860
  0.75249474389295246  0.76280297693989296  0.77286285455206205  0.78273110980892480
  0.79348708731011808  0.80519209673997993  0.81633230450876193  0.82740625939258772
  0.83873362208031588  0.85011121100008069  0.86073912537709574  0.87046320371127195
  0.87957867374575005  0.88593159242381792  0.89172239246742480  0.89796716911868912
  0.90616185512883474  0.91750172035060329  0.93588914129143341  0.95037907424144508
  0.96305803922655164  0.97498695017283588  0.98749093945862731  1.00000000000000000
  0.00045501914759369  0.00553735874704086  0.00964647315648201  0.01276112184642705
  0.01536948707955773  0.01781815547646648  0.02021454610189653  0.02218739657905939
  0.02406671370185110  0.02587134424590071  0.02772423034578027  0.02965873166998118
  0.03123695431572381  0.03284126963697841  0.03445795208878249  0.03620395814471518
  0.03805377620580996  0.03956408587254745  0.04078415308331685  0.04205986310429223
  0.04333784168590240  0.04450744766911659  0.04612537437040869  0.04780155098659675
  0.04965705444936763  0.05122246553155965  0.05266802874606980  0.05395200762637600
  0.05515038213212684  0.05640733292355367  0.05786392538750303  0.05956183590965912
  0.06137103602154192  0.06356760988068676  0.06604690896918985  0.06868744876997479
  0.07136870523186976  0.07424039019172535  0.07706628484887705  0.07906979756016180
  0.08073942886503246  0.08254814900849428  0.08447239335809308  0.08749181895944731
  0.09070720444865420  0.09445785515334414  0.09779219282147432  0.10014526126638194
  0.10211278375094432  0.10350870244398680  0.10489080092172094  0.10643698821918904
  0.10834391458328903  0.11064809861662471  0.11324077425738845  0.11635332220545380
  0.12005058858645974  0.12349408564150828  0.12640832022781184  0.12936479454497304
  0.13240816248967407  0.13595585348817021  0.13944755938020975  0.14308286463602934
  0.14532722832071659  0.14808192298532313  0.15174874380858397  0.15439668519716784
  0.15675336071252050  0.15854920565048133  0.16033768251716582  0.16210925402645046
  0.16397494513669364  0.16594164631352037  0.17182696891108623  0.17884881174566361
  0.18577412245996305  0.19084051407264560  0.19439500774104101  0.19800139105324757
  0.20245788286408950  0.20826126667650519  0.21467930790871731  0.22213995903572756
  0.22766262140725721  0.23279317878252068  0.23821385223625097  0.24293679830136303
  0.24821520806461975  0.25545607344313459  0.26390448111452558  0.27319529975898260
  0.28275927988473248  0.33683834463855872  0.42430130322230375  1.00000000000000000
 -0.00161474026658227  0.00805659078468519  0.01430947692441627  0.02136611002100429
  0.02876681047363969  0.03711015479344565  0.04675876484498111  0.05738707659159931
  0.06870375561742786  0.08056224648247400  0.09139109433174844  0.10041614365142547
  0.10945430711646806  0.11872457824983569  0.12903743299772150  0.14047626833957749
  0.15311235384703084  0.16553586533392900  0.17425587458143407  0.18118259292684827
  0.18846887566177531  0.19625653906968440  0.20460523231425060  0.21261961414670097
  0.22193819093128250  0.23475340347280388  0.25005499856247576  0.26286595297432391
  0.27440904315701020  0.28637883606052095  0.29875939709277993  0.31085797701129986
  0.32427095246787119  0.33675843321095178  0.34974305366227093  0.36599253299187240
  0.38366542024857936  0.40033794479891527  0.41630004290713113  0.43187343524255217
  0.44870600408675915  0.46188327401362161  0.47364532320303215  0.48504876705160010
  0.49767575420431709  0.51118624475094931  0.52199430106130662  0.53377653328240171
  0.54539204342489378  0.55571787433187081  0.56576454751683525  0.57540183689300117
  0.58507738442632129  0.59821376683834770  0.61077605581777472  0.62198401117915747
  0.63377054883103467  0.64538361304017822  0.65580644494512685  0.66496385065784924
  0.67484006685317521  0.68440626255657278  0.69447164568345077  0.70434643704366118
  0.71545089020478692  0.72649579887022186  0.73531648936069915  0.74400283778509124
  0.75328676331406008  0.76522878681406536  0.77798121758364214  0.79178007495062219
  0.80617147123586397  0.81649601334083000  0.82427606095155370  0.83274007238546732
  0.84087017422603194  0.84891168370508707  0.85731186789580760  0.86498466818687869
  0.87148108931420398  0.87950657251783770  0.88892839065106377  0.90109546632745785
  0.91111928946981158  0.91978714012031138  0.92747132083749240  0.93454989347393269
  0.94239965894275979  0.95020558114038856  0.95798701820498766  0.96561901949189355
  0.97369571944041966  0.98244270787523813  0.99145454323282245  1.00000000000000000
  0.00089109766664564  0.00180942368411703  0.00309111834284274  0.00403626743921253
  0.00480471076002680  0.00554527707946621  0.00623023193755541  0.00684118028078519
  0.00739264854027146  0.00797590742243584  0.00859649417885075  0.00925465968042900
  0.00995827013115888  0.01065049983757473  0.01137196469620101  0.01205552678080474
  0.01278262103135073  0.01349660488851868  0.01418799113647076  0.01485277885903989
  0.01554993326959950  0.01629857184622685  0.01710609063307746  0.01795267585042141
  0.01881051711805489  0.01965573131964924  0.02046827415469640  0.02129489508832060
  0.02214291581270484  0.02301570044151725  0.02391531187632360  0.02484430345444854
  0.02573689138858177  0.02660681896172202  0.02756334663984511  0.02864624657670336
  0.02999850814493072  0.03119940357882957  0.03234584333551701  0.03341091181333061
  0.03448400134601624  0.03559976523578545  0.03665686421834963  0.03751697280361443
  0.03826899846134077  0.03904802382829395  0.03985394636552989  0.04060274054339079
  0.04118940033657542  0.04176337057150834  0.04232409848787948  0.04295539788191388
  0.04366852527612525  0.04450584842601182  0.04584955198210206  0.04727187416466607
  0.04871648997848634  0.05014555251613695  0.05132367479960429  0.05241915161860387
  0.05360551178196434  0.05486337589433956  0.05650590359741523  0.05842277161023831
  0.06033770440680542  0.06186752429667450  0.06365376369820436  0.06562412605446831
  0.06758029397486781  0.06942298691672270  0.07114831385019008  0.07298606766765080
  0.07496739435023057  0.07728677894479104  0.08002249004267947  0.08295604656828333
  0.08513413544452887  0.08778270091723790  0.09049156843983455  0.09383264923963758
  0.09644250185846677  0.09857252966663985  0.09989576470545532  0.10131784242546132
  0.10290817772449587  0.10556894700570391  0.11245706921297324  0.12412261026839916
  0.12819658887926977  0.13281971161612000  0.13865162786349894  0.14259411160149171
  0.15606513978272640  0.20493836219015249  0.37456638008487053  1.00000000000000000
 -0.00428603314098115  0.01546733127172045  0.03205377079962593  0.04775625718403802
  0.06209085989918196  0.07571351033546582  0.08900602586146998  0.10255827285387327
  0.11510557054697582  0.12441507229617697  0.13291643087879135  0.14170120594566429
  0.14917507100517388  0.15677875283157425  0.16559355849464474  0.17624143425513111
  0.18768332237008173  0.19905946569876776  0.21035427196706322  0.22063398664479525
  0.22999817146661589  0.23920292305854579  0.24750893951776459  0.25428019961405773
  0.25992681830063202  0.26664117781534624  0.27409624252424436  0.28228394087571107
  0.28959507533391460  0.29689884917900961  0.30397970783928385  0.31009258740674805
  0.32063352065723116  0.33166279896251627  0.34161685718976104  0.35103180025909936
  0.36137509088940556  0.37397794065406881  0.38464991202849919  0.39460388560608461
  0.40428464732246178  0.41500072005487970  0.42452817379079649  0.43427810622026475
  0.44505893110644684  0.45682236156594541  0.46913976781838546  0.48044917055722652
  0.49244434051111002  0.50537080227482456  0.51829417325018257  0.53058922742827530
  0.54232498432605136  0.55405620165109104  0.56579098354158452  0.57649649519204249
  0.58762008529722420  0.59914834762538149  0.61036912902609897  0.62080973580302279
  0.63022553091820821  0.63882606661064212  0.64824678008184944  0.65795871273437034
  0.66913913729203545  0.67972362228318539  0.69049833424414453  0.70205476929942323
  0.71324348958157047  0.72445158545207056  0.73529225288970934  0.74531907810391052
  0.75330597785207176  0.76067755514270097  0.76810443049635313  0.77731222491572671
  0.78749564724561016  0.79846056716144920  0.80893330277948439  0.81975649755708913
  0.83109144674792679  0.84482656784205090  0.86215133560816193  0.87874744137202776
  0.89173080194534138  0.89967673483603294  0.90694787942299093  0.91468263660474103
  0.92365737731185915  0.93358269850818409  0.94155802671646316  0.94964347798749826
  0.95774214569041904  0.97022654825113119  0.98404126476513609  1.00000000000000000
  0.02768352191015296  0.19312273487330847  0.27514641412815832  0.33909520734599957
  0.39214253380273550  0.43482090096746429  0.46985198573068004  0.50665301367783588
  0.53937032364888648  0.56167484756430186  0.57907442278385046  0.59810492874766463
  0.61784251487739006  0.63428808384879820  0.64920545391037832  0.66153343413546606
  0.67469019995153490  0.68822868996310849  0.70057752112165494  0.71172754215039624
  0.72332503715460017  0.73403910954410490  0.74353595449061449  0.75191458928872956
  0.75994142056474689  0.76805401493334524  0.77595779309426938  0.78263694404037287
  0.78824422274341199  0.79356605119220192  0.79931861626495537  0.80444230148302331
  0.80934547469742280  0.81431523230990366  0.81949868169787954  0.82551246914778043
  0.83206561456798267  0.83778992755893800  0.84299787279536142  0.84761989421088657
  0.85181471438164169  0.85560834522205464  0.85922442829287848  0.86266393505725925
  0.86593637095927756  0.86919086038618787  0.87222955058873064  0.87509312487014934
  0.87846654140325209  0.88230719194386087  0.88643853980746878  0.89024504115800851
  0.89349926314704065  0.89637585454046875  0.89904678079203948  0.90143489209609184
  0.90384737054964170  0.90638994927035332  0.90897285877725165  0.91156730653481066
  0.91430331614161520  0.91693433955685322  0.91940315287654162  0.92159955991399067
  0.92367225238275996  0.92555546459661409  0.92761008068452244  0.92977682534723050
  0.93233740663496145  0.93507627856329445  0.93779462718363049  0.94025024055274109
  0.94270391434587508  0.94492191065368669  0.94699209751665947  0.94903951352165139
  0.95098242743584638  0.95286811857646392  0.95500234746490398  0.95732895308489796
  0.95988781274876767  0.96257197470565692  0.96508276547885985  0.96734945502145886
  0.96950802779733780  0.97156560697386318  0.97350896442016954  0.97548818626820677
  0.97753213015163865  0.97968412003864569  0.98208695783567423  0.98475823767278581
  0.98753714645457424  0.99046603742237993  0.99371303619891216  1.00000000000000000
   8.2471855980404433E-013  -1.0000000000000000     
 F F F F F F F F F F F F F F F F F F F F F F F F F F F F F F F F
  <DiscreteSampler_grid>
  grouped_processes
  1 # 1 for a reference and 2 for a running grid.
  10 # Attribute 'min_bin_probing_points' of the grid.
  1 # Attribute 'grid_mode' of the grid. 1=='default',2=='initialization'
  0.0000000000000000 # Attribute 'small_contrib_threshold' of the grid.
  0.5000000000000000 # Attribute 'damping_power' of the grid.
 # binID   n_entries weight   weight_sqr   abs_weight
    10   10   9.520451810813554E-007   1.929885828812391E-012   9.520451810813554E-007
  </DiscreteSampler_grid>
