  0.00106680405128022  0.00159205952274904  0.00187159278571858  0.00212450565985373
  0.00239435031956233  0.00270088927051372  0.00298779986994960  0.00327474598139349
  0.00357129961408382  0.00387686083424926  0.00420075594473281  0.00453605190157218
  0.00485761364306208  0.00515758185964197  0.00545874680819650  0.00578341929760092
  0.00614544023545018  0.00654504301518838  0.00698735376609324  0.00741677747913591
  0.00783037406794941  0.00824312424564408  0.00865608889532172  0.00911851223416961
  0.00960187866093208  0.01009648048608197  0.01062426273151072  0.01114575052118318
  0.01173303207855496  0.01233658215680667  0.01298703291968228  0.01367097886955367
  0.01435722549907286  0.01503374756076243  0.01579350776297116  0.01656653726290552
  0.01733923242697484  0.01814437020823543  0.01899545929259256  0.01993400212534557
  0.02085262944103257  0.02166846250131297  0.02240569575257412  0.02319133411147036
  0.02396975214261834  0.02474544496626467  0.02553780604006680  0.02638237533872710
  0.02749454139423519  0.02859976040075832  0.02972644372523402  0.03072693043739484
  0.03193719114615885  0.03331160796100376  0.03465955115602727  0.03621132919054470
  0.03775276929096336  0.03929708311670409  0.04092521478180651  0.04268183320577501
  0.04459156370625150  0.04673967073209528  0.04880501871645277  0.05096298285717150
  0.05298324333298077  0.05517539937145537  0.05741805592657312  0.06008903064503969
  0.06341293583128692  0.06671329317585754  0.06924011845097604  0.07148683677680324
  0.07423600823354852  0.07754850889858456  0.08068607961441582  0.08297916581603317
  0.08508609728312734  0.08783913730210961  0.09141110508039632  0.09521569267051484
  0.09897922467672006  0.10215980879519795  0.10506074380434546  0.10807066397483875
  0.11204534761721374  0.11588162665516154  0.12095254313860643  0.12546445944218385
  0.12992185475812357  0.13569751165068430  0.14450052314709530  0.16630629837868055
  0.21222057063605254  0.26172461161514998  0.50772401008648727  1.00000000000000000
  0.00000279053087593  0.00000357032238111  0.00000441944044053  0.00000523148592805
  0.00000617190437299  0.00000708920328695  0.00000800962412911  0.00000894896810474
  0.00000995164904218  0.00001099263047077  0.00001212442371435  0.00001331154142939
  0.00001455235894167  0.00001602310451075  0.00001776887541354  0.00001965210379793
  0.00002171364487407  0.00002387823183477  0.00002600614340346  0.00002825819802641
  0.00003069415187391  0.00003332677680763  0.00003620429463286  0.00003933348757835
  0.00004269941449369  0.00004629888560220  0.00005011753611511  0.00005411486092039
  0.00005839520994165  0.00006268552624749  0.00006723375132878  0.00007212213775056
  0.00007764223900642  0.00008471598445809  0.00009453432584227  0.00010386240677760
  0.00011282032315109  0.00012193752414008  0.00013001231565114  0.00013845299340220
  0.00014790266203530  0.00015886896331764  0.00017268304789220  0.00018784467982827
  0.00020383287268517  0.00022155543619680  0.00024102262404363  0.00026190001816342
  0.00028476774481916  0.00030903999549112  0.00033488180810324  0.00036336003365382
  0.00039505458769385  0.00042963710071206  0.00046679028300733  0.00051080234100851
  0.00056483816920992  0.00062752355547175  0.00069747951936922  0.00077509070689995
  0.00086126774099844  0.00095591893162636  0.00106554938483216  0.00118834413270448
  0.00132095402872454  0.00147943166366107  0.00166660328889618  0.00184720798565731
  0.00203266623825524  0.00224641539862732  0.00248731187352496  0.00279984499624220
  0.00321615797721083  0.00374884323520484  0.00443003397304760  0.00521915505595761
  0.00600526777381035  0.00687678929926181  0.00788264560557162  0.00912447750505890
  0.01049818548191479  0.01213251844768256  0.01435662507201801  0.01718485661302771
  0.02024132409433588  0.02283624446975168  0.02555574934932711  0.02896520413102652
  0.03435036276135780  0.04141506654380730  0.04922075778557374  0.06226525183045630
  0.08855147837316618  0.15491075398942894  0.21795705099238438  1.00000000000000000
  0.00029125621222292  0.00038722334421360  0.00045975684771332  0.00053296362185265
  0.00061491936718468  0.00070871304444868  0.00082790464775892  0.00096970747957805
  0.00110456274359642  0.00124094996879923  0.00139761127493341  0.00160089701285583
  0.00185493594745247  0.00214719468490000  0.00251007190403660  0.00291528658913814
  0.00339135604126753  0.00389334604543721  0.00439035036000213  0.00490142113325036
  0.00543225087751070  0.00596174541837494  0.00649943103756724  0.00706330797367864
  0.00767118506790946  0.00831844142503556  0.00899355413199443  0.00967177477444717
  0.01037661107004263  0.01109112641033345  0.01177784548489387  0.01243017588097961
  0.01311785119269817  0.01389631608778006  0.01472880862675678  0.01557884963241132
  0.01650937011010391  0.01748201516013502  0.01840516545473423  0.01927486872426542
  0.02009949070389641  0.02088402219961174  0.02172608574911162  0.02260744520552979
  0.02350783861616633  0.02449312627111307  0.02536931601453919  0.02632908586557197
  0.02727834565840990  0.02856841017472631  0.03003310554856184  0.03140696855812408
  0.03278902442443255  0.03417674971110354  0.03559045575963146  0.03700389671242257
  0.03843646755535382  0.03991123501686320  0.04161743148099673  0.04328858107905514
  0.04495170159636262  0.04661928944158274  0.04844260940381706  0.04993007707409025
  0.05252814863831080  0.05590651299628779  0.05950261418374878  0.06242745071318472
  0.06533630816727969  0.06816045885346209  0.07077220381738694  0.07366949866465490
  0.07721157398239092  0.08026848210539671  0.08265477409984390  0.08498411357204723
  0.08748664338838417  0.09154568479988150  0.09599667388237855  0.10066989571264942
  0.10335536887518848  0.10604084203772755  0.10873170344000684  0.11142403145894801
  0.11462066799114520  0.11846643348415029  0.12282134519589366  0.13497264357179281
  0.14488033291641733  0.15255188470210082  0.16244858096313047  0.18405834387802178
  0.21539979763518205  0.23295388691775043  0.24609708792390425  1.00000000000000000
 -0.00110030627760946  0.00509975996571898  0.00993437940462319  0.01485727677541660
  0.02020731929960161  0.02641808139589059  0.03277477889491871  0.03859607552889575
  0.04455146203974281  0.05080643049346824  0.05735862338654826  0.06443217541520567
  0.07175590023181691  0.07886143454906458  0.08607783960280506  0.09356903695464405
  0.10120299715451536  0.10911484453458804  0.11701302237098807  0.12494067959909481
  0.13266465474034861  0.14021484192705549  0.14734902272986755  0.15414930493556611
  0.16103518324404850  0.16824652487364394  0.17579711339597068  0.18363014415759413
  0.19168615624355009  0.20035694743431748  0.20803651016204652  0.21598145543682973
  0.22312833788881253  0.23051970644051387  0.23822111260997658  0.24621428304653623
  0.25491951684037062  0.26442559838502294  0.27377112730201608  0.28280930122322828
  0.29201557023005115  0.30062051224524722  0.30871390948151950  0.31607184648470293
  0.32294835812622952  0.33030095937784837  0.33871390761134973  0.34768943957003684
  0.35659076260920070  0.36536666258700856  0.37410520523022578  0.38352856708511107
  0.39375431017337603  0.40412505907271384  0.41402568547678736  0.42406217736653296
  0.43419184420418422  0.44473507598004436  0.45522154703230339  0.46476642981704719
  0.47382127375351435  0.48297772448379650  0.49200064178534475  0.50146495770632016
  0.51020394977745176  0.51876006938486041  0.52705695616581527  0.53567853573849400
  0.54482169847618866  0.55464895002072834  0.56553689409925234  0.57694872226959137
  0.58846811622951545  0.59983758067485504  0.61187694427300177  0.62445838247815311
  0.63868207534685950  0.65405965131956456  0.67010172040062399  0.68360213719245355
  0.69444845047860992  0.70540289592228222  0.71615157204872992  0.73074261403739449
  0.74910572121515440  0.76664578336317923  0.78125437382177365  0.79692341253338550
  0.81331920938500046  0.83399215568432017  0.85898241448931034  0.88269282870919130
  0.90612333449802340  0.93076157553454464  0.96275257450848839  1.00000000000000000
 -0.00203613608775102  0.00904322739073434  0.01823542926191287  0.02766729014444752
  0.03755952922477739  0.04791642854839244  0.05836304170784960  0.06903008858912535
  0.07972088451667154  0.09025937730403003  0.10079407198974524  0.11191351536362490
  0.12307959696008103  0.13408884945772109  0.14514739855665013  0.15676565456723895
  0.16846416604006539  0.17955117536656096  0.19033313719856734  0.20046234343644012
  0.21160287768629982  0.22339925690501086  0.23417300434156169  0.24346687470421571
  0.25221952709599488  0.26093943000502207  0.27026547901089532  0.27933935015798611
  0.28804769655963042  0.29592174806489413  0.30509381915894529  0.31383557597270911
  0.32382289455249308  0.33295984299029874  0.34292276122273613  0.35348224628647917
  0.36383932560492221  0.37430697935122853  0.38747622579832314  0.40005374044253855
  0.41098198305135059  0.42100295221773137  0.43111914036608345  0.44116130468794407
  0.45070391942369131  0.46165340242244046  0.47407852752068930  0.48668733791546820
  0.49916332315054829  0.51113953695630132  0.52217694028016648  0.53243096835796189
  0.54261655538638220  0.55254755624479890  0.56221635928119451  0.57223551216272939
  0.58355300953924150  0.59526388146240639  0.60667386560942604  0.61817117064760640
  0.63068073957062876  0.64289671589346231  0.65439144733715127  0.66609040404502795
  0.67720777979231128  0.68826790007352157  0.69969849971985143  0.71198026944984227
  0.72404025625188850  0.73593030434943196  0.74719358336644282  0.75876842362795571
  0.76964107744617238  0.78071284265168350  0.79181306932066020  0.80334696834940689
  0.81450724556794629  0.82511511654945768  0.83550040615132071  0.84622304902614220
  0.85755344308184622  0.86929707132230094  0.88125339677616332  0.89301919192839263
  0.90368530156188431  0.91341091972513011  0.92310659248682236  0.93342941640505361
  0.94402763239237197  0.95469406765350906  0.96560587944066945  0.97378911340272600
  0.98110868007668073  0.98794294882523159  0.99407000110686283  1.00000000000000000
 -0.00198433726671179  0.00828771731280947  0.01749163069497700  0.02692124649492313
  0.03639022998509404  0.04625501029241673  0.05643119514406609  0.06686048414987110
  0.07733702315985122  0.08848772073531717  0.10004442554012821  0.11098303304388177
  0.12166584813900133  0.13358102735091049  0.14693185655858790  0.15951688247108353
  0.17189637199287527  0.18349901270941280  0.19438748501424274  0.20467713821156944
  0.21558344034059995  0.22767638998797970  0.24030865730365883  0.25245012262156302
  0.26403654433028673  0.27566297575996423  0.28703583636095009  0.29669563731691928
  0.30403717192449481  0.31093932665045321  0.31773540945081064  0.32512887148388497
  0.33453666418032318  0.34475155780941036  0.35507552476173543  0.36578754209183073
  0.37605249838451765  0.38604939978314029  0.39514445172223139  0.40497202862489506
  0.41568436050022173  0.42945547927168098  0.44262543863807224  0.45579004567500003
  0.46794617671938377  0.47922751388839929  0.48984072522275884  0.50042194940971108
  0.51174346152737438  0.52394696285442843  0.53593274850059658  0.54685267631415679
  0.55714355052733844  0.56773720913238213  0.57844950170456289  0.58861517940523922
  0.59812658531563134  0.60754418659976572  0.61769334532185305  0.62747609683414418
  0.63758478165252086  0.64794628834783774  0.65878020524810388  0.66859027628678291
  0.67768144175845191  0.68639965381628676  0.69574668231080561  0.70583955154699729
  0.71685552439308609  0.72789271257733712  0.73851811260985101  0.74906472466460938
  0.75997840661456861  0.77169075293690959  0.78407615425870159  0.79661182073938730
  0.80855712263076429  0.81986379719127034  0.83082266253887449  0.84216896686781539
  0.85454694446493940  0.86665396738796407  0.87752982694002157  0.88696074450255336
  0.89533076413533463  0.90289473701605882  0.91071549704232424  0.91938747496262696
  0.92815710320147349  0.93677948273132561  0.94592083280260297  0.95483639874333937
  0.96471062318502188  0.97571181323599587  0.98720707334893565  1.00000000000000000
  0.00471121824605050  0.01863978973646453  0.02943695254177653  0.03807904276425592
  0.04471561546302806  0.05010621919399622  0.05522346216190636  0.06005719644375366
  0.06447049604707994  0.06865787479721726  0.07287300641041887  0.07700514406995680
  0.08110667142543597  0.08488097747017040  0.08833438905308523  0.09168789644301992
  0.09487364206326919  0.09804368622176585  0.10124108769875850  0.10453055416958612
  0.10791027238695670  0.11125860319452525  0.11457835049225183  0.11777054246687910
  0.12091728414103294  0.12383722759336145  0.12662470933604650  0.12938699418680336
  0.13211275986144541  0.13462094186517157  0.13724360845934722  0.13979486636554789
  0.14228336391490951  0.14464543318396486  0.14717336039644777  0.14976913927729568
  0.15188842684001991  0.15401765020253608  0.15632779364081523  0.15851024945574174
  0.16110067373568052  0.16393113901215187  0.16710921570115267  0.17084594571111808
  0.17447803133831663  0.17771527029923392  0.18072205605955002  0.18378275956766707
  0.18684551509469841  0.18982108938447320  0.19299336310692677  0.19633147683586788
  0.20039897385115213  0.20527428454921998  0.21014729571093665  0.21468403203974909
  0.21866518873362017  0.22236215272248713  0.22616962247238273  0.22979027418662606
  0.23400615818061798  0.23837592252061188  0.24163939734574694  0.24499143487982222
  0.24854054068151707  0.25485589901042899  0.25967131515653713  0.26369048951759050
  0.26817504900678979  0.28221908291364983  0.29626311682050988  0.30705414477470278
  0.31192641210555311  0.31679867943640344  0.32194261005388014  0.32732148673324002
  0.33295149820517689  0.33779262319632875  0.34165095891346625  0.34504927303232891
  0.34850793940493757  0.35269159754506646  0.35693631034451434  0.36057559280747997
  0.36377275462332292  0.36817062580518628  0.37467381352656109  0.38359911348854570
  0.39206837776532694  0.41969588285684734  0.45508937967730939  0.48030652156171966
  0.52394387475707505  0.58523210292693362  0.64581971993098541  1.00000000000000000
 -0.00280443532896402  0.01053810593655500  0.02200399891784863  0.03326732051192779
  0.04451920425417973  0.05584518151082658  0.06649666953915083  0.07697821822444650
  0.08820695896806768  0.09992832770781054  0.10943435259065402  0.11769048614898883
  0.12561454885461923  0.13437851042884247  0.14430060014365470  0.15512296654089985
  0.16722104954602898  0.17943429317995335  0.19063781789974718  0.20102724575947012
  0.21140886575741624  0.22210037642090821  0.23278704788655294  0.24384986263758579
  0.25672695098177728  0.26992587761986719  0.28239695570479662  0.29410049632598906
  0.30612586916490503  0.31733929453786047  0.32780433033700568  0.33863489154519150
  0.34992588926681345  0.36115798062889309  0.37224354807304888  0.38304852535722572
  0.39319693962470459  0.40297766117586525  0.41326390431249665  0.42451581784364795
  0.43557200566909965  0.44671052149138091  0.45739825402093076  0.46613122557034120
  0.47412510816557357  0.48137522940831562  0.48930372018546059  0.49732306853001562
  0.50536909876139602  0.51345760902123583  0.52224577724538390  0.53111519676942320
  0.53954408350297933  0.54760180058722585  0.55576699604694180  0.56416284443036135
  0.57278590493904369  0.58172589889283899  0.59090347645359464  0.59812857651432116
  0.60555611891431449  0.61320837368587999  0.62110735662572580  0.63212385544908689
  0.64306808129866100  0.65381347194568673  0.66390463715044479  0.67307566606545244
  0.68118375258736885  0.69010701286732334  0.69955192257734089  0.71025300745940412
  0.72139671312906706  0.73242628903300078  0.74614988213738120  0.75965472375088294
  0.77264559330958527  0.78556517909981460  0.79802663915218564  0.81019764765777391
  0.82175511316936456  0.83283295394845402  0.84392130199489812  0.85546976224797955
  0.86785527493442405  0.88026149183842151  0.89294722400174154  0.90605517074892183
  0.91869550880018558  0.93021028351392387  0.94188324122744305  0.95431716406275824
  0.96645592546020576  0.97787870774377872  0.98884673365524089  1.00000000000000000
  0.03064245959786513  0.26385751310211103  0.35698941223410352  0.41749971413793391
  0.46577682022093120  0.50463340551167180  0.53543675186664430  0.56130847999985267
  0.58431269565731725  0.60526681377143043  0.62355300487176757  0.64037621030554326
  0.65529896009770094  0.66945625059334635  0.68299153243047028  0.69542600605151506
  0.70705949984585081  0.71788900974786685  0.72787347926639034  0.73721442105758639
  0.74675318900065135  0.75506406019711558  0.76263234572915173  0.76996855349982152
  0.77679590888431671  0.78348105662585699  0.78980086115867187  0.79574190172822390
  0.80151257510422080  0.80726350130871061  0.81278798855197709  0.81791122079363565
  0.82277845169710562  0.82773362252880689  0.83266883439419426  0.83748807301257067
  0.84208902075151437  0.84663085120584824  0.85112961746788884  0.85563822095937858
  0.86008383818737921  0.86435380817837770  0.86837253462735819  0.87219629739169613
  0.87599491652508021  0.87946132966425528  0.88287490089437204  0.88620892849608379
  0.88950299250922804  0.89276423388279025  0.89596913727448479  0.89907671413135404
  0.90203960850994958  0.90499303679943588  0.90802915981624810  0.91114472238540456
  0.91429373015444870  0.91739454711232937  0.92033161973100552  0.92309211887095199
  0.92571994630378907  0.92818526009951619  0.93057767055597074  0.93295415646838475
  0.93529617304314128  0.93755904027774428  0.93975089132193046  0.94187267806638164
  0.94405953273628873  0.94624341507418452  0.94839982369574816  0.95053949582225272
  0.95254571071026639  0.95448271403232943  0.95627950222627234  0.95803441630175357
  0.95979547514478103  0.96142422846166475  0.96291164089986891  0.96443902234685086
  0.96602196104330418  0.96768730821962823  0.96967539842844919  0.97166107199606111
  0.97360974721834925  0.97552502625601345  0.97738835073979335  0.97924094879174894
  0.98117765824467629  0.98273403153797501  0.98429950027917990  0.98588693216356538
  0.98758676275694124  0.98999559208039134  0.99359908373723049  1.00000000000000000
   7.5053717319873439E-018  -1.0000000000000000     
 F F F F F F F F F F F F F F F F F F F F F F F F F F F F F F F F
  <DiscreteSampler_grid>
  grouped_processes
  1 # 1 for a reference and 2 for a running grid.
  10 # Attribute 'min_bin_probing_points' of the grid.
  1 # Attribute 'grid_mode' of the grid. 1=='default',2=='initialization'
  0.0000000000000000 # Attribute 'small_contrib_threshold' of the grid.
  0.5000000000000000 # Attribute 'damping_power' of the grid.
 # binID   n_entries weight   weight_sqr   abs_weight
    10   10   2.049311272997937E-009   1.021292233478219E-017   2.049311272997937E-009
  </DiscreteSampler_grid>
