  0.00010894164692837  0.00036404590776542  0.00047328681273996  0.00057679110830165
  0.00065819648317092  0.00075599474694493  0.00087013965193456  0.00097549200772911
  0.00107679543836444  0.00119762946641945  0.00136888911359733  0.00156300579193069
  0.00176922976340109  0.00198634952622512  0.00220354707767495  0.00242395088891727
  0.00267468722251086  0.00295706843006945  0.00324871310791866  0.00355012508900017
  0.00386723242629786  0.00419779868454984  0.00455030636215775  0.00489772438495162
  0.00525665594845362  0.00563330977820275  0.00604180858152599  0.00651039289846929
  0.00701601383272377  0.00753985765396348  0.00806233393430759  0.00855781130016998
  0.00906678290532336  0.00959527787585165  0.01014893571170706  0.01071957450052460
  0.01129857728213414  0.01193330607165789  0.01259618051745965  0.01324009222750913
  0.01389018517005249  0.01454808852527240  0.01522653835450033  0.01593582161369990
  0.01664463298198321  0.01736385020270476  0.01808650960643499  0.01893644086524315
  0.01983009971456111  0.02073739858371047  0.02167419030767353  0.02277791293732075
  0.02379567042079703  0.02479320361308107  0.02584973633916264  0.02692232936561932
  0.02812467995332677  0.02907034614620722  0.03019828484778113  0.03123546207216026
  0.03231103284126717  0.03353331956644091  0.03496793019918496  0.03652858404421228
  0.03798420662651165  0.03937383203199638  0.04089710135109533  0.04261971664474112
  0.04450654246646508  0.04630129624151059  0.04782543100140517  0.04918466384557431
  0.05065694583327188  0.05227650045986367  0.05403325925809038  0.05593786594510732
  0.05786776076432981  0.05968661674324218  0.06148534001771934  0.06306658274316596
  0.06450177906189768  0.06601066270281690  0.06782728331349536  0.07014741312335897
  0.07328154542616133  0.07806154581124644  0.08396408161247336  0.08981202474749898
  0.09687962687632548  0.10412195206366956  0.11180606550450203  0.12128579797759428
  0.13446504936038572  0.16054948297865967  0.49652147207431430  1.00000000000000000
  0.00000198224607290  0.00001524924373000  0.00003520215228048  0.00005314050419258
  0.00007333337812261  0.00009308891323460  0.00011281838045174  0.00013269463725744
  0.00015313092478902  0.00017248525590370  0.00019205675216094  0.00021308793894428
  0.00023568078780146  0.00025909196031934  0.00028244240267509  0.00030634707048754
  0.00033039897055244  0.00035742409924981  0.00038594132801100  0.00041450170475973
  0.00044370618301717  0.00047262247887797  0.00050254820169391  0.00053663889484787
  0.00057472878541561  0.00061378655935014  0.00065257439974420  0.00069156242711493
  0.00072915985849263  0.00076524115648046  0.00080198317061919  0.00083830151947063
  0.00087758903973225  0.00091649687008327  0.00095552758754067  0.00099607424043814
  0.00103857858443721  0.00108299490553409  0.00113355045749693  0.00119288314006290
  0.00125402139427419  0.00131755340904537  0.00138464801454428  0.00145182775281146
  0.00152027588394705  0.00159542960883866  0.00167381093718027  0.00175489025043568
  0.00183888901919031  0.00192558139586261  0.00201264183852877  0.00209947702531438
  0.00217460415334281  0.00225201643954568  0.00233187221232600  0.00241688664666938
  0.00251970167898569  0.00264562445661819  0.00276846367453229  0.00288162046617808
  0.00300453349084700  0.00313127336151598  0.00327316957342579  0.00342808101457567
  0.00359435838742593  0.00377054717107414  0.00394609680057237  0.00417415707214048
  0.00443493297172957  0.00471585495040208  0.00500348747237426  0.00533296738495665
  0.00571099021672254  0.00612848732866867  0.00657995071738230  0.00704597597036124
  0.00753847334845028  0.00804819810174660  0.00857516492849474  0.00915036434698297
  0.00973887032179673  0.01034632328675094  0.01097029805072575  0.01169021907018889
  0.01253109057165369  0.01356490222354131  0.01491486298088230  0.01650482612555504
  0.01853490227411784  0.02125694452362342  0.02479296045296047  0.03040010938505034
  0.03821063254121450  0.06367143352045233  0.16609531975596811  1.00000000000000000
  0.00011435121108767  0.00017897673216309  0.00023188285388325  0.00027955426236892
  0.00032330683137176  0.00036466408972510  0.00040574631899424  0.00044891914407493
  0.00050650053175457  0.00056650411210222  0.00062580810804294  0.00069201335042333
  0.00076693291080169  0.00086021201434224  0.00096354592786627  0.00106699996388242
  0.00117853743863364  0.00131083838115713  0.00147404873619708  0.00164359983471511
  0.00179732132664932  0.00196683696312028  0.00215927254703604  0.00237657513163937
  0.00258764645375353  0.00279735184655772  0.00304315643780833  0.00331395201893963
  0.00361056610970266  0.00393497818288621  0.00429356074089295  0.00463938304373163
  0.00496255066932495  0.00529017013313149  0.00563679857988565  0.00600509771180476
  0.00639024533473295  0.00682165278412296  0.00726588829684422  0.00778476462837957
  0.00836131687340053  0.00896347399907660  0.00957190183234181  0.01012136486940465
  0.01064619779753243  0.01114644782891354  0.01167501375914105  0.01229421674755004
  0.01305042176863164  0.01391748782424361  0.01480264314657027  0.01565199709154427
  0.01646220107897417  0.01725500214236146  0.01804257753087716  0.01894106314578587
  0.02008662377168085  0.02155778027423875  0.02316167271998307  0.02462524641620959
  0.02590890660150562  0.02717977639176237  0.02853518484111938  0.02988004103830953
  0.03119840774690448  0.03245017781729751  0.03361797510259278  0.03483160333467415
  0.03601905404454390  0.03709789984648309  0.03813570816915785  0.03932852916277565
  0.04069030304650140  0.04179020842737054  0.04294708432467911  0.04418096145846609
  0.04557183701405933  0.04726107066541148  0.04947208320573585  0.05172487585340284
  0.05423622890585655  0.05803975371758541  0.06132048666677294  0.06547052752893220
  0.07194459321363121  0.07874503142933718  0.08671011009315518  0.09551700329626991
  0.10281425971233685  0.10837716769537767  0.11422656514523243  0.12203578092012413
  0.13229984999204614  0.13950973836026562  0.14319635094436906  1.00000000000000000
 -0.00075516171321645  0.01064135706558333  0.01765772836074582  0.02563304912511659
  0.03445923754430373  0.04558738214760948  0.05749608252341768  0.06972322375068131
  0.08226902965254891  0.09467780096320451  0.10681550348621058  0.11801967087156728
  0.12932494188672861  0.14163734459980482  0.15496858660058235  0.16986039733557226
  0.18528905915337435  0.19875630103105260  0.21024243850028815  0.22085729093846868
  0.23154342424914465  0.24181883823139361  0.25173819336391623  0.26058740588227747
  0.27025739750638372  0.27960617920409792  0.28830265628904161  0.29605883205958600
  0.30412960829939001  0.31281804244846229  0.32161961953884638  0.32964871826464903
  0.33839905084086497  0.34812304848238457  0.35847331557714551  0.36953675070307118
  0.38044237474683712  0.39140121142773571  0.40217856087074216  0.41289669567418458
  0.42378199001502942  0.43408918847605915  0.44348618750700963  0.45217430209388559
  0.46091517493500933  0.46986163826030858  0.47931414603846412  0.48977199488072320
  0.50192567653437437  0.51515644105215108  0.52726625716504960  0.53724935160033749
  0.54626545842952035  0.55544045163113331  0.56502511201868710  0.57714628725674511
  0.58938224284752427  0.60068373813960774  0.61125541337629252  0.62149810389536775
  0.63201857453806198  0.64168562714944410  0.65321656340559153  0.66464783435652242
  0.67699435861889379  0.68825599961175765  0.70011558934237739  0.71086709956699878
  0.72010606998493443  0.72889319845950673  0.73787525694318534  0.74720180032193662
  0.75721206283255238  0.76708069294189951  0.77727244227850290  0.78771894310196300
  0.79821637502022358  0.80869721644467818  0.81954655291911060  0.83048881409565911
  0.84133554562634072  0.85127226006252454  0.86120583024934505  0.87161032746076250
  0.88305313643869521  0.89607694018575546  0.90962921378779715  0.92157273138850759
  0.93198125407141519  0.94064830405914335  0.95046184826646929  0.96090344803712768
  0.97115274236780713  0.98137644083699394  0.99088304257963400  1.00000000000000000
 -0.00048241524711502  0.01094266735838626  0.01852446125803157  0.02412753188847956
  0.02886888690702763  0.03334735647850538  0.03765669850194069  0.04177018184142692
  0.04553605789820531  0.04914785173943087  0.05203917870819836  0.05469900386833118
  0.05728947145731098  0.05980768122864233  0.06247777567782449  0.06540537448401131
  0.06825615426215988  0.07101183739559892  0.07396139254673903  0.07708903799469613
  0.08029858438609123  0.08342002242364650  0.08645462514421320  0.08931515013991982
  0.09232010838533791  0.09557303831986420  0.09888562187588525  0.10204623486988433
  0.10503331344055282  0.10806333898543775  0.11107654309118156  0.11399782639537134
  0.11655418464209583  0.11905593804641050  0.12139911276716918  0.12377499234161513
  0.12612769409345936  0.12877104840081527  0.13174051964322167  0.13479391620464504
  0.13801527533620284  0.14133134089427318  0.14454913539113559  0.14734840907446214
  0.14974979887367126  0.15217051184071248  0.15499804343277326  0.15746935530379297
  0.15958094778091270  0.16153254154251612  0.16372986248710886  0.16674040182646041
  0.17009175163272539  0.17295748661491606  0.17549869614978994  0.17830307163364861
  0.18161988593027134  0.18393922698951309  0.18599614313111948  0.18817711362944367
  0.19078999015797427  0.19402088472454454  0.19765428247568950  0.20014630059947186
  0.20225502738500498  0.20439177207598636  0.20684848824589874  0.20988431957264631
  0.21297104041271303  0.21590192083974116  0.21899058197899451  0.22220986257587938
  0.22625988975867214  0.23087975380486359  0.23523162136669798  0.23943061349495770
  0.24329838678912885  0.24769425407170739  0.25278104089471204  0.25886090109247878
  0.26663225057404077  0.27760707757546227  0.28561972734585195  0.29268283502238696
  0.29963748509270910  0.30744523525876732  0.31411847294287604  0.32826683991571559
  0.34706168361883089  0.36370173379021814  0.37761500684996613  0.39512095293180455
  0.42185106762313096  0.48084318249435587  0.67672622870784171  1.00000000000000000
 -0.00310830097831227  0.01167846661291914  0.02345922229884934  0.03516376180084374
  0.04604042485138277  0.05617859900391869  0.06529915171714525  0.07453351654413215
  0.08454330664906459  0.09501797007774329  0.10582417361129942  0.11691056932390430
  0.12752640343326760  0.13750951518618207  0.14759525575292676  0.15815015307973038
  0.16831207763776762  0.17929349762082725  0.19045256107678493  0.20207199876131934
  0.21355419437880560  0.22473800775925595  0.23483158734954052  0.24528843234687456
  0.25648288336813635  0.26815114826535624  0.28092232676900952  0.29361662452118126
  0.30740557623710690  0.31856650122826424  0.32861696237936328  0.33838235305862552
  0.34749118235055299  0.35607425759784700  0.36424132023427502  0.37341719210523155
  0.38518146643080187  0.39787047196587660  0.40829648442730471  0.41652835871290689
  0.42434026951749670  0.43199640239707943  0.44100642241194332  0.44887895748536827
  0.45666261103392769  0.46608308346616850  0.47729424233410933  0.48853013861768285
  0.49986930014416564  0.51092374834555065  0.52244991265234131  0.53577519017144615
  0.54737563337881479  0.55845608933414248  0.56857887196562651  0.57878653174543304
  0.58998777407409597  0.60153797341100401  0.61397428295845702  0.62677380641312685
  0.63953984455993440  0.65205388524409613  0.66360598151918804  0.67432918356598526
  0.68463990636286076  0.69490309151105367  0.70621483180084688  0.71773733488452596
  0.72837896753731846  0.73824041705607835  0.74794384629454891  0.75918459623914081
  0.76973685250424739  0.77964890377439533  0.78926064608662250  0.79989622657921111
  0.81178963522711700  0.82281368546413380  0.83357979642603597  0.84562567327045779
  0.85774964522907160  0.87127035450440959  0.88158962702501775  0.89243716335073331
  0.90174873271842870  0.91054666624510494  0.91892741912901754  0.92678292854101252
  0.93466949583683545  0.94225502213054524  0.94974724201487759  0.95702995515343148
  0.96586061935237055  0.97633219000883231  0.98758763034960506  1.00000000000000000
  0.00072253250077617  0.00262696109958970  0.00458361271839700  0.00609630623387789
  0.00748353294281754  0.00877634913314867  0.00997862971931316  0.01117540843602726
  0.01236690949081873  0.01351952895562668  0.01467215258855113  0.01585484644628573
  0.01704355494340339  0.01824472071056154  0.01952110533925315  0.02085108548087193
  0.02216975292565506  0.02349030931419851  0.02483387419850393  0.02608937469691833
  0.02736355884956543  0.02868311756034183  0.03000374869008256  0.03129449778770761
  0.03260164047811492  0.03391326377673250  0.03518270676964292  0.03648468323335821
  0.03776043380441565  0.03898676162518577  0.04019657145017985  0.04139240252245358
  0.04254677922631264  0.04371812583402759  0.04505761392331550  0.04654012601078179
  0.04804991102001969  0.04961545234183002  0.05123112652222252  0.05280829819663103
  0.05431337027181549  0.05578593234882977  0.05738998253475235  0.05923262371704565
  0.06110745693247815  0.06309288245632061  0.06454422078275179  0.06602251897050157
  0.06750099578163243  0.06895776159961581  0.07065227668084843  0.07246754142360189
  0.07438953082664485  0.07672964244504668  0.07882624960979143  0.08063291312268774
  0.08239802471147810  0.08412099016943478  0.08575790399578581  0.08721692494107022
  0.08861843309527181  0.09019200438514446  0.09201699897696525  0.09415948505870717
  0.09666811276583144  0.09965247433535197  0.10241673623362367  0.10475126252703977
  0.10700621750325645  0.10962158771149000  0.11217298649804895  0.11475141565887881
  0.11743384748543004  0.11967268126179870  0.12184802191738928  0.12432304527503339
  0.12941014421743449  0.13375696301233625  0.13817045451511523  0.14181494937708866
  0.14575433710388014  0.15095995945781807  0.15829619551740812  0.16837980093397875
  0.18015722765561901  0.19026260626140620  0.22036573099297543  0.22646025211592594
  0.23255477323887644  0.23864929436182694  0.25361540265306404  0.27521344102352363
  0.29681147939398322  0.31840951776444282  0.44783475067171508  1.00000000000000000
 -0.00208006000886485  0.01029745866585596  0.02065783919172960  0.03195660181287677
  0.04308420214829733  0.05610679539220698  0.06944036677592168  0.08170510771449466
  0.09290856075991469  0.10395252619258448  0.11530618479329245  0.12579612396313058
  0.13550285380505409  0.14614310731701288  0.15833212799933216  0.17040568979351384
  0.18087891497806846  0.19148628374190968  0.20189340423564997  0.21136157228623062
  0.21991710501196018  0.22913199675811805  0.23939316414499440  0.24972345880224728
  0.25924355538589677  0.26900751987416233  0.27916971077048863  0.28946653865292177
  0.29912135530297473  0.30906227607047571  0.31871042310240971  0.32817145901085037
  0.33729629625459295  0.34462348916769880  0.35135918712277553  0.35808387075185144
  0.36638980693410428  0.37523047983887564  0.38750944877468813  0.39915953943255228
  0.41137225687662754  0.42280058495771056  0.43425942527029526  0.44467746817554582
  0.45386910089888505  0.46319717869136634  0.47300019940915838  0.48376644322634438
  0.49521823652322949  0.50636465749154580  0.51645826231216696  0.52517333777822106
  0.53335912453436085  0.54154123417266031  0.55014996686739692  0.55992385718573046
  0.56824876659702750  0.57631676181392288  0.58507178051252917  0.59581998114215984
  0.60770026944973610  0.61893988529334321  0.63085164170965780  0.64341836281730469
  0.65500705794062586  0.66563449563774979  0.67525200064637791  0.68410603216423982
  0.69287431271074673  0.70096743353190638  0.70955662969532940  0.71828698531914925
  0.72702180598763599  0.73670819235885132  0.74758582076092162  0.75847312228937458
  0.77047483157272822  0.78344770945336706  0.79666896388046193  0.80916231310012177
  0.82029642846013540  0.83139644157082671  0.84291322868439245  0.85516902653499594
  0.86712659209331533  0.87898036752454700  0.89029508754102260  0.90103228379277089
  0.91173226181918809  0.92243078666624756  0.93331526932803366  0.94511538797652428
  0.95736465032671814  0.97025989250847200  0.98417810491006363  1.00000000000000000
  0.00316932445230833  0.40214718004755817  0.51041349127011337  0.57436580929420433
  0.61917265500084728  0.65221492773474354  0.67707442533468132  0.69890457683270357
  0.71792331303616852  0.73513326418995661  0.75053303655910175  0.76372063117863176
  0.77603160054744125  0.78716826328303824  0.79714929062435991  0.80685575051716751
  0.81548931368844602  0.82329900171102188  0.83069876821629351  0.83743606443777729
  0.84346396594227724  0.84925612872798983  0.85471035048961697  0.85991802117940386
  0.86508398102176265  0.87014831099977497  0.87487015889863240  0.87902160511445193
  0.88304795902812905  0.88708628193888450  0.89098283402426148  0.89468172364371612
  0.89805712114199587  0.90122670364198110  0.90434158827509470  0.90738467044005211
  0.91037080618766797  0.91337164317160613  0.91634259636798765  0.91910209831124368
  0.92164917582363859  0.92423673540754048  0.92678020638061953  0.92934170802658544
  0.93178511781855378  0.93408054302205346  0.93621456379985180  0.93810747131236438
  0.93981393364923704  0.94141747208415394  0.94297848199061807  0.94445870733059878
  0.94592450713669995  0.94738926572691229  0.94888805418718725  0.95038855339898742
  0.95180486023928490  0.95307060684329603  0.95422770078697927  0.95539967182500440
  0.95657297399933494  0.95762600256792896  0.95866285234536386  0.95974801160964995
  0.96086723893391845  0.96197100723421780  0.96299710473909828  0.96410295819420599
  0.96522906478036463  0.96634159114711704  0.96744169682386427  0.96854770298209369
  0.96966205358939972  0.97078066482114800  0.97189130493809661  0.97296018352827096
  0.97395878035137562  0.97502222113072434  0.97611497183613449  0.97722363569677728
  0.97833811965387107  0.97943694052364005  0.98055509346000225  0.98168047279960191
  0.98279223348440281  0.98385986674470038  0.98490574614032211  0.98592934181899872
  0.98695973570135120  0.98805678827690080  0.98922892253675032  0.99057380975177722
  0.99184259890028714  0.99332749687808686  0.99556857522289632  1.00000000000000000
   1.0271080100934009E-012  -1.0000000000000000     
 F F F F F F F F F F F F F F F F F F F F F F F F F F F F F F F F
  <DiscreteSampler_grid>
  grouped_processes
  1 # 1 for a reference and 2 for a running grid.
  10 # Attribute 'min_bin_probing_points' of the grid.
  1 # Attribute 'grid_mode' of the grid. 1=='default',2=='initialization'
  0.0000000000000000 # Attribute 'small_contrib_threshold' of the grid.
  0.5000000000000000 # Attribute 'damping_power' of the grid.
 # binID   n_entries weight   weight_sqr   abs_weight
    10   10   9.905198000687422E-006   9.083613318363133E-010   9.905198000687422E-006
  </DiscreteSampler_grid>
