  0.00186845808844090  0.00514587328475366  0.00715894649631046  0.00869177746189293
  0.01033244010923545  0.01184678071676274  0.01333693119481128  0.01512235844200462
  0.01686571932876577  0.01823128464037689  0.01941891951004936  0.02066186505470910
  0.02208712175975218  0.02335505663900276  0.02458094468827844  0.02572475654743176
  0.02690186524974003  0.02805438216929995  0.02908341289363786  0.03012372789461119
  0.03129406955229989  0.03236279934211363  0.03337463593873023  0.03438169750641808
  0.03537090528236773  0.03636261284795204  0.03727632985415531  0.03833578882076952
  0.03943070787305540  0.04043278825919326  0.04145211434974765  0.04242832509633214
  0.04405213078246857  0.04567196625777799  0.04730194435636338  0.04895718816197014
  0.05062581459810475  0.05235247994508060  0.05423732148852278  0.05616356778128796
  0.05797445549827811  0.05954795640382100  0.06086865518598552  0.06202812935988163
  0.06327459134921505  0.06476341641610993  0.06622947205970021  0.06771334104956041
  0.06915196186489038  0.07055805126996070  0.07197297951205921  0.07357764310620901
  0.07552012315865141  0.07685718951525700  0.07779840679045112  0.07864371703835607
  0.07950522772707139  0.08051363000607856  0.08177935936948000  0.08313102337863786
  0.08431921016110593  0.08553874109709780  0.08685565745425521  0.08822738280400678
  0.08954424644245319  0.09072659495588911  0.09192043020146017  0.09332971897806575
  0.09562204043280660  0.09845442600032607  0.10109503942310985  0.10376275402416942
  0.10644485135547821  0.10906264739695985  0.11182254240666097  0.11417977257369208
  0.11657779673038401  0.11925144660735684  0.12199640123045669  0.12507276688264976
  0.12827341069195494  0.13141002124631448  0.13482845334325172  0.13894720895896165
  0.14542216665156327  0.15214488499350712  0.15808881794648127  0.16315153683258546
  0.16744062479704894  0.17049271413745898  0.17427161576986802  0.17941531747949502
  0.18463362247478268  0.19197952908560115  0.19840085890236167  1.00000000000000000
  0.00000145820838840  0.00002661082411057  0.00004534434296468  0.00006605152686743
  0.00008725438257208  0.00010964732026561  0.00012714129719432  0.00014256110810348
  0.00015703587082500  0.00017279406429794  0.00018813004871075  0.00020541594732334
  0.00022363991064094  0.00024579469024663  0.00027021195946859  0.00029713839975478
  0.00032781137096835  0.00035812251780625  0.00038240474088258  0.00040437028545117
  0.00042375087852080  0.00044499822879443  0.00046470973516992  0.00048705813784223
  0.00050985688570413  0.00053353393791373  0.00055970624394759  0.00058706601237337
  0.00061613799253592  0.00064015469263103  0.00066972532707638  0.00069854337142166
  0.00072991988164507  0.00076048573993505  0.00079013189676133  0.00082155116481016
  0.00085588986166387  0.00089827224675577  0.00093963935891256  0.00097498516174590
  0.00102234631822724  0.00107446437805587  0.00112519752974270  0.00118338955559500
  0.00124745149263764  0.00131678444565048  0.00138781173264735  0.00144886190379938
  0.00151360931841097  0.00158426076759235  0.00166307205550174  0.00174636619341395
  0.00182912720707966  0.00191074686818626  0.00199349455597184  0.00208046395584973
  0.00218757618884683  0.00232374241335376  0.00248120371541319  0.00260122704965755
  0.00273389013514059  0.00287902324004475  0.00301685972745996  0.00314133995508104
  0.00324796789105807  0.00334556141622413  0.00345201272956345  0.00356773152023999
  0.00368553130720314  0.00380165735000421  0.00393456953235657  0.00413005778848938
  0.00437922506128439  0.00463037960334404  0.00496299337145005  0.00538600338744280
  0.00587575341475999  0.00638080335754519  0.00724355092417034  0.00809660393912298
  0.00890012972961346  0.00963608126182531  0.01045292796388992  0.01134058017600014
  0.01231852103748346  0.01349763349678587  0.01522853655341221  0.01750452119149826
  0.01992958893442900  0.02339043041519337  0.02817647104010272  0.03414845119805318
  0.04849332480182436  0.09416334024916832  0.20721491735955044  1.00000000000000000
  0.00013974056583539  0.00022370320065040  0.00030766583546542  0.00040572698500757
  0.00050717850712389  0.00064101540119813  0.00076364494782859  0.00085920332211341
  0.00093248900350637  0.00102069295692677  0.00109082375277741  0.00118821986064621
  0.00131779886440260  0.00157354713712735  0.00197496869870441  0.00237829297911389
  0.00271084329243294  0.00301975453839139  0.00336481980283917  0.00378834307796034
  0.00417714352452206  0.00446448839007609  0.00475569833915916  0.00511098734728365
  0.00568321073582679  0.00634169358526062  0.00696870882562306  0.00741639130079987
  0.00785859109397314  0.00829008416276000  0.00875546357468219  0.00972775778815394
  0.01048567768487224  0.01120991162076921  0.01195647703924867  0.01280435837108445
  0.01379898112982222  0.01468431692429092  0.01540925552812127  0.01603642584300398
  0.01667080606915440  0.01742879213238359  0.01832399838366590  0.01928447420907872
  0.02017574430106815  0.02114627912186870  0.02231817570997803  0.02396466260202460
  0.02535637285954727  0.02651402974900473  0.02761811145932456  0.02869833432991330
  0.02983667675252069  0.03079609285979183  0.03315565289937458  0.03590455930669735
  0.03865078461036335  0.03999883682095608  0.04109872897787042  0.04222097487349437
  0.04330770083227611  0.04444015033844279  0.04574463924651976  0.04736901938125177
  0.04886463498054072  0.05095460437800161  0.05365774001300079  0.05630131986714882
  0.05921040741767589  0.06208370037525603  0.06517288258055388  0.06793498318383799
  0.07036091658710256  0.07289919506743248  0.07572256619314566  0.07834734276183632
  0.08078682755502459  0.08355199582597554  0.08700196513928467  0.09090713788736231
  0.09506319398589297  0.09849263120332620  0.10198558364901932  0.10545616054859072
  0.10909406045889586  0.11320071429617097  0.11795541019080018  0.12397839650537580
  0.13124967393693143  0.14100263755402687  0.16245434509402445  0.18101953532077905
  0.20054177708794924  0.22603910872782165  0.70027656179742015  1.00000000000000000
 -0.00105433812803011  0.00346644187121251  0.00779844718404426  0.01257081818538949
  0.01701985268845636  0.02146626702239773  0.02601911368811868  0.03077263118741641
  0.03580614825463122  0.04082301162074229  0.04600725273203503  0.05108344704854060
  0.05590615032904955  0.06061229516847812  0.06547709418784990  0.07324294996718041
  0.07977165005426537  0.08566379306622246  0.09061889292364787  0.09593029512374958
  0.10146536367766186  0.10681833577360214  0.11234290854491027  0.11775736617551957
  0.12317031990481329  0.12814682473137257  0.13335719792241207  0.13909412154511766
  0.14577916253116210  0.15422169682291201  0.16333366083600992  0.17089401987989125
  0.17748629847235359  0.18380894335102682  0.19073764242378644  0.19852343180648385
  0.20684037241367803  0.21647544854713299  0.22761238043384766  0.23845421525261157
  0.24832003033010785  0.25763019646269508  0.26641004293350573  0.27452895195520655
  0.28296395665239577  0.29109629000727610  0.29766422942570880  0.30396001393780619
  0.31073744651340257  0.31691577021430778  0.32198345923197336  0.32679153711894476
  0.33187333701627791  0.33773395897603958  0.34376378798413737  0.34921112740509591
  0.35487598783195423  0.36039256542527781  0.36713060191972358  0.37509629135484374
  0.38861408849176809  0.40114503546674890  0.41570926001114988  0.42836012405802476
  0.44051687270468048  0.45332082149889069  0.46527176849656682  0.47875336515129857
  0.49387062075458171  0.50636808690172364  0.51594544965528089  0.52531978747808095
  0.53569153461386043  0.54795659586355394  0.56268679179147985  0.57966835211929024
  0.59867463792101383  0.61849871167056902  0.63689500306803437  0.65332573539353089
  0.66908038352655885  0.68296926692722748  0.69682053930894761  0.71223401423157451
  0.72633564522246918  0.73555449179548615  0.74541759104904748  0.75627900566776285
  0.76723444145428166  0.78723040714051740  0.81958932805437179  0.85023880801852625
  0.87666001458040510  0.90727290874224453  0.94747546046049003  1.00000000000000000
 -0.00425528981685989  0.01446335055118319  0.03074272603858186  0.04741328576444721
  0.06503116208482097  0.07481538415787906  0.08485943800657904  0.09549024991744738
  0.10673731168396680  0.11837803048191459  0.12982615349987522  0.14305080197305531
  0.15557911743366828  0.16806741526427915  0.18090424431366084  0.19472453682023969
  0.20847932986154297  0.22247319747213209  0.23393835723704026  0.24311369521149745
  0.25207565791459652  0.26192843964319518  0.27108831331602917  0.27841090249608813
  0.28620766992043922  0.29682027097501951  0.31057426479128825  0.32194788280878128
  0.33226884421969455  0.34257635887224647  0.35334794957036264  0.36410635526138968
  0.37461563938445819  0.38607369725280410  0.39819997816598740  0.41068037843172583
  0.42264688946904139  0.43213836183121623  0.44226009754098322  0.45364222437090790
  0.46651410784071795  0.47849457724380379  0.48945531548641186  0.50029360483058283
  0.51061141106252406  0.52171027783575830  0.53541060821057784  0.55007505288213998
  0.56418166712884110  0.58003158547427058  0.59368052437675622  0.60696694486750979
  0.61867833145496942  0.62945107767247777  0.64054089124814839  0.65189328596829410
  0.66288322401975730  0.67271974554696445  0.68186721199113198  0.69084023884034840
  0.70008433292474659  0.71273826853861577  0.72743603382130606  0.74030377644640688
  0.75145199217569636  0.76271309982620028  0.77351266157742327  0.78248618373256118
  0.79133909563076466  0.79787630479644711  0.80576020802205273  0.81373390630654818
  0.82151517830025345  0.82979497500131494  0.83693221808571294  0.84317823837804595
  0.84888395140192185  0.85565327506123923  0.86357145551564063  0.87253709156747905
  0.88149565658587459  0.89120582782427415  0.89801406133334061  0.90297900452356916
  0.90787261147637366  0.91261841263118781  0.91768962426829814  0.92668630553302289
  0.93687985578710553  0.94817929654123545  0.95830426160161197  0.96565758524599876
  0.97305638712272113  0.98155620191324999  0.99085434651519477  1.00000000000000000
 -0.00481575363518588  0.01422689502006833  0.03093807007493455  0.04553158122621247
  0.05890872730757753  0.07203649973824439  0.08553472290747544  0.09952404325157350
  0.11384127982910959  0.12668332361596074  0.13792100104547209  0.14862702223278104
  0.15922021047186916  0.17005396915481399  0.18132362476583330  0.19347969733346129
  0.20737986889798221  0.22222276666480778  0.23575283364305366  0.24872351149762018
  0.26196861583283942  0.27403857548442939  0.28698508199988215  0.29485655751136364
  0.30190572406235622  0.30842664721320445  0.31490962312574261  0.32160308910688945
  0.32856631414097681  0.33542997317147771  0.34289820417694894  0.35051991811550437
  0.35967373341427328  0.37242532494286151  0.38607786095868485  0.39861282451674984
  0.40868413604984655  0.41914121993129355  0.42873631843944948  0.43862943557099449
  0.44633197878026071  0.45450848072726147  0.46186087668671533  0.46855283058014663
  0.47507883220088004  0.48200731857616991  0.49017165364553661  0.49970392090231436
  0.51586802058088199  0.53529265435156970  0.55007395157452932  0.56311754640140066
  0.57553940414035243  0.58733584037599151  0.60067976984074034  0.61355260206475615
  0.62394950968250895  0.63577325157944165  0.64716355608985610  0.65802173142424170
  0.66746927601815587  0.67636164152692135  0.68516941272387599  0.69508139621782539
  0.70379077168775872  0.71205053186818190  0.71984280423338032  0.72681053117597505
  0.73721643989998331  0.74832109330286578  0.75888084588101601  0.76859315140753026
  0.77862492570962794  0.78998959097612287  0.79982750644534339  0.81034427522842378
  0.82181474698855239  0.83460844251813870  0.84669264613691908  0.85736185334290216
  0.86734646536621807  0.87564482845779379  0.88264435697250421  0.88937954577601119
  0.89468556046649705  0.89972415835941522  0.90442896916889159  0.91036563176772767
  0.91885223928678261  0.92828148994254223  0.93855569624547819  0.94871639948438236
  0.95858350794154035  0.97190539342309534  0.98628157137466088  1.00000000000000000
  0.00287854297674500  0.02789196847482963  0.04267563043211402  0.05130290985876516
  0.05827440422779005  0.06466140449032026  0.07051240004757209  0.07580510533471585
  0.08070126871998218  0.08497596570765723  0.08915021319508702  0.09336153572405287
  0.09777427944810690  0.10223295349272776  0.10612035093913177  0.10959361649502279
  0.11282662090694073  0.11599598954549556  0.11923070050212613  0.12250533328281929
  0.12559015092397746  0.12842623255464106  0.13113924338622845  0.13384469801627680
  0.13678024886736181  0.13987909336571422  0.14293234968479981  0.14591212024393455
  0.14815094254208411  0.15046908238008791  0.15275893085827238  0.15485721829891971
  0.15754152369948407  0.16000386346691109  0.16245392850952950  0.16497763178639210
  0.16757975699971150  0.17034989343353543  0.17314317902867712  0.17573522737580727
  0.17830105963020390  0.18072419944562482  0.18273083774858392  0.18420466507260144
  0.18559388285111297  0.18729252183367870  0.18943341036220163  0.19164948459743272
  0.19408774793736094  0.19691157044861804  0.19970739353708578  0.20243766538717300
  0.20573640464263290  0.20901270162567467  0.21108676595317988  0.21300389319834140
  0.21471916122339577  0.21663641748083010  0.21861376199904828  0.22071098091130867
  0.22268144356453098  0.22461242133406462  0.22661413568177069  0.22884631978949188
  0.23109736098717110  0.23330167254148082  0.23540516084560936  0.23741391222076041
  0.23910255016190099  0.24038734962997918  0.24175346733100136  0.24323216673052128
  0.24552688748906804  0.24857146750279116  0.25124310306228287  0.25323953481175765
  0.25532247014226339  0.25748842064011290  0.25969650867618838  0.26177108031033325
  0.26425474044629754  0.26763762241644912  0.27033163302959184  0.28878900362771565
  0.30983945759769693  0.32995578487500449  0.34715148280171920  0.36075934547177985
  0.37157800844376432  0.38180311194528849  0.39497858144678555  0.40572313766392915
  0.41697002370027897  0.44317821135314761  0.51239678656205301  1.00000000000000000
 -0.00373299492681948  0.01981878751057244  0.03663377409291432  0.05234668750953640
  0.06894456979510359  0.08818871073557291  0.10986605618842765  0.13875381853203328
  0.15741439165314272  0.17303530384380172  0.18661708391171483  0.19521062960589169
  0.20152118561140728  0.20765044688537226  0.21487643459380462  0.22310911334085626
  0.23230602653214050  0.24162232668088424  0.25084938514109523  0.26123686187124084
  0.27207909802320246  0.28258547999260208  0.29238210703109802  0.29985600110695904
  0.30656722658789615  0.31377239428448800  0.32114918241145873  0.32853610756484120
  0.33486344822088249  0.34065287741853556  0.34577064611441116  0.35149915393061282
  0.36167940759954792  0.37450038758742760  0.38578152303433028  0.39563129500988575
  0.40540439743217060  0.41504324746528548  0.42149967868793881  0.42657013127819743
  0.43163928666484447  0.43662472652472450  0.44105128299962104  0.44476430137498613
  0.44953060309870829  0.45574336516664832  0.46219945333778073  0.46936829644614297
  0.47663943453697322  0.48442332505321933  0.49226549499758770  0.50036557807351445
  0.50938288029976830  0.52047080960423997  0.53170208261170848  0.54265235003648526
  0.55375049511923813  0.56624499883094093  0.57870159987909842  0.59055191246679295
  0.60178794034156768  0.61262519276510363  0.62346169409992547  0.63336340664700219
  0.64370940988831449  0.65492850339179209  0.66764684066405644  0.67710347871815546
  0.68600451307094790  0.69371336953719676  0.70120667575588491  0.70866570032340326
  0.71402342317305623  0.72041781555702356  0.72715953044288695  0.73388623850022894
  0.74054100762537700  0.74693087080874709  0.75292750114771301  0.75910215014527638
  0.76593862467586926  0.77592569291151969  0.79006840409685808  0.80385786206236798
  0.81719509334742813  0.83019375481104085  0.84337731246738001  0.85791299901787199
  0.87746404629624652  0.89597562920064633  0.91213241422354385  0.92646636298624852
  0.94206479868127380  0.95837056148096444  0.97941668557661377  1.00000000000000000
 -0.00199568813208038  0.53646136218153628  0.66645116701045171  0.73213573760461992
  0.77591672065666450  0.80910002487285504  0.83165458336340481  0.84835889316960367
  0.86172653361083995  0.87232051850771741  0.88118604660780242  0.88914939050884878
  0.89544320508340369  0.90028492957180017  0.90459632737878060  0.90935386005042962
  0.91444039400361699  0.91898556024315914  0.92300357856063342  0.92702037372468715
  0.93071379060836046  0.93416136404539984  0.93722787373852756  0.93944815199219134
  0.94134598716879547  0.94306449318459862  0.94483968190314271  0.94647066522881840
  0.94818877583940908  0.94985757128462434  0.95160972598765403  0.95311520489336554
  0.95442597140222185  0.95563467079693420  0.95684606700636832  0.95804541500436202
  0.95918171922458295  0.96019905482284651  0.96115521858311515  0.96208562732093927
  0.96298019889588615  0.96382091257417390  0.96462052551594013  0.96538614186779692
  0.96618024496552479  0.96699588726167263  0.96785288938984959  0.96875564963441663
  0.96958882674252378  0.97044657014302038  0.97127991673988257  0.97209997176892060
  0.97291979264591499  0.97373023191213182  0.97446001737459842  0.97515888803199013
  0.97579219634764292  0.97632996981036091  0.97689789081604572  0.97740919065676912
  0.97789835058044383  0.97838294974588647  0.97883334806046352  0.97928985363629417
  0.97976944092539875  0.98031420522777535  0.98082555109565395  0.98130059380002854
  0.98173178053666077  0.98215109086099983  0.98252735475002628  0.98285620640095317
  0.98319324237879924  0.98351760004599653  0.98382990779992707  0.98413445804883382
  0.98444553254272449  0.98476833019896504  0.98509917678856684  0.98543210460216357
  0.98577710408781072  0.98609834528105111  0.98665989141329957  0.98735665812336637
  0.98805367835711277  0.98875100886565337  0.98939142719648820  0.98999164026077657
  0.99057251153605952  0.99119817083788753  0.99183529277136329  0.99262860433431865
  0.99354466445619483  0.99454511053443417  0.99611213560909673  1.00000000000000000
   1.0974240329382442E-012  -1.0000000000000000     
 F F F F F F F F F F F F F F F F F F F F F F F F F F F F F F F F
  <DiscreteSampler_grid>
  grouped_processes
  1 # 1 for a reference and 2 for a running grid.
  10 # Attribute 'min_bin_probing_points' of the grid.
  1 # Attribute 'grid_mode' of the grid. 1=='default',2=='initialization'
  0.0000000000000000 # Attribute 'small_contrib_threshold' of the grid.
  0.5000000000000000 # Attribute 'damping_power' of the grid.
 # binID   n_entries weight   weight_sqr   abs_weight
    10   10   2.519774495119099E-006   2.115905601138970E-011   2.519774495119099E-006
  </DiscreteSampler_grid>
