  0.00614703395227820  0.00692420140174112  0.00756744008136493  0.00821964833426131
  0.00883491351850978  0.00942795250292461  0.00996134882155545  0.01048020415423359
  0.01101387536532535  0.01161147261665642  0.01233731869929921  0.01304037741287619
  0.01374477174960617  0.01444634792014118  0.01508269222534407  0.01567883235195284
  0.01628752046914770  0.01688932894914394  0.01752059804346042  0.01825474186256687
  0.01910220830467656  0.01993198762398151  0.02070284794927608  0.02146585154533081
  0.02222463615932972  0.02304044562912486  0.02394622577182579  0.02495291846369488
  0.02601365495945268  0.02707746257789060  0.02812837679237805  0.02915053045201222
  0.03016585798746277  0.03115969123029277  0.03218400398580475  0.03325282506338662
  0.03440289994402234  0.03561443772577596  0.03685484340126845  0.03821332611325898
  0.03969474670981208  0.04113158665675710  0.04250165117431304  0.04389035318808208
  0.04535139812887425  0.04676123095671879  0.04806233915479829  0.04931235579588893
  0.05061730686264811  0.05191598909304865  0.05316918822044944  0.05457824552470765
  0.05605901003277888  0.05838700505149379  0.06099523436721568  0.06340746718410226
  0.06570640687083895  0.06792689872808411  0.07010753293230403  0.07235318057449780
  0.07478302391611945  0.07751180959881906  0.08065968426455579  0.08413929925077107
  0.08724163688070809  0.08988888906049720  0.09224161034243282  0.09464938725143941
  0.09715436653897976  0.09994282693638869  0.10358789951161201  0.10811432095471224
  0.11361632443670898  0.11751301127910636  0.12177811448752925  0.12617958676178606
  0.13024428341859709  0.13403040156930723  0.13886348199964965  0.14448466284360675
  0.15015311657117317  0.15757509717452803  0.16506309226346821  0.17253586601904070
  0.18060820812261014  0.19170124067562400  0.20414230160846289  0.21128931901458045
  0.22067867518145215  0.23389228288646993  0.26303603242408252  0.29683813835619183
  0.31426182221408261  0.33530525943167361  0.69182321500411681  1.00000000000000000
  0.00000356873732233  0.00000402639900183  0.00000466603757535  0.00000525300202696
  0.00000598330702791  0.00000686336548212  0.00000798955400125  0.00000908132610126
  0.00001002774804762  0.00001088042340797  0.00001175519246791  0.00001272582108496
  0.00001391226970608  0.00001519064057983  0.00001646738632333  0.00001779145493925
  0.00001910156852034  0.00002041447043736  0.00002183380009374  0.00002342024738288
  0.00002537883712171  0.00002729466460426  0.00002922450856934  0.00003118006406839
  0.00003318792594485  0.00003533340761685  0.00003760214066458  0.00004016306494788
  0.00004331645972765  0.00004678776681266  0.00005092739261276  0.00005525813526097
  0.00005966863372113  0.00006433604524874  0.00006913598436955  0.00007423301670562
  0.00007987972134519  0.00008630756907288  0.00009357209405250  0.00010098457821765
  0.00010858478708431  0.00011671602012740  0.00012520935259005  0.00013425584054198
  0.00014484382603990  0.00015746849017805  0.00017140825293730  0.00018708605205516
  0.00020424706639448  0.00022173824565741  0.00023966993787525  0.00025711008018671
  0.00027361924269378  0.00029215971338826  0.00031402546530749  0.00033884986007731
  0.00036632091176208  0.00039591313752055  0.00042630684984797  0.00046006880421162
  0.00049660689268072  0.00054557191897688  0.00059996462800214  0.00065766363709915
  0.00071953314641313  0.00078886472534960  0.00086751329461111  0.00095301507436174
  0.00104305639460359  0.00113872887860952  0.00123922842337005  0.00135593297701934
  0.00149017763276721  0.00164858589544995  0.00183498409733271  0.00204122873118184
  0.00229330842454250  0.00261000707158680  0.00297959485389502  0.00339988270810142
  0.00389751660762971  0.00449970060630448  0.00529189311772145  0.00630400529799108
  0.00762861290805002  0.00967257409110918  0.01224850773442327  0.01474923509954858
  0.01792827904702468  0.02236594512387729  0.02898439843175205  0.03927122435987641
  0.05526375398854681  0.10537617801415158  0.52967751280990050  1.00000000000000000
  0.00000252011061659  0.00000266346340820  0.00000277954734077  0.00000289769150819
  0.00000301424234641  0.00000312412728155  0.00000323467108544  0.00000335887522213
  0.00000350943656294  0.00000367655965565  0.00000385595972132  0.00000403622695287
  0.00000421776196392  0.00000441204416397  0.00000465715442722  0.00000496576465643
  0.00000529489634761  0.00000563984227010  0.00000601582733857  0.00000645766802715
  0.00000694357723044  0.00000737151033807  0.00000781295742745  0.00000826185785217
  0.00000878054330243  0.00000936424565478  0.00001010695460811  0.00001092324114519
  0.00001179271961458  0.00001280461696441  0.00001394095662983  0.00001518601878185
  0.00001646707151140  0.00001787112774484  0.00001955183229671  0.00002134644240865
  0.00002314077119135  0.00002517294041282  0.00002735282867743  0.00002950467448385
  0.00003162175797324  0.00003412429690434  0.00003737997894731  0.00004102705933609
  0.00004486106162121  0.00004947849324299  0.00005439115761662  0.00005919393421217
  0.00006487306581206  0.00007126409300493  0.00007810611037448  0.00008555646982288
  0.00009484134310027  0.00010254125411403  0.00010995675686030  0.00011786612079026
  0.00012698736917743  0.00013805090941992  0.00015201155978333  0.00016908805612845
  0.00018816501984821  0.00020828165882803  0.00022919183036358  0.00025357498791290
  0.00028276810971231  0.00031769837364768  0.00036354226108838  0.00041338896503945
  0.00047419171976124  0.00054404937368912  0.00061853651201701  0.00069521312043370
  0.00077805204066863  0.00088177896353104  0.00101957417581868  0.00120214196848819
  0.00141985395190899  0.00170683045289667  0.00206494619874062  0.00246022558851079
  0.00294333603927534  0.00352697635849212  0.00429144473858281  0.00521538990484732
  0.00639399917552752  0.00781557827166398  0.00987935122669017  0.01283950327674798
  0.01624215167400360  0.02020320565034974  0.02862830847051726  0.04163973715673464
  0.08006796028870009  0.15498185069349044  0.28682883192207798  1.00000000000000000
 -0.00309505544643300  0.01420373659448373  0.02899316229505989  0.04276931120708766
  0.05799570082104114  0.07235280709097333  0.08829729685639723  0.10402967455097101
  0.11938107491263822  0.13430360821151238  0.14931796575174028  0.16384737446702344
  0.17804866307366893  0.19068912724349837  0.20277798117000179  0.21450696628031027
  0.22584816618222578  0.23786191322932559  0.25035693274041948  0.26281704140629458
  0.27516956616140903  0.28848037369192808  0.30135631617051956  0.31355928565388203
  0.32513897011891113  0.33584640333561533  0.34569850061695401  0.35697726926375878
  0.37063237438515567  0.38319949820448568  0.39452590362681766  0.40550259384846160
  0.41605506489219479  0.42714319623448604  0.43808219247057706  0.44849879294461859
  0.45873073632975037  0.46885635017391131  0.47847827063459197  0.48780625184032900
  0.49807940870390460  0.50988047405934678  0.52204391437852282  0.53316320741823242
  0.54344449041825926  0.55301737190569622  0.56307947802859593  0.57249254827937934
  0.58145534294970302  0.59004569039955523  0.59820309863269627  0.60735761405316224
  0.61690135323494777  0.62636424750793374  0.63621665652625214  0.64701883305815933
  0.65829421911904784  0.66884810200270706  0.67891448703745672  0.68874700301309066
  0.69829873445388702  0.70707720934813001  0.71453659707764050  0.72107870780676342
  0.72754495654880913  0.73464731528384342  0.74246826978307845  0.75109941981352846
  0.76099365903820360  0.77028813966361087  0.77800728835882771  0.78484061146129147
  0.79171329205789331  0.79935039487649384  0.80782082005025568  0.81604346791998394
  0.82380012359459087  0.83098022632348201  0.83944018987863256  0.84783979745717297
  0.85608208632597849  0.86452612800343132  0.87322383055588548  0.88222919777443021
  0.89161562129377359  0.90089082479449611  0.91052779830947084  0.91918881445635003
  0.92764286550233577  0.93637660675608414  0.94574222907594985  0.95621802067538797
  0.96672292709503516  0.97694077883734909  0.98798234449592648  1.00000000000000000
 -0.00288495052433176  0.01207180789217197  0.02409039823869371  0.03661388082435527
  0.05021736459427160  0.06485006720572807  0.07865355029773369  0.09095153192556413
  0.10221052657510686  0.11249146119628721  0.12321411236490781  0.13388329397811582
  0.14439554895306494  0.15467574389659414  0.16361098799873872  0.17242188821522691
  0.18213294986365827  0.19325720647881484  0.20516058129867512  0.21602458467426747
  0.22688620320679123  0.23928404599889883  0.25022195279975207  0.25911631057926354
  0.26713325914944513  0.27577800604260760  0.28458468574720169  0.29354149139169916
  0.30215896708251955  0.31035579339290836  0.31818531665523375  0.32659596338769992
  0.33515632730769396  0.34342876275845691  0.35159232697824294  0.36057877290975349
  0.37019652710332879  0.38120560966779060  0.39241220435294133  0.40298950798933442
  0.41324616832368621  0.42324009466878298  0.43326483777668873  0.44292815562437382
  0.45322166778630629  0.46338969067925528  0.47384033754797805  0.48423533095744697
  0.49531239666362459  0.50650423340090645  0.51693387089012266  0.52821657625125606
  0.54116605325424461  0.55535160000937911  0.56903734458369803  0.58086149553823174
  0.59206430371062557  0.60296220610691764  0.61408493397775743  0.62510645428542500
  0.63480056095464021  0.64346984207626479  0.65174662936004302  0.66092749920168392
  0.67176756908878976  0.68258223397960172  0.69310022396997439  0.70367061215824678
  0.71269736610824908  0.72199125887834947  0.73058424841227010  0.73902273438638411
  0.74710440620961305  0.75541326323401858  0.76347237439416704  0.77201963057749434
  0.78204942831402424  0.79346670302949951  0.80517591619706752  0.81620183365052446
  0.82650613712376320  0.83617593708374593  0.84662018491817526  0.85732605850077703
  0.86868223239136955  0.88057629571395113  0.89327023032040620  0.90363547601957717
  0.91416813519948348  0.92479083449276434  0.93632172215315135  0.94863790997907838
  0.96122569596634455  0.97445755189523986  0.98718451544533614  1.00000000000000000
 -0.00223840245198520  0.00904424890819588  0.01809809050507213  0.02680372918788033
  0.03546487929198001  0.04495465103978039  0.05640448398223211  0.06763545328524168
  0.07856672546096767  0.09014355005410336  0.10258748723444530  0.11478197134153129
  0.12732857322690797  0.13983208596131130  0.15193059196649347  0.16334842500699465
  0.17455254056068487  0.18512446308854519  0.19422497046356466  0.20269369312661481
  0.21144843973738872  0.22101937694985693  0.23088106832999661  0.24030459765160281
  0.24993982013550628  0.26021991439098280  0.27068736920649267  0.27992171922356690
  0.28981720897471674  0.30032572011826647  0.31087420978378794  0.32167886096603204
  0.33248141106814078  0.34371198128381836  0.35509993738473822  0.36635501479003235
  0.37736828780357057  0.38770535156706004  0.39800063844177325  0.40825855512440223
  0.41861517148256439  0.43068121763293332  0.44231729237436512  0.45395877419153235
  0.46579868105980066  0.47742964372075741  0.48828175883189845  0.49848620396534549
  0.50880999801568150  0.51906450148219219  0.52916995629519636  0.53972744569116582
  0.55123712490843957  0.56404693172626663  0.57763973908150135  0.59122912681568907
  0.60459576092108436  0.61595236294883426  0.62681978477491218  0.63861466171099857
  0.65018403854020124  0.66166228889232415  0.67256858349698878  0.68316038623040454
  0.69393229889263564  0.70502078258339373  0.71708640089563735  0.72947831400398544
  0.73998147066122744  0.74855637450424739  0.75648721060391055  0.76475965060079243
  0.77467725482319660  0.78446069051081235  0.79312253644479358  0.80114421488570009
  0.80949617358785331  0.81866880796878150  0.82770290784467437  0.83616069044438157
  0.84484071524880777  0.85474145277903624  0.86733501633982779  0.87978456942880190
  0.89231130211857712  0.90251844987287777  0.91206758461874204  0.92204522246608067
  0.93104822823464550  0.93941035636771764  0.94735209421980782  0.95644731349679113
  0.96763490277165753  0.97911640987735538  0.98953218602274529  1.00000000000000000
  0.00352105935287271  0.02691947824352660  0.04410725518600359  0.05571975423807891
  0.06527218485795805  0.07347453319551923  0.08118282011090494  0.08858405960148942
  0.09580227741160582  0.10220323909731549  0.10775986834278993  0.11255304346002615
  0.11764585828340127  0.12255079971726821  0.12711731129184020  0.13093890507821568
  0.13467062336113000  0.13795018377689591  0.14145516288660939  0.14537621064407885
  0.14971972037285619  0.15424856303558779  0.15852992473159905  0.16280920184449232
  0.16709835872146300  0.17186273952181250  0.17660153730666800  0.18081290591867635
  0.18461443056047902  0.18821238441524940  0.19159277029012503  0.19504199677018738
  0.19878204373627659  0.20248168637549593  0.20593875194284056  0.20919012876821136
  0.21248074386131330  0.21557995906532287  0.21886293365108420  0.22239414578722091
  0.22636953026947004  0.23106914045329358  0.23620332608225572  0.24131501458884896
  0.24533240079367527  0.24898337240360494  0.25268064952664271  0.25653871318383470
  0.25975948754352457  0.26292620262665622  0.26610330758830875  0.26927812857525046
  0.27238007730950053  0.27482208919297607  0.27787752142464722  0.28098723221404742
  0.28408053242221792  0.28708455608076405  0.29002782943758421  0.29317326383948533
  0.29611351908646244  0.29928313276141549  0.30289518191965764  0.30583111070546171
  0.30868264613048080  0.31151078743365385  0.31452270529188026  0.31823669623657952
  0.32215821315548659  0.32783914826636434  0.33347257017551246  0.33932287136325495
  0.34309100966618977  0.34687145794530444  0.35076480057426640  0.35502647066383258
  0.36482291865663413  0.37540580034616688  0.38348945949029239  0.39104954981154000
  0.39872516874668495  0.40691118475381488  0.41546048894395687  0.42730507846042065
  0.44425988450226861  0.47372116572207557  0.48413312608746684  0.49198125160842016
  0.50408642604443143  0.51205761364130109  0.51474130189563438  0.52061732251150961
  0.52883165513500163  0.53093874700346766  0.72329774026806604  1.00000000000000000
 -0.00324730476811256  0.01322929579739022  0.02550594983074519  0.03864016172379486
  0.05046085713418842  0.06225965188350922  0.07413962149499945  0.08648326884992076
  0.09973048876094054  0.11210932356460995  0.12178839908391763  0.13189119561647689
  0.14212472912375179  0.15385861213888241  0.16580744873894276  0.17856220220701499
  0.19023111428009862  0.20071542448677371  0.21100387443698249  0.22134356006207864
  0.23144704589516391  0.24118963790821976  0.25113040768604922  0.26126738482189366
  0.27112150768552257  0.28088536502048755  0.29044099750263341  0.30288316946336835
  0.31655975302404943  0.32753413170651602  0.33895524631628965  0.34968340019319138
  0.36001564808080622  0.36984605910314211  0.37922891599435293  0.38795464505762212
  0.39547949650405123  0.40277885611283226  0.41026609152633020  0.41830435696511886
  0.42751956019062376  0.43729725949493148  0.44785266123464762  0.45922639188273523
  0.46819385327614416  0.47625461470717523  0.48454084612832488  0.49291789241529715
  0.50160568507256431  0.51032976026787213  0.51929212571030336  0.52867152630064429
  0.53982127451585993  0.55071438644300397  0.56216366849722954  0.57393884186278199
  0.58570575317023976  0.59815414563409186  0.61029265546486977  0.62203635735346141
  0.63349217778278510  0.64442625074221449  0.65477814300774428  0.66422733713189031
  0.67437167784541230  0.68533162467788311  0.69619647603396728  0.70514096295365580
  0.71400683387623487  0.72358071847060923  0.73448251788274443  0.74522140660065761
  0.75660156191954442  0.76751674807979919  0.77790983227196142  0.78890642974408254
  0.80118802790430332  0.81262632985868843  0.82111787270973480  0.83015286129966692
  0.83984644887012949  0.84995284467100096  0.85996396818568321  0.87035540337466599
  0.88160491991328849  0.89292024126695124  0.90394904667574927  0.91438824069875047
  0.92417592857086317  0.93355387315953842  0.94314245318245549  0.95385449631951646
  0.96521829102490542  0.97654712784108366  0.98851374591232744  1.00000000000000000
  0.05513281228344816  0.19802286362132909  0.28935223559630807  0.35780737385019085
  0.40456017967234381  0.44415448587549905  0.48426979747347804  0.52010766652033347
  0.54930199285910819  0.57515800627926428  0.59736092005339603  0.61792879761258701
  0.63770701092423387  0.65546401549156696  0.67200183263457958  0.68666067457964797
  0.70081356390939675  0.71477137878964292  0.72849708241806066  0.74228843352650098
  0.75489090173469364  0.76660635898794172  0.77839865367973737  0.78934290065008883
  0.79910874651257302  0.80789153696390714  0.81681795649238398  0.82543018812836411
  0.83348797483385317  0.84061802081108061  0.84745902339695911  0.85437407525039966
  0.86119045665875782  0.86757259668848030  0.87329179874916674  0.87850706608643159
  0.88351311193428483  0.88822181475171402  0.89276318316989089  0.89689886063527946
  0.90053950952834827  0.90420716230654652  0.90789490974735598  0.91132177090410538
  0.91461860086828306  0.91747289550622779  0.92033162316757744  0.92306686656705927
  0.92574630020013993  0.92845546589784067  0.93125401694995324  0.93414935373764296
  0.93699807851490391  0.93941337754529775  0.94160436875169595  0.94359698970866546
  0.94553775746232716  0.94740898196057388  0.94918987450791670  0.95092877123687991
  0.95258393876447200  0.95419183058353418  0.95570496227960666  0.95713924386862392
  0.95854263864149991  0.95986214908747314  0.96123585858804772  0.96263936572839826
  0.96410373996612997  0.96567192238154809  0.96708072867172612  0.96846729829221845
  0.96979011393009740  0.97107556154217556  0.97233818602525102  0.97353946432419958
  0.97462808051878158  0.97566895321125180  0.97669418606358283  0.97773732425541082
  0.97883964104985810  0.97990923032693866  0.98093453200887748  0.98191619931223240
  0.98283665204714432  0.98372879257797430  0.98461122854585603  0.98549200449017005
  0.98649839050890054  0.98757240160128068  0.98874529762708707  0.99010764549255348
  0.99183390306648389  0.99395427823874993  0.99661324374669324  1.00000000000000000
   1.6026818944925189E-010  -1.0000000000000000     
 F F F F F F F F F F F F F F F F F F F F F F F F F F F F F F F F
  <DiscreteSampler_grid>
  grouped_processes
  1 # 1 for a reference and 2 for a running grid.
  10 # Attribute 'min_bin_probing_points' of the grid.
  1 # Attribute 'grid_mode' of the grid. 1=='default',2=='initialization'
  0.0000000000000000 # Attribute 'small_contrib_threshold' of the grid.
  0.5000000000000000 # Attribute 'damping_power' of the grid.
 # binID   n_entries weight   weight_sqr   abs_weight
    10   10   4.315272535155922E-001   8.378674625013872E-001   4.315272535155922E-001
  </DiscreteSampler_grid>
