  0.00105036426626959  0.00176012416718139  0.00225360087982135  0.00270049152913067
  0.00310723610671014  0.00349103122569820  0.00394818780776278  0.00440686027925497
  0.00484276030114459  0.00527029216365475  0.00574259348677564  0.00627617565197055
  0.00679603679831470  0.00727604644920517  0.00776252819447257  0.00826400726360254
  0.00882285222392419  0.00945016695628629  0.01010925448256387  0.01077323970470102
  0.01141413549685552  0.01205278404084503  0.01270925377128265  0.01340700988607868
  0.01415254544767538  0.01493646764185389  0.01574470492981309  0.01664498677168513
  0.01760590725055696  0.01851691537021999  0.01951309964710648  0.02060403405282795
  0.02184120591628960  0.02315723174855547  0.02455242632734342  0.02579063899127053
  0.02696265928444317  0.02817492111522688  0.02922789676565209  0.03018447362458528
  0.03115618916634405  0.03214085915346926  0.03306037897984069  0.03396212233343634
  0.03496909569602625  0.03608082627522376  0.03786226626152576  0.03990891479441971
  0.04184687784381781  0.04382689566628820  0.04595341982363003  0.04838262769207416
  0.05094977994734642  0.05346274891518338  0.05585037480705209  0.05827732019066844
  0.06093772558142577  0.06400141135018698  0.06717336723208306  0.07069806098748867
  0.07447725756816423  0.07708869388181851  0.07998446614096773  0.08319213787277809
  0.08664105965388141  0.09044602065093699  0.09409046834635487  0.09760717975486223
  0.10110576542661504  0.10446980081926757  0.10837334031646370  0.11275956150113260
  0.11743025106730687  0.12225840255042145  0.12633393610674354  0.13009116474546700
  0.13376003167640926  0.13978939981166724  0.15436002634119142  0.17086745427822997
  0.18795392464971833  0.20356059778419941  0.21413126272920427  0.21820970855889463
  0.22304584866342222  0.23107538357058130  0.24126255599988322  0.24927262681413725
  0.26047730022281279  0.28608276948818534  0.31586413221193305  0.34795275930184255
  0.37926711072606895  0.41515700112644716  0.50349906606260697  1.00000000000000000
  0.00000274902334045  0.00000385961554727  0.00000503098829225  0.00000605160964367
  0.00000693257155056  0.00000777326810011  0.00000874371942778  0.00000998738566231
  0.00001123316552009  0.00001245086943497  0.00001380767491670  0.00001552236497895
  0.00001754220293348  0.00001983022386035  0.00002217152141270  0.00002441922134713
  0.00002686966654018  0.00002945634713365  0.00003228193444106  0.00003550409615446
  0.00003931023301354  0.00004379303893137  0.00004893178070064  0.00005459169427937
  0.00006019649884403  0.00006582902508487  0.00007118371307253  0.00007721125002574
  0.00008291141072390  0.00008923234350082  0.00009493856993425  0.00010367554885686
  0.00011470624344979  0.00012537503451102  0.00013788052768673  0.00015130071032950
  0.00016497995329704  0.00017990206572757  0.00019723280485843  0.00021627626745941
  0.00023865871294977  0.00026407374195105  0.00029288234122996  0.00032546511335271
  0.00036030037786958  0.00039504893237186  0.00043252999042850  0.00047346923811997
  0.00051955097928177  0.00057751429183880  0.00064664316906988  0.00072150595891498
  0.00080830511868273  0.00090419041144031  0.00101060498284266  0.00112428819318755
  0.00124124550405299  0.00136661887373617  0.00151396831287136  0.00169648438281027
  0.00193736771102269  0.00222426281287532  0.00254068537556071  0.00292089535070758
  0.00340323680780688  0.00394725212036194  0.00447279036892125  0.00494250400678275
  0.00540736443611226  0.00589982112398476  0.00659600321543938  0.00770417727696104
  0.00881574322850833  0.01007171126278490  0.01167133487714396  0.01352382250484812
  0.01558857118015944  0.01790200234307661  0.01997300858330055  0.02188335471924251
  0.02418132122617785  0.02672094968000602  0.02933535097193412  0.03279870494716965
  0.03657140348463010  0.04085059258402739  0.04557713303526056  0.05081792827502125
  0.05700209236305696  0.06440955486025601  0.07846139726231621  0.10181165513984473
  0.12955047813026299  0.16670266503187020  0.23597647862697430  1.00000000000000000
  0.00022245775307213  0.00032781787969560  0.00041191708330395  0.00049764292527203
  0.00059465351934266  0.00070116318998358  0.00081622991590659  0.00093411909119594
  0.00105247297472717  0.00119488481558485  0.00139221823600289  0.00164964442646971
  0.00194233787900500  0.00231483893744788  0.00278548681904183  0.00326191788714205
  0.00370047485518431  0.00417795720909206  0.00472464694992999  0.00527966805034430
  0.00592948893242329  0.00662578077503043  0.00729266823405519  0.00789485851148863
  0.00852698009220205  0.00926639731200424  0.01010903763760002  0.01097922632214153
  0.01185664438863543  0.01279061706953828  0.01375422195808510  0.01472509223916715
  0.01567632811372102  0.01668640377131389  0.01782063837009639  0.01891197131657079
  0.01989003286514910  0.02088950367635733  0.02198675595631302  0.02319154624200647
  0.02437840287294129  0.02562052862924221  0.02697639769011681  0.02855272312390458
  0.03026754098177871  0.03192244548670949  0.03340397232887180  0.03483246348260414
  0.03641032348030408  0.03794934258504018  0.03933016123241515  0.04075528662581454
  0.04225659494477580  0.04378260724016277  0.04528306256191037  0.04687522652481722
  0.04887597764020415  0.05131871041889340  0.05385788437715056  0.05656175843750975
  0.05957618160313684  0.06295126366646127  0.06643465468525245  0.06974093122475565
  0.07300549394806773  0.07629202429240982  0.07952860270951020  0.08232198178854330
  0.08532101754031642  0.08817962510810132  0.09064110701753753  0.09330185817565624
  0.09581426578798459  0.09802058380125277  0.09996097293464919  0.10184175004485031
  0.10437833708194091  0.10720748409832181  0.11086953050978650  0.11841998336930749
  0.12844785981012705  0.13541275788750598  0.14381568704414546  0.15217966942554029
  0.16071128460579445  0.16974877932329688  0.17971597623872101  0.18936253226505687
  0.20023083445988019  0.21613696090074824  0.22822846835676064  0.24076418883758363
  0.25618641458802333  0.28506767927486254  0.35015241452374124  1.00000000000000000
 -0.00173029274471341  0.00578542373418196  0.01329578693978258  0.02044327518886286
  0.02708505085091487  0.03338827095238813  0.03929001773619915  0.04469937866476100
  0.05001479454710978  0.05577723926420642  0.06198962593796749  0.06806129592487427
  0.07369635219935311  0.07893879834580839  0.08419470761265525  0.09011143567199413
  0.09666169815739600  0.10364402095383135  0.11109016684255475  0.11842139167527790
  0.12564347471572163  0.13369580916653587  0.14151378771708784  0.14808432708445615
  0.15488991461066090  0.16173184875962179  0.16911257362448665  0.17785999547971798
  0.18782289957641343  0.19665535605686491  0.20503491559576753  0.21301007757707138
  0.22050529161396420  0.22798904728250061  0.23513371154224424  0.24295396777867304
  0.25178608902408600  0.26154394441185774  0.27165580456191252  0.28124277792650998
  0.29009974270426692  0.29857743035429612  0.30691129959292518  0.31487198084652557
  0.32107566022963885  0.32802056603103147  0.33504981598219663  0.34229499232535510
  0.34954137455831003  0.35666452782562225  0.36295108964996681  0.36936184621968049
  0.37674368010987519  0.38562823421434800  0.39499039523102708  0.40313333351542630
  0.41078566126412619  0.41832810861496550  0.42601220669244722  0.43433862850278954
  0.44287117728033193  0.45174023085916254  0.46109447918656393  0.47173911400868357
  0.48231152309120184  0.49279034801854438  0.50363649585553094  0.51499449197347280
  0.52642941948432165  0.53848877945874729  0.55304035615127833  0.56942286207737747
  0.58613708484027471  0.60246409438266435  0.61678186775815158  0.63037396870536389
  0.64191967286765883  0.65374721514974365  0.66580481971875372  0.68169179954361214
  0.70119998486470891  0.71952746421087210  0.73302759010375595  0.74295263780161602
  0.75470144719404575  0.76890323748048717  0.78254152868188676  0.79680164906638618
  0.81617432274925261  0.83658030736495925  0.85774653936222001  0.87916551561727696
  0.90333730445900617  0.93002884788466911  0.96137109016414013  1.00000000000000000
 -0.00276686411676111  0.01135424432865658  0.02272107677064750  0.03390337086036249
  0.04401174457588215  0.05363036815545565  0.06312649476849611  0.07283633820142579
  0.08207495938182205  0.09157410239669372  0.10177512298724392  0.11289093590087365
  0.12408974148420227  0.13521041056681740  0.14623326698703676  0.15751600196263515
  0.16912888840239576  0.17973792574125580  0.19130443789306487  0.20230774376218250
  0.21339671144509165  0.22356824005604198  0.23421155235373803  0.24563448589403206
  0.25609750294670064  0.26475677876832832  0.27482760460665695  0.28552568648520027
  0.29658594528693916  0.30823689692115075  0.31975065864029972  0.33100745948942667
  0.34241285101393132  0.35351308495103911  0.36312864391724559  0.37184433935378597
  0.38138935323639794  0.39153454407325944  0.40242828215838988  0.41287862543215470
  0.42404949066293246  0.43601052447213623  0.44771205563203509  0.45900590215440634
  0.46906407541836348  0.47898819830201189  0.48852732240203389  0.49821007465238881
  0.50733325296012322  0.51619183229318355  0.52586611017397966  0.53705441036278334
  0.54872836720356166  0.55968781836192583  0.57027425152313704  0.58138436827493678
  0.59335334177307753  0.60394357244032171  0.61348491578333464  0.62317013643840968
  0.63332610348110596  0.64386865156368300  0.65458916355022867  0.66525552491388973
  0.67579176937410845  0.68827011882952638  0.70073673620889165  0.71198066663112192
  0.72258201109932474  0.73308665517357252  0.74376488723364242  0.75430987829306839
  0.76584821354883226  0.77632175655526348  0.78641883299917636  0.79668473539729034
  0.80748533743742457  0.81760024319652624  0.82706753499095031  0.83655038461219633
  0.84648221127097634  0.85611081591025362  0.86523325882408886  0.87407488164141378
  0.88534258933471366  0.89699033691060082  0.90796431424526725  0.91876974089035413
  0.92872519738786385  0.94008710285698516  0.94930764919144051  0.95802395141402918
  0.96661566867037618  0.97584927097069940  0.98746115064500828  1.00000000000000000
 -0.00189914822031860  0.00792992608615145  0.01684306098174797  0.02497396521085896
  0.03270144050071275  0.04014193310896313  0.04968048361804987  0.06001026802259770
  0.07042686226921226  0.08036326940731504  0.09017498844672207  0.09978749157168480
  0.11031193176406671  0.12164801458743653  0.13410381922594070  0.14760492546779722
  0.16122943324820929  0.17341288418136772  0.18365164526420041  0.19294524770671245
  0.20197355364391689  0.21137237852483931  0.22116255816759467  0.23011755486375807
  0.23953265073902044  0.24889545153041795  0.25826098463286840  0.26801617772683989
  0.27882699251929677  0.28919316182087007  0.29938414991928652  0.30881767858005638
  0.31879260030145246  0.32927349708323000  0.34019901904330851  0.35141330854420438
  0.36209617576984476  0.37215646531389523  0.38222805504915486  0.39229268454863409
  0.40200871891282003  0.41104101184039138  0.42010799269008053  0.42769055939031086
  0.43459539031857253  0.44145602467616746  0.44920106800250809  0.45900733612232830
  0.47171707570633703  0.48628833387520232  0.50102922251637250  0.51693036757532607
  0.52969508493279482  0.54197096182770566  0.55469813184085093  0.56604776864719719
  0.57692641101257425  0.58866265419401442  0.60063378150767976  0.61256252993490301
  0.62330424051194744  0.63362479404406735  0.64352063402306714  0.65352223456448078
  0.66381665925548350  0.67253989776752476  0.68020009470553244  0.68752791902412902
  0.69513073176824680  0.70322059455497909  0.71162583750378228  0.71981406993349717
  0.72833150715460737  0.73841050791755147  0.74890350274376094  0.75833546461507240
  0.76776628663758650  0.77756002029249716  0.78823556579645560  0.79906511456717588
  0.81118150410139545  0.82305176670567459  0.83556961173917732  0.84859079197593068
  0.86036999202388775  0.87230417727003218  0.88442038934480338  0.89750769113265594
  0.90901359702558826  0.92195176131895518  0.93589685029940572  0.94935446624411057
  0.96257208391565807  0.97576527842798588  0.98777519852468398  1.00000000000000000
  0.00212541101028359  0.03396004082410377  0.05156791210208993  0.06406992406244705
  0.07427388498010057  0.08341403686088281  0.09113699941585578  0.09854412284096908
  0.10608896653318980  0.11311067026328996  0.11960008923587659  0.12521233439942603
  0.13046062376860021  0.13528459259645795  0.14012550690008985  0.14494228719350108
  0.14947447277302678  0.15409086036087699  0.15888881217009168  0.16376305007012817
  0.16792161988668894  0.17184347193387819  0.17571312375102466  0.17995711626734046
  0.18434736249545056  0.18841110779948683  0.19237811924505821  0.19641794814021349
  0.20055258053396963  0.20506671273673871  0.20860046000067362  0.21252121109722191
  0.21634952067355795  0.22043695800598881  0.22554810378603823  0.23052433822258850
  0.23479357671901624  0.23880870623017053  0.24305105518892267  0.24748613645163259
  0.25158922013016016  0.25504571246406404  0.25829055393743228  0.26145476582133886
  0.26447503165517183  0.26749614109503883  0.27069822646357139  0.27444133639469520
  0.27788995094432317  0.28218711967394144  0.28717402966804745  0.29286203731901339
  0.29907889838526647  0.30637571962248822  0.31307637033172014  0.31891552824224939
  0.32308060253221654  0.32634167906587197  0.32972788242232037  0.33337250954935899
  0.33708005247224659  0.34067264152837617  0.34400833829607352  0.34682599381623280
  0.34983912404537104  0.35342603017429020  0.35797798278257636  0.36672262206165107
  0.37462090423858380  0.38201275723620126  0.38891879723411721  0.39305433695362868
  0.39733101506544055  0.40184727541179099  0.40629537016467748  0.41165728569671151
  0.41873905289546032  0.42622515604826933  0.43556030147136926  0.44639861647269186
  0.46228508960644954  0.49521550418761201  0.51511202783435550  0.52357042910251295
  0.52668703876386103  0.52955915624643035  0.53373885549691014  0.53883980231903805
  0.54738158661547243  0.55569005472661492  0.56292028656414750  0.56924989227211376
  0.58986902484210479  0.66056894409840261  0.71257204546030339  1.00000000000000000
 -0.00237491512974544  0.00931806577594119  0.02021374279600014  0.03340493694409625
  0.04601028010247208  0.05710148247405242  0.06992895529059195  0.08341656353455444
  0.09729978586988557  0.10911188424952678  0.12069335647044827  0.13224076651879491
  0.14384304529992639  0.15606925100325966  0.16880596810361401  0.18227754696353146
  0.19606637763327284  0.20934017574637093  0.22262540359197600  0.23519893479955487
  0.24741490628483043  0.25789282545319425  0.26623431726395419  0.27419175232059956
  0.28249392398947948  0.29138565395356897  0.30048555460976706  0.30957384917368796
  0.31860317001758215  0.32684322472485972  0.33507091220094909  0.34351453152220196
  0.35315844379629230  0.36457206849386226  0.37637526394911353  0.38605114045545008
  0.39563101770078973  0.40478811647581081  0.41403073254455180  0.42211785580551475
  0.43076714790179438  0.43932672158758185  0.44788435385918934  0.45748694415146229
  0.46753279013845611  0.47818795823247973  0.48720323908591501  0.49543532127753165
  0.50345225922439452  0.51110241042980598  0.51858156453476068  0.52509945223553489
  0.53125760570279190  0.53749799679928656  0.54493344336421001  0.55251109763268713
  0.56016452252905802  0.56902920352102493  0.57830739417092880  0.58797008907824899
  0.59865403191735989  0.60852387588598578  0.61802000916783961  0.62735815580088883
  0.63679308664568290  0.64639150158951120  0.65570102634811145  0.66479698006412269
  0.67424307182008170  0.68463882903829976  0.69498304415150292  0.70549569777048426
  0.71555400236262556  0.72584198257098287  0.73654423128112845  0.74893690798024981
  0.76707636505073440  0.78222981621547671  0.79477446441899646  0.80651565844120476
  0.81855303881737973  0.83142151482375060  0.84415325389815576  0.85584485478463734
  0.86710977818250923  0.87936746701702717  0.89223411215656601  0.90580839361105359
  0.91962005550276604  0.93483580712335035  0.94717897542300167  0.95777061628928317
  0.96778501355037017  0.97762956965767533  0.98844207809899798  1.00000000000000000
  0.04291212983915460  0.34775677163197666  0.46061539642600879  0.53057336178893799
  0.58266976892261868  0.62641200362761595  0.66079582508439128  0.68982633329465959
  0.71417776245002595  0.73533180946976073  0.75439953893288125  0.77052503805828554
  0.78482201943075292  0.79780084334820500  0.80944978404063417  0.81977267875166848
  0.82938938652991845  0.83929109877559305  0.84923206590066858  0.85828020053754017
  0.86544530888069304  0.87162614440388086  0.87727943989005441  0.88269910200450330
  0.88772068908104584  0.89220839074703051  0.89631926137817985  0.90011332992656834
  0.90375266128249854  0.90720859832606271  0.91051615604644520  0.91386890606461069
  0.91714917557502396  0.92026959694554189  0.92328088390962360  0.92614040477840309
  0.92883545304404869  0.93122473646973125  0.93363533860970660  0.93591217706657637
  0.93814766595193211  0.94013611720170809  0.94211999688284187  0.94405154100952715
  0.94587951433105888  0.94756290525068365  0.94919299991286754  0.95082232373805275
  0.95246029904906782  0.95411428150345967  0.95566877788506632  0.95705001312277915
  0.95836121789208450  0.95959755199521013  0.96075639860890971  0.96187562517902392
  0.96299682162693367  0.96414270396439872  0.96534128691727528  0.96645518339649716
  0.96753399843601995  0.96857452945911626  0.96955411756348786  0.97055821421087085
  0.97155148686004833  0.97254169096673138  0.97353284641600002  0.97448460565028006
  0.97541334815284464  0.97637001109521782  0.97734058270421820  0.97828509065958003
  0.97918376001172758  0.98006864140127126  0.98089323384648763  0.98167878073622428
  0.98244930910305783  0.98321792058623325  0.98392676175600025  0.98460977132476302
  0.98527900951534431  0.98594258546710545  0.98668699876789612  0.98737898166754023
  0.98805541880076697  0.98871773309146127  0.98936167564972577  0.99012205532004061
  0.99093728637619005  0.99183414408566550  0.99283036066201513  0.99380907095251925
  0.99489833811759165  0.99607925401235708  0.99773528903749309  1.00000000000000000
   1.2799731511097658E-016  -1.0000000000000000     
 F F F F F F F F F F F F F F F F F F F F F F F F F F F F F F F F
  <DiscreteSampler_grid>
  grouped_processes
  1 # 1 for a reference and 2 for a running grid.
  10 # Attribute 'min_bin_probing_points' of the grid.
  1 # Attribute 'grid_mode' of the grid. 1=='default',2=='initialization'
  0.0000000000000000 # Attribute 'small_contrib_threshold' of the grid.
  0.5000000000000000 # Attribute 'damping_power' of the grid.
 # binID   n_entries weight   weight_sqr   abs_weight
    10   10   1.861367054333333E-008   1.886785723021342E-015   1.861367054333333E-008
  </DiscreteSampler_grid>
