  0.00186704938626503  0.00431262813658040  0.00619969488946333  0.00791528103488456
  0.00961996464630841  0.01142500810570659  0.01329481145684635  0.01485447022535635
  0.01658619903173847  0.01873729635069641  0.02092236983005234  0.02282542720924674
  0.02457134279507070  0.02623013767303047  0.02780895806069351  0.02935793426376650
  0.03106931838846473  0.03293334363043325  0.03477250143585751  0.03684189214174084
  0.03884606364914032  0.03995038183680397  0.04111997687169738  0.04230747959026605
  0.04346125006877578  0.04477262644114748  0.04633138111779612  0.04777672567744730
  0.04924476344677007  0.05086096406541223  0.05236996074834409  0.05388275713933895
  0.05553054124798888  0.05723617565424600  0.05876435580365236  0.06056413339737934
  0.06240797298695103  0.06425231216762915  0.06591378064750626  0.06755468984139194
  0.06939464782243955  0.07148450569687659  0.07360787524800311  0.07493298048821523
  0.07618217437724269  0.07743424841208470  0.07871215847218542  0.08011417273050932
  0.08151326861153299  0.08281242784099395  0.08407990356506616  0.08547991465546584
  0.08712272989700431  0.08876194959779217  0.09058193441541476  0.09270263349622185
  0.09558334113836700  0.09864519405832288  0.10103417694379498  0.10401558761803127
  0.10694947205717828  0.11007224196648542  0.11387932722620815  0.11840972849094768
  0.12360122582685361  0.12778062795388595  0.13132613270263677  0.13445114268510619
  0.13794455069810421  0.14206467255663274  0.14658275909598412  0.15043584220772230
  0.15809753394525042  0.17840562755792816  0.18960169168496291  0.19499858565606143
  0.19717778513450471  0.19983853536891083  0.20215018956724426  0.20538794724396991
  0.20942220050132662  0.21380930150182970  0.21864273212226149  0.22343320939463995
  0.22831915071438605  0.23265773215160479  0.23648801813629228  0.23925271963330158
  0.26338574581999002  0.28490019650343607  0.30282970325357889  0.32374336630739070
  0.35005488896945591  0.37845868127231136  0.57235648136974371  1.00000000000000000
  0.00041205833552100  0.00079995707550511  0.00103802602917902  0.00118867578289052
  0.00132284349848361  0.00146529758721637  0.00165838582490314  0.00193593936314820
  0.00225759178534291  0.00256938284389398  0.00289280565160669  0.00323166950536042
  0.00358878373620857  0.00398488919062828  0.00441134326956100  0.00483435977903279
  0.00525049354097655  0.00579548021140269  0.00643568738463402  0.00719929248446872
  0.00792610692137732  0.00845420741483635  0.00892660521768936  0.00943890573023206
  0.01008214900415588  0.01098099442921704  0.01185904884431300  0.01246655010126002
  0.01299377180015631  0.01356271246289989  0.01420037711874668  0.01486467907919405
  0.01563482975406945  0.01637544243167930  0.01715467994277728  0.01795006489281769
  0.01889072270457874  0.02003308459127957  0.02139470841449698  0.02287722258645275
  0.02414945068551129  0.02529255272127407  0.02632777095653697  0.02734085417843224
  0.02853377507512178  0.02987493550596258  0.03150094679621522  0.03329194191421748
  0.03464670585976271  0.03589097169111336  0.03714577381053587  0.03839596951770986
  0.03986353943296663  0.04167019955989350  0.04352891278068568  0.04515528226474008
  0.04654787753645773  0.04783247733203212  0.04917799196911139  0.05064559505882962
  0.05198641374547449  0.05324394880920815  0.05465483862727392  0.05617818751567108
  0.05794495215855063  0.06047234371488405  0.06285796218778779  0.06538934425612393
  0.06759960966786573  0.06999068534814794  0.07237062348459668  0.07503083382141947
  0.07858735821857450  0.08224943068169673  0.08573428652805289  0.08819735535409132
  0.09057576854403927  0.09359697286047601  0.09704431444176925  0.10048471333854238
  0.10374524003320736  0.10675595918916858  0.10886277789449354  0.11327568123230750
  0.11820010996515130  0.12628795315082414  0.14646621891392417  0.17016933909134865
  0.18223524546809383  0.18938099532347988  0.19650318846756937  0.20329150956845915
  0.21337193289627890  0.22161021406383202  0.61659786630321678  1.00000000000000000
  0.00000262897468661  0.00000301666005018  0.00000370382791342  0.00000445832621713
  0.00000533212935068  0.00000622260288454  0.00000721980706973  0.00000840140071216
  0.00000977467191146  0.00001147235316640  0.00001321090511427  0.00001501325589536
  0.00001700239825308  0.00001933688938144  0.00002251456628023  0.00002659363679721
  0.00003114806058777  0.00003575388660087  0.00004014931465273  0.00004381104609647
  0.00004749200525487  0.00005102744869725  0.00005543027663074  0.00006129569751010
  0.00006802802763413  0.00007626105649834  0.00008525269883682  0.00009529102011776
  0.00010517307907451  0.00011471930724196  0.00012187680763913  0.00012872215555103
  0.00013549667967055  0.00014408289560185  0.00015354480275561  0.00016437659564896
  0.00017530299882432  0.00018640095187980  0.00019917741750398  0.00021247560074137
  0.00022893201837973  0.00024362730912977  0.00025771911806109  0.00027067407718641
  0.00028795085310320  0.00030763200958605  0.00032804181513490  0.00034794886732370
  0.00036531223688193  0.00038116221945772  0.00039852198795628  0.00041399959739121
  0.00043169844680772  0.00045209392572989  0.00046859775697737  0.00049077452632611
  0.00051782946835809  0.00054719424207602  0.00057716919398126  0.00060821628145219
  0.00063497068022667  0.00065917314330517  0.00068269296102399  0.00071308197718267
  0.00076172679809652  0.00083275890340021  0.00092982081181312  0.00101997599326151
  0.00111576645517186  0.00122276982895654  0.00134822624779487  0.00147619491306869
  0.00160248001605471  0.00177043864282757  0.00196059503527575  0.00216311009602853
  0.00237883096061884  0.00265204553782676  0.00298081589142323  0.00336071222092275
  0.00385575893263324  0.00446354851236949  0.00505951018848463  0.00566959613543404
  0.00636137868630865  0.00715566424214881  0.00870485576836461  0.01108818792650580
  0.01430081528242133  0.01926036654974047  0.02513040833310304  0.03030268295760303
  0.04012358673257523  0.06960959870642400  0.30567663344071422  1.00000000000000000
 -0.00079779971998143  0.00930565133007347  0.01682792921926899  0.02507613445386661
  0.03444313645816715  0.04447560144459881  0.05286445111847343  0.06051743341437928
  0.06883486278108555  0.07832425055905026  0.08824419273823357  0.09772109082203305
  0.10661608130892160  0.11515605731148269  0.12358830454850618  0.13391540865473642
  0.14631324322114031  0.15869692333444527  0.16966822911862706  0.17693447791404646
  0.18439823262166921  0.19169236185006247  0.19945468590032342  0.20797302086217406
  0.21560196948274574  0.22171490799856314  0.22716015745139120  0.23444922812522542
  0.24292591091934401  0.24913606967074498  0.25472485009574136  0.26076246469190995
  0.26722650076789256  0.27512201769994826  0.28435941094112827  0.29298019949561405
  0.29789850996534240  0.30272991340545669  0.30760510540533836  0.31114115176237223
  0.31469118527150552  0.31896230098102984  0.32481765987362377  0.33012280702706631
  0.33447554160504267  0.33866562959123753  0.34359569645466315  0.34941089742781317
  0.35687664870162372  0.36538812100959134  0.37299852371176073  0.38096354224212625
  0.38919166694785429  0.39801983533842644  0.41008580899173419  0.42484445986780345
  0.43763992938372775  0.44684782643993592  0.45471369414372098  0.46365968677746366
  0.47419165597042529  0.48591336132422480  0.49694781169632241  0.50814534914241416
  0.52082212890881785  0.53021377835225925  0.54186329880065043  0.55199328296253936
  0.55795405944483056  0.56441126380484496  0.57130829595023835  0.58086540583569291
  0.59547477162114848  0.61175274120312184  0.62692755080674734  0.63896900644204202
  0.65027492294691214  0.66287589795551471  0.67212000052050003  0.68270833495588179
  0.69437518188125369  0.70717078355051988  0.71924885088731583  0.73256604902932365
  0.75115039878942902  0.77087049128582219  0.79645166534170186  0.82433453212623975
  0.84914007721837459  0.86840873856271594  0.88622225544093947  0.90708580050712995
  0.92812321609796822  0.94808153774602388  0.97132005028088630  1.00000000000000000
 -0.00138406997086558  0.00720216226131408  0.01440189773842559  0.02197471600353725
  0.03113538203470747  0.03994547352508641  0.04784802297823707  0.05539815078335261
  0.06385975429759927  0.07475686965722705  0.08646265669302554  0.09919345438990124
  0.11392639426960012  0.12961127551838650  0.14172503525625119  0.15317916597192255
  0.16395725238390349  0.17261321787729661  0.18088246844955733  0.18917200345994770
  0.19871786165364488  0.21086256383372229  0.22320173357403147  0.23676155137963698
  0.25116050797498385  0.26477931397167553  0.27615951486354473  0.28719027441151185
  0.29830524095845612  0.30898579748759580  0.31904247702322541  0.32854119475511950
  0.33663565757010405  0.34668301746293462  0.35694210057048609  0.36856823998256433
  0.38218447150234547  0.39439182195051153  0.40355934404068550  0.41073319993402080
  0.41833822346997596  0.42599658020815151  0.43444544107255084  0.44424058464139943
  0.45500865245584121  0.46489296834384708  0.47380946254320622  0.48262873571112946
  0.49370957513095026  0.50582848372648126  0.51774150357350757  0.53111768732616316
  0.54321967855772724  0.55483291277850555  0.56540673445489431  0.57502251481906441
  0.58473925059497422  0.59913820865259171  0.60981795939245753  0.61800627574980727
  0.62719534240202390  0.63593808787065287  0.64387559723213228  0.65253801303689740
  0.66184090670631079  0.67111150059448588  0.68139071365908455  0.69060908798300535
  0.69958285223473649  0.70858921787583895  0.71767688156199250  0.73070021779510552
  0.74443001950991905  0.75902233164097488  0.77250949055254647  0.78367772792551660
  0.79451586390626028  0.80578105743285211  0.81478209706798299  0.82176245340300036
  0.83102229050286414  0.84037694668817986  0.84730149035417779  0.85349526494773609
  0.86034355497134773  0.86664726304941753  0.87394038209382963  0.88583141287241096
  0.90228156950528315  0.91487525671772052  0.92628649520451511  0.93732232886845168
  0.94949764481662602  0.96306350311124589  0.97942960690243652  1.00000000000000000
 -0.00401399992051287  0.01468195442319009  0.02634316944873203  0.03696694455812015
  0.04695527622247334  0.05635993586386322  0.06600944530672329  0.07554351687924524
  0.08684660094181287  0.09708496680374414  0.10794093370047773  0.11937491728061908
  0.13184596510905167  0.14248603905465063  0.15125902548281228  0.15926820168681421
  0.16822106890612171  0.17634347383515728  0.18480341091508634  0.19391166878293592
  0.20430861300282857  0.21500684221373892  0.22556465054047736  0.23683327554534714
  0.25131899058313845  0.26935071855946530  0.27902711819909570  0.28673235366674682
  0.29348136780371720  0.29993208317751330  0.30819926527293495  0.31768629371460821
  0.32668979536041920  0.33629473756084594  0.34684237402140300  0.35608436951717704
  0.36458355699842709  0.37329618692627609  0.38185448585513232  0.39076348362829666
  0.40048797065099984  0.41053550879849388  0.42226950160952337  0.43171702901603787
  0.43799090419402503  0.44680629882171552  0.45632063811149692  0.46837407865079628
  0.48054534576644559  0.49542039251096931  0.50802847507325721  0.52058816040146838
  0.53476604913942205  0.55015483797282594  0.56704571246030278  0.58283317548383440
  0.59417216287873009  0.60372378564950813  0.61366497909170448  0.62394344011862857
  0.63442031660284581  0.64558564529616991  0.65844160613710356  0.67059691591921733
  0.68185687438693521  0.69096926581953488  0.69877033801816368  0.70608321365353222
  0.71465548785517763  0.72433283964555029  0.73723534196273388  0.75372455741835709
  0.76947934920465266  0.78370747417885367  0.79616417945592344  0.80692451237577179
  0.81713619300364460  0.82673845465799434  0.83601807812556816  0.84596645383125535
  0.85743828679662160  0.87046314566756178  0.88215616507793682  0.89224414717582279
  0.90523352094977072  0.91778546042863884  0.93074266534085592  0.94122337534611078
  0.95044557407617836  0.95977561762441854  0.96846040474050199  0.97608106440654707
  0.98251883871490464  0.98809306946020015  0.99366037984821320  1.00000000000000000
 -0.00284341815426453  0.02992433135009874  0.04673527789155633  0.05728723214827079
  0.06539694437377766  0.07303024844725185  0.08079582278291164  0.08865043255874948
  0.09627647005108365  0.10239560024115994  0.10847845016081209  0.11407498654604703
  0.11965184641430879  0.12537442188046391  0.12950341208246888  0.13395600562441809
  0.13790131516935047  0.14173621954079990  0.14572846122117836  0.15006895051074995
  0.15472072458556302  0.15952682384486949  0.16361035109959576  0.16670166907254197
  0.16975476095921213  0.17256557190108066  0.17518319230830481  0.17795970796013039
  0.18132513315538654  0.18448169046139010  0.18732297097995296  0.19045479160843243
  0.19357821244274434  0.19688751212009933  0.20056375682569563  0.20470477743310975
  0.20886160743431972  0.21374734373989190  0.21848614262379554  0.22288883997252967
  0.22684166862867608  0.23002210134104903  0.23242549819585046  0.23527842106564106
  0.23869666144655757  0.24130187249767418  0.24321086212810866  0.24517336735540926
  0.24772584894521960  0.25026746341187528  0.25290283539699554  0.25564448539997575
  0.25880417267509331  0.26233753338879545  0.26570118998876507  0.26781551502940076
  0.27035806409829038  0.27285685147868199  0.27598332369386880  0.27907700806449837
  0.28207223222402955  0.28508784382603114  0.28822824643276845  0.29189441000606287
  0.29645782396999121  0.30197143513015201  0.30903658801914996  0.31298687010930254
  0.31511303233739274  0.31812372592730620  0.32153771553085542  0.32514621977743252
  0.32966159617890495  0.33407867155269122  0.34064365299018196  0.34658235981184915
  0.35128461973539121  0.35629416418193099  0.36049850010050150  0.36364929956329994
  0.36668042456076810  0.37055431069923966  0.37555589312193860  0.38292757097242974
  0.39714239434117449  0.41345578286440809  0.44462262221423599  0.48597514325255337
  0.51523219821559030  0.53680105624654328  0.55281665547573067  0.56900026836722750
  0.59467657092601600  0.66403763104354319  0.72445405822044850  1.00000000000000000
 -0.00365844980860352  0.01362547073574450  0.02998833915824621  0.04542503466586143
  0.05981037879517863  0.07210730388909339  0.08234992872424476  0.09174112905819529
  0.10043685555931614  0.10973729339432711  0.12153211519765117  0.13584425490629481
  0.15260035773284766  0.16895436183931589  0.18601752319822187  0.19419239480583558
  0.20295524636185172  0.21228092734769075  0.22092228808938905  0.22911454090734160
  0.23749891483691132  0.24533942956389243  0.25268585825632156  0.26172321827971723
  0.27145912231426456  0.28127012224151865  0.29142629561190470  0.30328900732040071
  0.31558585493389330  0.32550757614667480  0.33299394812272043  0.34035314631968844
  0.34802014614880000  0.35846261236300081  0.36905301818595893  0.37831757859937704
  0.38735762281913316  0.39647736857278187  0.40531545817006820  0.41399460105957470
  0.42283750481935745  0.43287776847611525  0.44445921600530319  0.45833456327996769
  0.47175078954328531  0.48653482282483773  0.50179282603405340  0.51385630455709208
  0.52415616425880363  0.53349758308806827  0.54166898454573897  0.54983103033072767
  0.55587573399023982  0.56133683902247833  0.56743783374864765  0.57379523344706407
  0.58316116060753975  0.59361687548507647  0.60429170691341805  0.61403988702529122
  0.62355700286295201  0.63220033077515037  0.64021116537056744  0.64914648748729209
  0.65719567570032511  0.66490720240126400  0.67179145931030049  0.67774962125792226
  0.68353888769214222  0.68982483977519160  0.69781632397075233  0.70646616509153326
  0.71899711111092668  0.73167334380952720  0.74352488046160159  0.75611891049458979
  0.77055788571992234  0.78273056938080987  0.79360827613238283  0.80616071438797599
  0.81719790168124429  0.82555457694547218  0.83485052585492736  0.84413292371238557
  0.85474763811610921  0.86649541427820043  0.87860114244874443  0.89077577961226140
  0.90214158630931263  0.91385809790248518  0.92659755491742446  0.93964957256776316
  0.95234187286214278  0.96658668978004825  0.98252697536869360  1.00000000000000000
  0.01539103871721649  0.53861864899339773  0.68116439158357334  0.75581614738382275
  0.80572620282933005  0.84107357609744338  0.86515619858683013  0.88209751729950070
  0.89411174800353688  0.90400232100956512  0.91367663333782168  0.92123959508058317
  0.92805387230169412  0.93363566666959230  0.93806584175975749  0.94128265960525170
  0.94413727529618052  0.94691205283982960  0.94957314446783325  0.95216626171950947
  0.95471264782872223  0.95735022614280418  0.95937625426053219  0.96071858490666551
  0.96190539564051769  0.96300565197845833  0.96404371497885788  0.96512560340001818
  0.96602541184369684  0.96681091011902054  0.96753765633274957  0.96827592855873357
  0.96904362406419264  0.97002671981834099  0.97098408706194073  0.97185660768483417
  0.97263112223361015  0.97328043697327382  0.97383347213485860  0.97445415443537509
  0.97509312375453572  0.97569924987336865  0.97626168398657553  0.97694819945269529
  0.97768411996008220  0.97842865682251234  0.97908921590510289  0.97962759808612843
  0.98014667560544577  0.98061281468453532  0.98107554254651619  0.98153685171188199
  0.98199809744873623  0.98248774262904393  0.98292792902213932  0.98335165192548091
  0.98377505470032767  0.98409738121024859  0.98446449534149849  0.98483685559180412
  0.98519735416926868  0.98555076425000410  0.98589445286948552  0.98624645585513104
  0.98660438427244845  0.98697510401869859  0.98736574649524000  0.98770276179728045
  0.98804578697215684  0.98839432306239516  0.98873123280600084  0.98910803809169834
  0.98952047572297264  0.98993849281660495  0.99038967230035235  0.99082761553526255
  0.99124679271194727  0.99164152381915605  0.99193852375183778  0.99222934938805551
  0.99251165101576200  0.99277970539749527  0.99306956093323751  0.99337609117540526
  0.99370355543010014  0.99405803996079356  0.99441675435702770  0.99481077630160164
  0.99521899822140081  0.99563849860208120  0.99608699321935168  0.99655091759613912
  0.99703968265863141  0.99769121712836473  0.99853937192622511  1.00000000000000000
   1.0154442382711693E-020  -1.0000000000000000     
 F F F F F F F F F F F F F F F F F F F F F F F F F F F F F F F F
  <DiscreteSampler_grid>
  grouped_processes
  1 # 1 for a reference and 2 for a running grid.
  10 # Attribute 'min_bin_probing_points' of the grid.
  1 # Attribute 'grid_mode' of the grid. 1=='default',2=='initialization'
  0.0000000000000000 # Attribute 'small_contrib_threshold' of the grid.
  0.5000000000000000 # Attribute 'damping_power' of the grid.
 # binID   n_entries weight   weight_sqr   abs_weight
    10   10   2.018005336340281E-013   2.332237333139929E-025   2.018005336340281E-013
  </DiscreteSampler_grid>
