 -0.00000340829187048  0.00020741031455070  0.00060169966902526  0.00114718523367008
  0.00170547324176262  0.00253246913745503  0.00344737633721724  0.00445819851314361
  0.00551603728645495  0.00660056808460771  0.00758305229941373  0.00846405280143406
  0.00927428256590318  0.01004602034758480  0.01091001596663419  0.01186337475128028
  0.01274389245092219  0.01361420215571550  0.01448691905847431  0.01529440592289899
  0.01613451242466997  0.01705557294578084  0.01801120877176080  0.01909274138505774
  0.02022719956734762  0.02136125524721637  0.02248362153444295  0.02363055854476752
  0.02475554850824663  0.02587687812945281  0.02692354349185852  0.02803745775539746
  0.02914950374909445  0.03017217189828878  0.03114854353954893  0.03207878630522346
  0.03299985692966705  0.03389539332993240  0.03482886515224978  0.03579805705168380
  0.03679110053519908  0.03780582001982737  0.03885383223278756  0.03997828808830737
  0.04119252592685290  0.04245585216374430  0.04368952075008332  0.04497510710475994
  0.04653652966236720  0.04825907442044382  0.04967582029000055  0.05063419820143003
  0.05166100218391684  0.05267503173123361  0.05370960281668645  0.05486115016539863
  0.05586027568787830  0.05725438026075931  0.05873476510394687  0.06024024353836347
  0.06196047198142330  0.06366514028957591  0.06507007135726885  0.06649993108036525
  0.06798586069864643  0.06953128749033910  0.07115320485332448  0.07248531155290933
  0.07390366061748460  0.07554165787537243  0.07722098059046316  0.07896168158288781
  0.08117058838518602  0.08359746903108183  0.08585390956032381  0.08794574546149102
  0.08999387194634784  0.09175261890372997  0.09339514022486667  0.09494508336394938
  0.09644194012711695  0.09843287475271965  0.10050625338285685  0.10323806880226886
  0.10549821188259920  0.10687328631298409  0.10843183651852170  0.11014486148116737
  0.11146432165622823  0.11277482436704951  0.11418880441930346  0.11819580913603107
  0.12253040007300839  0.12704441878893713  0.69852646962523823  1.00000000000000000
  0.00024396813286551  0.00032757997500768  0.00042773878256000  0.00054377098108000
  0.00067853259139223  0.00082938912583465  0.00096590249143270  0.00110607105842675
  0.00132888142141105  0.00161055842570892  0.00198232190618392  0.00236728579268572
  0.00267669795973201  0.00302817057895269  0.00335349413162814  0.00367861823898200
  0.00405351247801195  0.00451117906620191  0.00502217269330051  0.00559980286776671
  0.00624773249308858  0.00685741662168798  0.00743745305155668  0.00803068455573213
  0.00867651776930293  0.00938707639241803  0.01001274279903738  0.01062551987536875
  0.01118026660668436  0.01171531996305444  0.01227362984237692  0.01283405361047190
  0.01337034043893237  0.01383835060101672  0.01435441799602329  0.01494677585279016
  0.01566645607210418  0.01647272896191487  0.01721147417772070  0.01796107786612572
  0.01865741726016393  0.01925296108261883  0.01987012769852031  0.02054171193906669
  0.02145451868723747  0.02242695530750672  0.02336744972786802  0.02431479242042063
  0.02525487811179644  0.02613829286861869  0.02705034035448038  0.02796282106804216
  0.02895139331674797  0.02984947698369190  0.03054047387064688  0.03135071466434654
  0.03224423697152903  0.03320013708943688  0.03438848334655611  0.03578676363154205
  0.03735477405465892  0.03865202074650522  0.03972403684996186  0.04060123496296172
  0.04138845743364122  0.04225418816471531  0.04317284762727362  0.04422182421113456
  0.04551092821774381  0.04702915836302012  0.04867152144858131  0.05025082941780234
  0.05200264853672712  0.05458987465974089  0.05778901950242968  0.06083137169026444
  0.06363242208756290  0.06638653618978183  0.06927396013041244  0.07221786226811126
  0.07528380750976001  0.07816677800556240  0.08069745260151368  0.08400992327120793
  0.08891731202235613  0.09384609130376478  0.09891841270452670  0.10399419937109122
  0.11083782946061754  0.12865367071941397  0.15895359142568360  0.16732456346583410
  0.17517930690799216  0.18962446556573614  0.45182768027250764  1.00000000000000000
 -0.00000172857831185  0.00020020926737518  0.00022202070713967  0.00024112956914082
  0.00026480393208736  0.00028711617806385  0.00030981356577496  0.00033975064110645
  0.00038879734874007  0.00044440015920691  0.00050154799112008  0.00057825764563610
  0.00068934367267082  0.00087356877853544  0.00114345243297260  0.00167102195743106
  0.00266215850763974  0.00395384658313208  0.00533641445553382  0.00663768852575728
  0.00799917182361389  0.00952399174550382  0.01122100136854775  0.01285580288766320
  0.01428502169921272  0.01568868085408213  0.01711703731639761  0.01847271030225964
  0.01996248069009417  0.02161702439449243  0.02334354082443866  0.02493039267522863
  0.02645740156090464  0.02796880363817492  0.02944699029576995  0.03079355807220756
  0.03222844366130218  0.03361588821149047  0.03481310013005674  0.03600106504611936
  0.03713703526867623  0.03826889416987966  0.03943003254200635  0.04082372724651778
  0.04211764665450127  0.04335390449093224  0.04457149256153442  0.04594481289827294
  0.04765504992858312  0.04941783157210457  0.05102049583107143  0.05250216471403761
  0.05405791625234097  0.05583006731474882  0.05778345756174464  0.05958429422897463
  0.06121424286688735  0.06266601625821816  0.06415941705876416  0.06564357366276369
  0.06721089365269563  0.06900013269895246  0.07071989443036034  0.07243927004774690
  0.07420979133126403  0.07610924229604700  0.07818548457956979  0.08014423861324158
  0.08183805485115633  0.08302370895006979  0.08390517830489243  0.08474774854194700
  0.08564320183444223  0.08651939736213669  0.08946096148676341  0.09425842354508508
  0.09827834790205350  0.10222568408183634  0.10517051565323479  0.10811534722463323
  0.11109428561500820  0.11411714656894228  0.11714000752287639  0.12062308104779138
  0.12414786711477593  0.12977722511622267  0.13686473411247929  0.14403775361156038
  0.15111795725914545  0.15811241678228180  0.16454020740472791  0.17250108964033287
  0.18528340940631827  0.19902725594702170  0.25646961440531524  1.00000000000000000
 -0.00282000514361008  0.01077188719903221  0.02228831280189474  0.03424608087604666
  0.04734311804960387  0.06087622784311291  0.07380216228351190  0.08478170285161653
  0.09326209435417337  0.10139732131501326  0.10946385445557565  0.11730040933537066
  0.12559962665171862  0.13421521051638471  0.14331976138900798  0.15443400863788079
  0.16724954926951865  0.17851784665089271  0.18923444365436790  0.20147018596160546
  0.21414992942115599  0.22540165321107056  0.23607775556146809  0.24671448812820940
  0.25651161900321334  0.26611331934774290  0.27539754789062604  0.28378944860903615
  0.29146006399498697  0.29816560999472580  0.30451524080345904  0.30896192466006761
  0.31459353736255796  0.31934394224534668  0.32426172942322334  0.32923983455901540
  0.33420221216128682  0.34166074499615362  0.35304294233510480  0.36658798015154737
  0.37986922944972112  0.39437820414522956  0.40743177319100327  0.42028849898613030
  0.43358947349207949  0.44597651782008874  0.45881688448278835  0.47323908314202201
  0.48568916133230455  0.49781531061386580  0.51063073955879223  0.52437635032435936
  0.53843663178661394  0.55140459882221970  0.56256627650215718  0.57302208187605019
  0.58226178159026298  0.59072738062707575  0.59873735781280391  0.60839636560511501
  0.61802959271851621  0.62718024524350013  0.63609887789010700  0.64533207831221284
  0.65598223308735093  0.66710749977338490  0.67784537267059963  0.69047130775860777
  0.70505015158870343  0.71565788163088873  0.72559766107132084  0.73492671940547472
  0.74465598263131616  0.75343744078066721  0.76242376359818309  0.77166306736909673
  0.78352922912344725  0.79628147868853061  0.80998055020342907  0.82298774178828960
  0.83423158651823659  0.84407352733798702  0.85309830818199250  0.86185825776366287
  0.87109480810462447  0.88103072466860444  0.89253665317672704  0.90578003381867944
  0.91985324000476887  0.93328100608876319  0.94480962769575594  0.95491224181116097
  0.96557772105317541  0.97684747277096839  0.98770055795296963  1.00000000000000000
  0.00428400669856621  0.01990104995212173  0.02877049092151957  0.03491537132889857
  0.04040633067435231  0.04410595102238532  0.04749956894461370  0.05085808741351973
  0.05414658141301567  0.05766227866661330  0.06189608070545500  0.06610017050570907
  0.07014386755128341  0.07420769071309553  0.07824015574338773  0.08183141497809644
  0.08481248208904793  0.08739717952141587  0.09001486496643393  0.09284424898273970
  0.09560658826311433  0.09833642189525096  0.10125945521981748  0.10431376768665417
  0.10725766654866035  0.11002981614143457  0.11282639330191402  0.11545847364676830
  0.11814074319326587  0.12069049988466428  0.12298769538230148  0.12519172366448805
  0.12742501027435271  0.13005706451046789  0.13288284938494557  0.13547470845480697
  0.13767038316981192  0.13969994625510898  0.14189269291518380  0.14403862392280498
  0.14679988415055148  0.14949476292476119  0.15217507643419587  0.15473678883081843
  0.15711820513090072  0.15984822104497495  0.16285401168461192  0.16582879065131834
  0.16898436692001539  0.17254318204122768  0.17649700664430495  0.18183091357417167
  0.18584294424205025  0.18828451996619794  0.19056012341048648  0.19269972589430864
  0.19472851052328100  0.19661941118400350  0.19850218368524661  0.20089598262745800
  0.20386868694139651  0.20727716381903144  0.21250872736317405  0.21792606214676719
  0.22197445773933017  0.22576055977295734  0.22962900125372707  0.23460303066049470
  0.24167646646141364  0.24988299656622578  0.25677848673253811  0.26181746006935830
  0.26590978138001092  0.26979611757644217  0.27459174339581727  0.27799486526819661
  0.28030543365736754  0.28261600204653853  0.28500162584077121  0.28755432105784429
  0.29010701627491742  0.29255089042174581  0.29471209156214800  0.29687329270255020
  0.30047071060247627  0.30743530072737862  0.31450243397159877  0.32364850976345888
  0.33481183355043104  0.34815312063773374  0.36021196358671870  0.37443823583802216
  0.39519448560405696  0.43006687696092505  0.59329982798862857  1.00000000000000000
 -0.00384482059777965  0.01159895232178518  0.02516333248221514  0.03835579694345493
  0.05170637200178753  0.06514860021019359  0.08144931366010930  0.09593577330806619
  0.10700671092758016  0.11556649955574273  0.12485175633322482  0.13447468000995999
  0.14406559378485417  0.15376383895874440  0.16372108818213077  0.17480860045370086
  0.18616757559101685  0.19782427710819175  0.20945287175966171  0.22068836727122279
  0.23121903937869279  0.24083344982477123  0.25020586223280528  0.25999519973447910
  0.27154226872992521  0.28334158259827463  0.29374744476601833  0.30210709766101590
  0.30826516774175478  0.31476650521574201  0.32152125887688471  0.32862711158267394
  0.33825220098844250  0.34867274175382662  0.35910254239073969  0.36960351366698946
  0.38012403741398171  0.39118263281974552  0.40262863830973483  0.41376092284233257
  0.42327676190246755  0.43168228496609623  0.44091268074054502  0.44989254127280498
  0.46172307591150291  0.47492550411587814  0.48915287421340936  0.50339321345427424
  0.51659773346193216  0.52812628260395855  0.53865368891464704  0.54904582261738244
  0.56077246695341509  0.57232012855462955  0.58307171172078320  0.59349489174605152
  0.60487579030516547  0.61880495354758036  0.63338728424425195  0.64448385676603770
  0.65296593729451013  0.66235174370583016  0.67232753457113981  0.68284357570802012
  0.69856610703702204  0.71293437970938400  0.72565525807618758  0.73805561581426493
  0.74925656570393540  0.75806357942239500  0.76666182960532636  0.77460999527435448
  0.78299950474060875  0.79099393792521777  0.79895987481410080  0.80712846020879203
  0.81601217235503243  0.82487124661801525  0.83423522788790383  0.84503207129166169
  0.85640978961255121  0.86731202730914092  0.87697889276747343  0.88664837931171503
  0.89560403416816137  0.90631648460787484  0.91774635146863959  0.92887964784855803
  0.93393795369472632  0.94093155193745837  0.94987273292607111  0.95840065739598290
  0.96671749114960770  0.97568167726757438  0.98695217916003930  1.00000000000000000
  0.00171018873093295  0.00416628077307272  0.00696081166799610  0.00915062573237581
  0.01110033808603123  0.01295268013418010  0.01478818028958086  0.01637612677891432
  0.01796581554687584  0.01940479317378309  0.02061105847135493  0.02162592879239113
  0.02253854724081819  0.02346791942891572  0.02441364042507538  0.02547038812221801
  0.02666975031253839  0.02811873684621438  0.02988350840457366  0.03159106451968509
  0.03309011438996121  0.03456203394434215  0.03603629637339646  0.03756961876392450
  0.03922436991060617  0.04098332448918233  0.04243257193622376  0.04332642472445791
  0.04426279328103380  0.04519098320497428  0.04613762178982173  0.04737374148003941
  0.04884938148602033  0.05018368928271460  0.05149412886834196  0.05283112592535447
  0.05416895183182641  0.05546883633716445  0.05678256122404204  0.05815456540192475
  0.05956330381330540  0.06103507965973364  0.06263500712745676  0.06437065631639470
  0.06571018845473597  0.06681190449005674  0.06780926023534201  0.06887900629692219
  0.07016294898529567  0.07201205421418554  0.07413137468941253  0.07536840417600960
  0.07641588223125370  0.07736269314226450  0.07829566451754962  0.07939577026872975
  0.08134405052905115  0.08312853515381577  0.08494865723890765  0.08676785366178565
  0.08876000641968421  0.09057544903198089  0.09224044021975412  0.09341434467530613
  0.09452533731613175  0.09548788761252443  0.09645599907302679  0.09809552160231007
  0.10081604674299174  0.10390111010353278  0.10710728460268057  0.11050929464030146
  0.11334740498959758  0.11634251510731315  0.11929012009481574  0.12225384683004017
  0.12592428584705001  0.13050422280830040  0.13460130000190887  0.13876218295700476
  0.14213567299020738  0.14537116965906469  0.14876093997227061  0.15345927156599909
  0.16005764042760853  0.16637106119541795  0.17027671001978972  0.17420733760147408
  0.17812851831170681  0.18312368117912617  0.18839791082874677  0.19577914717806294
  0.20439505091194071  0.21580036986137557  0.52408405167530858  1.00000000000000000
 -0.00199327823537030  0.00658926550747921  0.01517635675488536  0.02417310920035907
  0.03382484576285763  0.04428089128995999  0.05516676676716731  0.06526658837777476
  0.07542006689038849  0.08562998908336876  0.09614199809409080  0.10700883465110964
  0.11888715376285003  0.13070767839668324  0.14262070396302592  0.15522533798423233
  0.16807069377308054  0.18228427543217662  0.19739320070355743  0.20977693632035654
  0.22032624009329430  0.23021717099670899  0.24063912309777874  0.25215730132257896
  0.26344452914624711  0.27210308378900810  0.27945508648773315  0.28687682182034541
  0.29557755186336160  0.30774013948794121  0.31913606573184988  0.32946728235870149
  0.33959576809463676  0.35106260530949918  0.36415835620330750  0.38087304082616830
  0.39908210122627974  0.41674560204981770  0.43491395639153679  0.45077675634826958
  0.46552976617230296  0.48022099063638107  0.49653673701264467  0.51503002586975177
  0.53098020766760090  0.54415391198711549  0.55597190520583784  0.56812257123509702
  0.58246637713021376  0.60399516206787840  0.62274843885774334  0.63931075978600260
  0.65235386947951868  0.66589750986781393  0.67722072265331867  0.68818347436903626
  0.69948994477479498  0.71034341771917653  0.72021572156932068  0.72797702248765994
  0.73363389143370794  0.73856388482867008  0.74483950196491544  0.75198476553071791
  0.75978944173870933  0.76834893394005288  0.77821124317864498  0.79021300470333189
  0.80353167619156018  0.81356244248311871  0.81930942584154243  0.82607280565167440
  0.83349986904389084  0.84006505980893953  0.84658581462041949  0.85264400483475211
  0.85841996691556210  0.86405390829809747  0.87018488818661566  0.87406481213510712
  0.87685246597530431  0.88006080854483382  0.88352410474856236  0.88701116267683056
  0.89260693769943467  0.90217737195665848  0.91371481335094029  0.92413590026409942
  0.93444641332271561  0.94499271944225183  0.95542972355939970  0.96490841919000780
  0.97323870708768068  0.98209702996314618  0.99107703361033128  1.00000000000000000
 -0.03029583155228920  0.50566798034452898  0.61800273365627312  0.68547143960307777
  0.72678682475442602  0.75902755466447192  0.78381946626161947  0.80127271138457035
  0.81629826959568919  0.83061472749355136  0.84388073911971806  0.85460289115989518
  0.86238537280078598  0.87023456113971109  0.87798633222458622  0.88552293758657263
  0.89199208509513228  0.89758980319896564  0.90218340764886873  0.90590549457868574
  0.90926097218730229  0.91222589489528449  0.91519169696768288  0.91816645531808572
  0.92098575906078017  0.92403596470118821  0.92690201316742926  0.92962494749466951
  0.93230229661874331  0.93482954086233361  0.93715699088202553  0.93907624292934833
  0.94044720425335648  0.94181472675587463  0.94310695139522249  0.94444332676275666
  0.94579096615293223  0.94710834769300778  0.94835822515564316  0.94951979477610027
  0.95062402213272623  0.95180024264974161  0.95297364190227318  0.95431756254580347
  0.95554298661554538  0.95679930296873494  0.95789488315328430  0.95892375248827155
  0.95983806172704200  0.96074064451193331  0.96168302200862377  0.96263964270814184
  0.96365938382942584  0.96469870740069608  0.96572458430202346  0.96670082929816925
  0.96759426781659486  0.96838202389053951  0.96915958368860422  0.96995692962428648
  0.97080127497966917  0.97171478070152506  0.97266793970314636  0.97352693159981185
  0.97435684401251599  0.97516469894210334  0.97595177467043759  0.97673678000143682
  0.97753465677175855  0.97820983130999495  0.97866044248239958  0.97912237696640247
  0.97958666211460477  0.97999982523709217  0.98042701387158138  0.98085497245701803
  0.98125260187737062  0.98163120150948657  0.98199983508020938  0.98238019449412706
  0.98280798163390715  0.98338129870214230  0.98399906639751489  0.98469492259608382
  0.98546633825881802  0.98626836188308586  0.98712585239763539  0.98782311974893511
  0.98852666894562446  0.98926926557600348  0.99004909057865120  0.99085695617799396
  0.99218265988444065  0.99364303384135499  0.99573803313483999  1.00000000000000000
   7.1428492336707885E-018  -1.0000000000000000     
 F F F F F F F F F F F F F F F F F F F F F F F F F F F F F F F F
  <DiscreteSampler_grid>
  grouped_processes
  1 # 1 for a reference and 2 for a running grid.
  10 # Attribute 'min_bin_probing_points' of the grid.
  1 # Attribute 'grid_mode' of the grid. 1=='default',2=='initialization'
  0.0000000000000000 # Attribute 'small_contrib_threshold' of the grid.
  0.5000000000000000 # Attribute 'damping_power' of the grid.
 # binID   n_entries weight   weight_sqr   abs_weight
    10   10   2.143200406426519E-013   3.574755372258742E-025   2.143200406426519E-013
  </DiscreteSampler_grid>
